
X-Axis: Area (km^2)
Y-Axis: Cumulative Fraction
Number of Data Sets: 1


DATASET #1

     Name: As Discretized
   Points: 600
     Info: 

Data[x,y]:
1.0	  0.0
3.0	  0.0
5.0	  0.0
7.0	  0.0
9.0	  0.0
11.0	  0.0
13.0	  0.0
15.0	  0.0
17.0	  0.0
19.0	  0.0
21.0	  0.0
23.0	  0.0
25.0	  0.0
27.0	  0.0
29.0	  0.0
31.0	  0.0
33.0	  0.0
35.0	  0.0
37.0	  0.0
39.0	  0.0
41.0	  0.0
43.0	  0.0
45.0	  0.0
47.0	  0.0
49.0	  0.0
51.0	  0.0
53.0	  0.0
55.0	  0.0
57.0	  0.0
59.0	  0.0
61.0	  0.0
63.0	  0.0
65.0	  0.0
67.0	  0.0
69.0	  0.032467533
71.0	  0.032467533
73.0	  0.032467533
75.0	  0.071428575
77.0	  0.071428575
79.0	  0.071428575
81.0	  0.116883114
83.0	  0.116883114
85.0	  0.116883114
87.0	  0.116883114
89.0	  0.116883114
91.0	  0.116883114
93.0	  0.116883114
95.0	  0.116883114
97.0	  0.116883114
99.0	  0.13636364
101.0	  0.13636364
103.0	  0.13636364
105.0	  0.13636364
107.0	  0.13636364
109.0	  0.13636364
111.0	  0.13636364
113.0	  0.16883117
115.0	  0.16883117
117.0	  0.16883117
119.0	  0.16883117
121.0	  0.16883117
123.0	  0.16883117
125.0	  0.16883117
127.0	  0.16883117
129.0	  0.20779221
131.0	  0.20779221
133.0	  0.20779221
135.0	  0.20779221
137.0	  0.23376623
139.0	  0.3051948
141.0	  0.32467532
143.0	  0.32467532
145.0	  0.32467532
147.0	  0.32467532
149.0	  0.35714287
151.0	  0.35714287
153.0	  0.35714287
155.0	  0.35714287
157.0	  0.35714287
159.0	  0.35714287
161.0	  0.3961039
163.0	  0.3961039
165.0	  0.3961039
167.0	  0.3961039
169.0	  0.3961039
171.0	  0.3961039
173.0	  0.3961039
175.0	  0.3961039
177.0	  0.3961039
179.0	  0.3961039
181.0	  0.3961039
183.0	  0.3961039
185.0	  0.3961039
187.0	  0.3961039
189.0	  0.3961039
191.0	  0.3961039
193.0	  0.3961039
195.0	  0.3961039
197.0	  0.3961039
199.0	  0.4090909
201.0	  0.4090909
203.0	  0.4090909
205.0	  0.4090909
207.0	  0.42857143
209.0	  0.42857143
211.0	  0.42857143
213.0	  0.42857143
215.0	  0.42857143
217.0	  0.42857143
219.0	  0.42857143
221.0	  0.42857143
223.0	  0.42857143
225.0	  0.48051947
227.0	  0.48051947
229.0	  0.48051947
231.0	  0.48051947
233.0	  0.48051947
235.0	  0.48051947
237.0	  0.48051947
239.0	  0.48051947
241.0	  0.512987
243.0	  0.512987
245.0	  0.512987
247.0	  0.512987
249.0	  0.512987
251.0	  0.512987
253.0	  0.512987
255.0	  0.512987
257.0	  0.512987
259.0	  0.54545456
261.0	  0.54545456
263.0	  0.54545456
265.0	  0.54545456
267.0	  0.54545456
269.0	  0.54545456
271.0	  0.54545456
273.0	  0.54545456
275.0	  0.5584416
277.0	  0.6168831
279.0	  0.6168831
281.0	  0.6168831
283.0	  0.6298701
285.0	  0.6298701
287.0	  0.6298701
289.0	  0.6298701
291.0	  0.6298701
293.0	  0.6298701
295.0	  0.6298701
297.0	  0.6363636
299.0	  0.65584415
301.0	  0.65584415
303.0	  0.65584415
305.0	  0.65584415
307.0	  0.65584415
309.0	  0.65584415
311.0	  0.65584415
313.0	  0.65584415
315.0	  0.65584415
317.0	  0.65584415
319.0	  0.65584415
321.0	  0.6818182
323.0	  0.6818182
325.0	  0.6818182
327.0	  0.6818182
329.0	  0.6818182
331.0	  0.6818182
333.0	  0.6818182
335.0	  0.6818182
337.0	  0.6818182
339.0	  0.7012987
341.0	  0.7012987
343.0	  0.7012987
345.0	  0.7077922
347.0	  0.7077922
349.0	  0.7077922
351.0	  0.7077922
353.0	  0.7077922
355.0	  0.7077922
357.0	  0.7077922
359.0	  0.7077922
361.0	  0.7077922
363.0	  0.7077922
365.0	  0.7077922
367.0	  0.7077922
369.0	  0.7077922
371.0	  0.7077922
373.0	  0.7077922
375.0	  0.72077924
377.0	  0.72077924
379.0	  0.72077924
381.0	  0.72077924
383.0	  0.72077924
385.0	  0.72077924
387.0	  0.7467533
389.0	  0.7467533
391.0	  0.7467533
393.0	  0.7467533
395.0	  0.7467533
397.0	  0.7467533
399.0	  0.7467533
401.0	  0.76623374
403.0	  0.76623374
405.0	  0.76623374
407.0	  0.76623374
409.0	  0.76623374
411.0	  0.76623374
413.0	  0.76623374
415.0	  0.8116883
417.0	  0.8116883
419.0	  0.8116883
421.0	  0.8116883
423.0	  0.8181818
425.0	  0.8181818
427.0	  0.8181818
429.0	  0.8181818
431.0	  0.8181818
433.0	  0.8181818
435.0	  0.8181818
437.0	  0.8181818
439.0	  0.8181818
441.0	  0.8181818
443.0	  0.8181818
445.0	  0.8181818
447.0	  0.8181818
449.0	  0.8246753
451.0	  0.83766234
453.0	  0.83766234
455.0	  0.83766234
457.0	  0.83766234
459.0	  0.83766234
461.0	  0.83766234
463.0	  0.83766234
465.0	  0.83766234
467.0	  0.83766234
469.0	  0.83766234
471.0	  0.83766234
473.0	  0.83766234
475.0	  0.83766234
477.0	  0.83766234
479.0	  0.83766234
481.0	  0.85064936
483.0	  0.85064936
485.0	  0.85064936
487.0	  0.85064936
489.0	  0.85064936
491.0	  0.85064936
493.0	  0.85064936
495.0	  0.85064936
497.0	  0.85064936
499.0	  0.85064936
501.0	  0.85064936
503.0	  0.85064936
505.0	  0.85064936
507.0	  0.85064936
509.0	  0.85064936
511.0	  0.85064936
513.0	  0.85064936
515.0	  0.85064936
517.0	  0.8701299
519.0	  0.8701299
521.0	  0.8701299
523.0	  0.8701299
525.0	  0.8701299
527.0	  0.8701299
529.0	  0.8701299
531.0	  0.8701299
533.0	  0.8701299
535.0	  0.8701299
537.0	  0.8701299
539.0	  0.8701299
541.0	  0.8701299
543.0	  0.8701299
545.0	  0.8701299
547.0	  0.8701299
549.0	  0.8701299
551.0	  0.8701299
553.0	  0.9025974
555.0	  0.9025974
557.0	  0.9025974
559.0	  0.9025974
561.0	  0.90909094
563.0	  0.90909094
565.0	  0.91558444
567.0	  0.91558444
569.0	  0.91558444
571.0	  0.91558444
573.0	  0.91558444
575.0	  0.91558444
577.0	  0.91558444
579.0	  0.91558444
581.0	  0.91558444
583.0	  0.91558444
585.0	  0.91558444
587.0	  0.91558444
589.0	  0.91558444
591.0	  0.91558444
593.0	  0.91558444
595.0	  0.91558444
597.0	  0.91558444
599.0	  0.91558444
601.0	  0.91558444
603.0	  0.91558444
605.0	  0.91558444
607.0	  0.91558444
609.0	  0.91558444
611.0	  0.91558444
613.0	  0.91558444
615.0	  0.91558444
617.0	  0.91558444
619.0	  0.91558444
621.0	  0.91558444
623.0	  0.91558444
625.0	  0.91558444
627.0	  0.91558444
629.0	  0.91558444
631.0	  0.91558444
633.0	  0.91558444
635.0	  0.91558444
637.0	  0.91558444
639.0	  0.91558444
641.0	  0.91558444
643.0	  0.91558444
645.0	  0.91558444
647.0	  0.9285714
649.0	  0.9285714
651.0	  0.9285714
653.0	  0.9285714
655.0	  0.9285714
657.0	  0.9285714
659.0	  0.9285714
661.0	  0.9285714
663.0	  0.9285714
665.0	  0.9285714
667.0	  0.9285714
669.0	  0.9285714
671.0	  0.9285714
673.0	  0.9285714
675.0	  0.9285714
677.0	  0.9285714
679.0	  0.9285714
681.0	  0.9285714
683.0	  0.9285714
685.0	  0.9285714
687.0	  0.9285714
689.0	  0.9285714
691.0	  0.95454544
693.0	  0.95454544
695.0	  0.95454544
697.0	  0.95454544
699.0	  0.95454544
701.0	  0.95454544
703.0	  0.95454544
705.0	  0.95454544
707.0	  0.95454544
709.0	  0.95454544
711.0	  0.95454544
713.0	  0.95454544
715.0	  0.95454544
717.0	  0.95454544
719.0	  0.95454544
721.0	  0.95454544
723.0	  0.95454544
725.0	  0.95454544
727.0	  0.95454544
729.0	  0.95454544
731.0	  0.95454544
733.0	  0.95454544
735.0	  0.95454544
737.0	  0.95454544
739.0	  0.95454544
741.0	  0.95454544
743.0	  0.95454544
745.0	  0.95454544
747.0	  0.95454544
749.0	  0.95454544
751.0	  0.95454544
753.0	  0.95454544
755.0	  0.95454544
757.0	  0.95454544
759.0	  0.95454544
761.0	  0.95454544
763.0	  0.95454544
765.0	  0.95454544
767.0	  0.95454544
769.0	  0.95454544
771.0	  0.95454544
773.0	  0.95454544
775.0	  0.96103895
777.0	  0.96103895
779.0	  0.96103895
781.0	  0.96103895
783.0	  0.96103895
785.0	  0.96103895
787.0	  0.96103895
789.0	  0.96103895
791.0	  0.96103895
793.0	  0.96103895
795.0	  0.96103895
797.0	  0.96103895
799.0	  0.96103895
801.0	  0.96103895
803.0	  0.96103895
805.0	  0.96103895
807.0	  0.96103895
809.0	  0.96103895
811.0	  0.96103895
813.0	  0.96103895
815.0	  0.96103895
817.0	  0.96103895
819.0	  0.96103895
821.0	  0.96103895
823.0	  0.96103895
825.0	  0.96103895
827.0	  0.96103895
829.0	  0.9805195
831.0	  0.9805195
833.0	  0.9805195
835.0	  0.9805195
837.0	  0.9805195
839.0	  0.9805195
841.0	  0.9805195
843.0	  0.9805195
845.0	  0.9805195
847.0	  0.9805195
849.0	  0.9805195
851.0	  0.9805195
853.0	  0.9805195
855.0	  0.9805195
857.0	  0.9805195
859.0	  0.9805195
861.0	  0.9805195
863.0	  0.9805195
865.0	  0.9805195
867.0	  0.9805195
869.0	  0.9805195
871.0	  0.9805195
873.0	  0.9805195
875.0	  0.9805195
877.0	  0.9805195
879.0	  0.9805195
881.0	  0.9805195
883.0	  0.9805195
885.0	  0.9805195
887.0	  0.9805195
889.0	  0.9805195
891.0	  0.9805195
893.0	  0.9805195
895.0	  0.9805195
897.0	  0.9805195
899.0	  0.9805195
901.0	  0.9805195
903.0	  0.9805195
905.0	  0.9805195
907.0	  0.9805195
909.0	  0.9805195
911.0	  0.9805195
913.0	  0.9805195
915.0	  0.9805195
917.0	  0.9805195
919.0	  0.9805195
921.0	  0.9805195
923.0	  0.9805195
925.0	  0.9805195
927.0	  0.9805195
929.0	  0.9805195
931.0	  0.9805195
933.0	  0.9805195
935.0	  0.9805195
937.0	  0.9805195
939.0	  0.9805195
941.0	  0.9805195
943.0	  0.9805195
945.0	  0.9805195
947.0	  0.9805195
949.0	  0.9805195
951.0	  0.9805195
953.0	  0.9805195
955.0	  0.9805195
957.0	  0.9805195
959.0	  0.9805195
961.0	  0.9805195
963.0	  0.9805195
965.0	  0.9805195
967.0	  0.9935065
969.0	  0.9935065
971.0	  0.9935065
973.0	  0.9935065
975.0	  0.9935065
977.0	  0.9935065
979.0	  0.9935065
981.0	  0.9935065
983.0	  0.9935065
985.0	  0.9935065
987.0	  0.9935065
989.0	  0.9935065
991.0	  0.9935065
993.0	  0.9935065
995.0	  0.9935065
997.0	  0.9935065
999.0	  0.9935065
1001.0	  0.9935065
1003.0	  0.9935065
1005.0	  0.9935065
1007.0	  0.9935065
1009.0	  0.9935065
1011.0	  0.9935065
1013.0	  0.9935065
1015.0	  0.9935065
1017.0	  0.9935065
1019.0	  0.9935065
1021.0	  0.9935065
1023.0	  0.9935065
1025.0	  0.9935065
1027.0	  0.9935065
1029.0	  0.9935065
1031.0	  0.9935065
1033.0	  0.9935065
1035.0	  0.9935065
1037.0	  0.9935065
1039.0	  0.9935065
1041.0	  0.9935065
1043.0	  0.9935065
1045.0	  0.9935065
1047.0	  0.9935065
1049.0	  0.9935065
1051.0	  0.9935065
1053.0	  0.9935065
1055.0	  0.9935065
1057.0	  0.9935065
1059.0	  0.9935065
1061.0	  0.9935065
1063.0	  0.9935065
1065.0	  0.9935065
1067.0	  0.9935065
1069.0	  0.9935065
1071.0	  0.9935065
1073.0	  0.9935065
1075.0	  0.9935065
1077.0	  0.9935065
1079.0	  0.9935065
1081.0	  0.9935065
1083.0	  0.9935065
1085.0	  0.9935065
1087.0	  0.9935065
1089.0	  0.9935065
1091.0	  0.9935065
1093.0	  0.9935065
1095.0	  0.9935065
1097.0	  0.9935065
1099.0	  0.9935065
1101.0	  0.9935065
1103.0	  0.9935065
1105.0	  1.0
1107.0	  1.0
1109.0	  1.0
1111.0	  1.0
1113.0	  1.0
1115.0	  1.0
1117.0	  1.0
1119.0	  1.0
1121.0	  1.0
1123.0	  1.0
1125.0	  1.0
1127.0	  1.0
1129.0	  1.0
1131.0	  1.0
1133.0	  1.0
1135.0	  1.0
1137.0	  1.0
1139.0	  1.0
1141.0	  1.0
1143.0	  1.0
1145.0	  1.0
1147.0	  1.0
1149.0	  1.0
1151.0	  1.0
1153.0	  1.0
1155.0	  1.0
1157.0	  1.0
1159.0	  1.0
1161.0	  1.0
1163.0	  1.0
1165.0	  1.0
1167.0	  1.0
1169.0	  1.0
1171.0	  1.0
1173.0	  1.0
1175.0	  1.0
1177.0	  1.0
1179.0	  1.0
1181.0	  1.0
1183.0	  1.0
1185.0	  1.0
1187.0	  1.0
1189.0	  1.0
1191.0	  1.0
1193.0	  1.0
1195.0	  1.0
1197.0	  1.0
1199.0	  1.0


