
X-Axis: Length (km)
Y-Axis: Cumulative Fraction
Number of Data Sets: 1


DATASET #1

     Name: As Discretized
   Points: 550
     Info: 

Data[x,y]:
0.1	  0.0
0.3	  0.0
0.5	  0.0
0.7	  0.0
0.9	  0.0
1.1	  0.0
1.3	  0.0
1.5	  0.0
1.7	  0.0
1.9	  0.0
2.1	  0.0
2.3	  0.0
2.5	  0.0
2.7	  0.0
2.9	  0.0
3.1	  0.0
3.3	  0.0
3.5	  0.0
3.7	  0.0
3.9	  0.0
4.1	  0.0
4.3	  0.0
4.5	  0.0
4.7	  0.0
4.9	  0.0
5.1	  0.0
5.3	  0.032467533
5.5	  0.032467533
5.7	  0.071428575
5.9	  0.071428575
6.1	  0.13636364
6.3	  0.13636364
6.5	  0.13636364
6.7	  0.13636364
6.9	  0.13636364
7.1	  0.16883117
7.3	  0.16883117
7.5	  0.16883117
7.7	  0.22727273
7.9	  0.22727273
8.1	  0.22727273
8.3	  0.2987013
8.5	  0.2987013
8.7	  0.2987013
8.9	  0.2987013
9.1	  0.2987013
9.3	  0.2987013
9.5	  0.2987013
9.7	  0.2987013
9.9	  0.2987013
10.1	  0.2987013
10.3	  0.2987013
10.5	  0.32467532
10.7	  0.32467532
10.9	  0.32467532
11.1	  0.32467532
11.3	  0.32467532
11.5	  0.35714287
11.7	  0.35714287
11.9	  0.35714287
12.1	  0.35714287
12.3	  0.4090909
12.5	  0.4090909
12.7	  0.4090909
12.9	  0.4090909
13.1	  0.4090909
13.3	  0.4090909
13.5	  0.4090909
13.7	  0.4090909
13.9	  0.4090909
14.1	  0.43506494
14.3	  0.43506494
14.5	  0.43506494
14.7	  0.43506494
14.9	  0.43506494
15.1	  0.43506494
15.3	  0.48051947
15.5	  0.48051947
15.7	  0.5
15.9	  0.5
16.1	  0.5
16.3	  0.5
16.5	  0.5584416
16.7	  0.5584416
16.9	  0.5584416
17.1	  0.58441556
17.3	  0.58441556
17.5	  0.58441556
17.7	  0.58441556
17.9	  0.58441556
18.1	  0.58441556
18.3	  0.6168831
18.5	  0.6233766
18.7	  0.6233766
18.9	  0.6233766
19.1	  0.6233766
19.3	  0.6233766
19.5	  0.6233766
19.7	  0.6233766
19.9	  0.6233766
20.1	  0.6233766
20.3	  0.6233766
20.5	  0.6233766
20.7	  0.6233766
20.9	  0.6233766
21.1	  0.65584415
21.3	  0.65584415
21.5	  0.65584415
21.7	  0.65584415
21.9	  0.65584415
22.1	  0.65584415
22.3	  0.65584415
22.5	  0.65584415
22.7	  0.65584415
22.9	  0.6753247
23.1	  0.7077922
23.3	  0.7077922
23.5	  0.7077922
23.7	  0.7077922
23.9	  0.7077922
24.1	  0.7077922
24.3	  0.7077922
24.5	  0.73376626
24.7	  0.77922076
24.9	  0.77922076
25.1	  0.77922076
25.3	  0.77922076
25.5	  0.77922076
25.7	  0.77922076
25.9	  0.77922076
26.1	  0.77922076
26.3	  0.78571427
26.5	  0.78571427
26.7	  0.78571427
26.9	  0.78571427
27.1	  0.78571427
27.3	  0.78571427
27.5	  0.78571427
27.7	  0.78571427
27.9	  0.78571427
28.1	  0.7987013
28.3	  0.7987013
28.5	  0.8116883
28.7	  0.8116883
28.9	  0.8116883
29.1	  0.8116883
29.3	  0.8116883
29.5	  0.8116883
29.7	  0.8116883
29.9	  0.8116883
30.1	  0.8116883
30.3	  0.8116883
30.5	  0.8116883
30.7	  0.85064936
30.9	  0.85064936
31.1	  0.85064936
31.3	  0.85064936
31.5	  0.85064936
31.7	  0.85064936
31.9	  0.85064936
32.1	  0.85064936
32.3	  0.85064936
32.5	  0.85064936
32.7	  0.85064936
32.9	  0.8831169
33.1	  0.8831169
33.3	  0.8831169
33.5	  0.8831169
33.7	  0.8831169
33.9	  0.8831169
34.1	  0.8831169
34.3	  0.8896104
34.5	  0.8896104
34.7	  0.8896104
34.9	  0.8896104
35.1	  0.8961039
35.3	  0.8961039
35.5	  0.8961039
35.7	  0.8961039
35.9	  0.8961039
36.1	  0.8961039
36.3	  0.8961039
36.5	  0.8961039
36.7	  0.90909094
36.9	  0.90909094
37.1	  0.90909094
37.3	  0.90909094
37.5	  0.90909094
37.7	  0.90909094
37.9	  0.90909094
38.1	  0.90909094
38.3	  0.90909094
38.5	  0.9220779
38.7	  0.9220779
38.9	  0.9220779
39.1	  0.9220779
39.3	  0.9220779
39.5	  0.9220779
39.7	  0.9220779
39.9	  0.9220779
40.1	  0.9220779
40.3	  0.9220779
40.5	  0.9220779
40.7	  0.9220779
40.9	  0.9220779
41.1	  0.9480519
41.3	  0.9480519
41.5	  0.9480519
41.7	  0.9480519
41.9	  0.9480519
42.1	  0.9480519
42.3	  0.9480519
42.5	  0.9480519
42.7	  0.9480519
42.9	  0.95454544
43.1	  0.95454544
43.3	  0.95454544
43.5	  0.95454544
43.7	  0.95454544
43.9	  0.95454544
44.1	  0.95454544
44.3	  0.95454544
44.5	  0.95454544
44.7	  0.95454544
44.9	  0.95454544
45.1	  0.95454544
45.3	  0.95454544
45.5	  0.95454544
45.7	  0.95454544
45.9	  0.95454544
46.1	  0.96103895
46.3	  0.96103895
46.5	  0.96103895
46.7	  0.96103895
46.9	  0.96103895
47.1	  0.96103895
47.3	  0.96103895
47.5	  0.96103895
47.7	  0.96103895
47.9	  0.96103895
48.1	  0.96103895
48.3	  0.96103895
48.5	  0.96103895
48.7	  0.96103895
48.9	  0.96103895
49.1	  0.96103895
49.3	  0.9805195
49.5	  0.9805195
49.7	  0.9805195
49.9	  0.9805195
50.1	  0.9805195
50.3	  0.9805195
50.5	  0.9805195
50.7	  0.9805195
50.9	  0.9805195
51.1	  0.9805195
51.3	  0.9805195
51.5	  0.9805195
51.7	  0.9805195
51.9	  0.9805195
52.1	  0.9805195
52.3	  0.9805195
52.5	  0.9805195
52.7	  0.9805195
52.9	  0.9805195
53.1	  0.9805195
53.3	  0.9805195
53.5	  0.9805195
53.7	  0.9805195
53.9	  0.9805195
54.1	  0.9805195
54.3	  0.9805195
54.5	  0.9805195
54.7	  0.9805195
54.9	  0.9805195
55.1	  0.9805195
55.3	  0.9805195
55.5	  0.9805195
55.7	  0.9805195
55.9	  0.9805195
56.1	  0.9805195
56.3	  0.9805195
56.5	  0.9805195
56.7	  0.9805195
56.9	  0.9805195
57.1	  0.9805195
57.3	  0.9805195
57.5	  0.9935065
57.7	  0.9935065
57.9	  0.9935065
58.1	  0.9935065
58.3	  0.9935065
58.5	  0.9935065
58.7	  0.9935065
58.9	  0.9935065
59.1	  0.9935065
59.3	  0.9935065
59.5	  0.9935065
59.7	  0.9935065
59.9	  0.9935065
60.1	  0.9935065
60.3	  0.9935065
60.5	  0.9935065
60.7	  0.9935065
60.9	  0.9935065
61.1	  0.9935065
61.3	  0.9935065
61.5	  0.9935065
61.7	  0.9935065
61.9	  0.9935065
62.1	  0.9935065
62.3	  0.9935065
62.5	  0.9935065
62.7	  0.9935065
62.9	  0.9935065
63.1	  0.9935065
63.3	  0.9935065
63.5	  0.9935065
63.7	  0.9935065
63.9	  0.9935065
64.1	  0.9935065
64.3	  0.9935065
64.5	  0.9935065
64.7	  0.9935065
64.9	  0.9935065
65.1	  0.9935065
65.3	  0.9935065
65.5	  0.9935065
65.7	  1.0
65.9	  1.0
66.1	  1.0
66.3	  1.0
66.5	  1.0
66.7	  1.0
66.9	  1.0
67.1	  1.0
67.3	  1.0
67.5	  1.0
67.7	  1.0
67.9	  1.0
68.1	  1.0
68.3	  1.0
68.5	  1.0
68.7	  1.0
68.9	  1.0
69.1	  1.0
69.3	  1.0
69.5	  1.0
69.7	  1.0
69.9	  1.0
70.1	  1.0
70.3	  1.0
70.5	  1.0
70.7	  1.0
70.9	  1.0
71.1	  1.0
71.3	  1.0
71.5	  1.0
71.7	  1.0
71.9	  1.0
72.1	  1.0
72.3	  1.0
72.5	  1.0
72.7	  1.0
72.9	  1.0
73.1	  1.0
73.3	  1.0
73.5	  1.0
73.7	  1.0
73.9	  1.0
74.1	  1.0
74.3	  1.0
74.5	  1.0
74.7	  1.0
74.9	  1.0
75.1	  1.0
75.3	  1.0
75.5	  1.0
75.7	  1.0
75.9	  1.0
76.1	  1.0
76.3	  1.0
76.5	  1.0
76.7	  1.0
76.9	  1.0
77.1	  1.0
77.3	  1.0
77.5	  1.0
77.7	  1.0
77.9	  1.0
78.1	  1.0
78.3	  1.0
78.5	  1.0
78.7	  1.0
78.9	  1.0
79.1	  1.0
79.3	  1.0
79.5	  1.0
79.7	  1.0
79.9	  1.0
80.1	  1.0
80.3	  1.0
80.5	  1.0
80.7	  1.0
80.9	  1.0
81.1	  1.0
81.3	  1.0
81.5	  1.0
81.7	  1.0
81.9	  1.0
82.1	  1.0
82.3	  1.0
82.5	  1.0
82.7	  1.0
82.9	  1.0
83.1	  1.0
83.3	  1.0
83.5	  1.0
83.7	  1.0
83.9	  1.0
84.1	  1.0
84.3	  1.0
84.5	  1.0
84.7	  1.0
84.9	  1.0
85.1	  1.0
85.3	  1.0
85.5	  1.0
85.7	  1.0
85.9	  1.0
86.1	  1.0
86.3	  1.0
86.5	  1.0
86.7	  1.0
86.9	  1.0
87.1	  1.0
87.3	  1.0
87.5	  1.0
87.7	  1.0
87.9	  1.0
88.1	  1.0
88.3	  1.0
88.5	  1.0
88.7	  1.0
88.9	  1.0
89.1	  1.0
89.3	  1.0
89.5	  1.0
89.7	  1.0
89.9	  1.0
90.1	  1.0
90.3	  1.0
90.5	  1.0
90.7	  1.0
90.9	  1.0
91.1	  1.0
91.3	  1.0
91.5	  1.0
91.7	  1.0
91.9	  1.0
92.1	  1.0
92.3	  1.0
92.5	  1.0
92.7	  1.0
92.9	  1.0
93.1	  1.0
93.3	  1.0
93.5	  1.0
93.7	  1.0
93.9	  1.0
94.1	  1.0
94.3	  1.0
94.5	  1.0
94.7	  1.0
94.9	  1.0
95.1	  1.0
95.3	  1.0
95.5	  1.0
95.7	  1.0
95.9	  1.0
96.1	  1.0
96.3	  1.0
96.5	  1.0
96.7	  1.0
96.9	  1.0
97.1	  1.0
97.3	  1.0
97.5	  1.0
97.7	  1.0
97.9	  1.0
98.1	  1.0
98.3	  1.0
98.5	  1.0
98.7	  1.0
98.9	  1.0
99.1	  1.0
99.3	  1.0
99.5	  1.0
99.7	  1.0
99.9	  1.0
100.1	  1.0
100.3	  1.0
100.5	  1.0
100.7	  1.0
100.9	  1.0
101.1	  1.0
101.3	  1.0
101.5	  1.0
101.7	  1.0
101.9	  1.0
102.1	  1.0
102.3	  1.0
102.5	  1.0
102.7	  1.0
102.9	  1.0
103.1	  1.0
103.3	  1.0
103.5	  1.0
103.7	  1.0
103.9	  1.0
104.1	  1.0
104.3	  1.0
104.5	  1.0
104.7	  1.0
104.9	  1.0
105.1	  1.0
105.3	  1.0
105.5	  1.0
105.7	  1.0
105.9	  1.0
106.1	  1.0
106.3	  1.0
106.5	  1.0
106.7	  1.0
106.9	  1.0
107.1	  1.0
107.3	  1.0
107.5	  1.0
107.7	  1.0
107.9	  1.0
108.1	  1.0
108.3	  1.0
108.5	  1.0
108.7	  1.0
108.9	  1.0
109.1	  1.0
109.3	  1.0
109.5	  1.0
109.7	  1.0
109.9	  1.0


