
X-Axis: Length (km)
Y-Axis: Cumulative Fraction
Number of Data Sets: 3


DATASET #1

     Name: As Discretized
   Points: 550
     Info: 

Data[x,y]:
0.5	  0.0
1.5	  0.0
2.5	  0.0
3.5	  0.0
4.5	  0.0
5.5	  0.0
6.5	  0.0
7.5	  0.0
8.5	  0.0
9.5	  0.0022719896
10.5	  0.006166829
11.5	  0.011035378
12.5	  0.012982798
13.5	  0.021746187
14.5	  0.027263876
15.5	  0.027263876
16.5	  0.030834144
17.5	  0.035053555
18.5	  0.038299255
19.5	  0.042518664
20.5	  0.04479065
21.5	  0.0496592
22.5	  0.05647517
23.5	  0.05744888
24.5	  0.05972087
25.5	  0.06004544
26.5	  0.067835115
27.5	  0.07075625
28.5	  0.074975654
29.5	  0.07822136
30.5	  0.07984421
31.5	  0.08276533
32.5	  0.08925673
33.5	  0.08990587
34.5	  0.093800716
35.5	  0.09639727
36.5	  0.101265825
37.5	  0.10548523
38.5	  0.10645894
39.5	  0.1123012
40.5	  0.11392405
41.5	  0.1155469
42.5	  0.12041545
43.5	  0.12463486
44.5	  0.12690684
45.5	  0.13209997
46.5	  0.13339825
47.5	  0.13534567
48.5	  0.14086336
49.5	  0.14281078
50.5	  0.14638105
51.5	  0.14995131
52.5	  0.15384616
53.5	  0.15741642
54.5	  0.16066213
55.5	  0.16260955
56.5	  0.16553067
57.5	  0.16877638
58.5	  0.17429405
59.5	  0.17624149
60.5	  0.17948718
61.5	  0.18208374
62.5	  0.18435574
63.5	  0.18662772
64.5	  0.19019799
65.5	  0.19604024
66.5	  0.19896138
67.5	  0.20155793
68.5	  0.20350535
69.5	  0.20610191
70.5	  0.2083739
71.5	  0.21291788
72.5	  0.21713729
73.5	  0.22038299
74.5	  0.22200584
75.5	  0.2246024
76.5	  0.22719896
77.5	  0.22914638
78.5	  0.23271665
79.5	  0.2375852
80.5	  0.24148004
81.5	  0.2431029
82.5	  0.24505031
83.5	  0.24699773
84.5	  0.250568
85.5	  0.25316456
86.5	  0.25835767
87.5	  0.26095423
88.5	  0.2632262
89.5	  0.26517364
90.5	  0.26744562
91.5	  0.27069134
92.5	  0.27361247
93.5	  0.2775073
94.5	  0.28075302
95.5	  0.28334957
96.5	  0.28529698
97.5	  0.28789353
98.5	  0.2904901
99.5	  0.29406038
100.5	  0.29600778
101.5	  0.30055177
102.5	  0.30314833
103.5	  0.30509576
104.5	  0.30736774
105.5	  0.31061342
106.5	  0.31353456
107.5	  0.31580657
108.5	  0.32002598
109.5	  0.3216488
110.5	  0.32392082
111.5	  0.32684192
112.5	  0.33008763
113.5	  0.33300877
114.5	  0.33625448
115.5	  0.33852646
116.5	  0.3414476
117.5	  0.34307042
118.5	  0.3466407
119.5	  0.34923726
120.5	  0.35248297
121.5	  0.35540408
122.5	  0.35670236
123.5	  0.35994807
124.5	  0.36254463
125.5	  0.36643946
126.5	  0.36806232
127.5	  0.37130803
128.5	  0.37325543
129.5	  0.3748783
130.5	  0.378124
131.5	  0.38169426
132.5	  0.3842908
133.5	  0.38688737
134.5	  0.38915935
135.5	  0.3917559
136.5	  0.39337876
137.5	  0.3962999
138.5	  0.401493
139.5	  0.40311587
140.5	  0.4050633
141.5	  0.40668613
142.5	  0.40895814
143.5	  0.41187927
144.5	  0.41609868
145.5	  0.4190198
146.5	  0.42096722
147.5	  0.4232392
148.5	  0.42518663
149.5	  0.4274586
150.5	  0.43102887
151.5	  0.43459916
152.5	  0.43687114
153.5	  0.43881857
154.5	  0.44076598
155.5	  0.44238883
156.5	  0.4446608
157.5	  0.44855568
158.5	  0.45180136
159.5	  0.4537488
160.5	  0.45666993
161.5	  0.4579682
162.5	  0.45926648
163.5	  0.46251217
164.5	  0.46575788
165.5	  0.46835443
166.5	  0.47127557
167.5	  0.47289842
168.5	  0.4741967
169.5	  0.4761441
170.5	  0.48036352
171.5	  0.4826355
172.5	  0.48523206
173.5	  0.48750407
174.5	  0.48977605
175.5	  0.49172348
176.5	  0.49399546
177.5	  0.4969166
178.5	  0.498864
179.5	  0.50178516
180.5	  0.5040571
181.5	  0.5063291
182.5	  0.5089257
183.5	  0.5108731
184.5	  0.5131451
185.5	  0.5154171
186.5	  0.51898736
187.5	  0.5215839
188.5	  0.5235313
189.5	  0.5258033
190.5	  0.5274262
191.5	  0.53002274
192.5	  0.53294384
193.5	  0.53586495
194.5	  0.5374878
195.5	  0.53943527
196.5	  0.5423564
197.5	  0.5436547
198.5	  0.5465758
199.5	  0.5494969
200.5	  0.5517689
201.5	  0.55339175
202.5	  0.5559883
203.5	  0.55761117
204.5	  0.5598832
205.5	  0.56247973
206.5	  0.56442714
207.5	  0.56669915
208.5	  0.5689711
209.5	  0.5712431
210.5	  0.5731905
211.5	  0.5751379
212.5	  0.57773453
213.5	  0.57968193
214.5	  0.58162934
215.5	  0.58357674
216.5	  0.5861733
217.5	  0.58812076
218.5	  0.5907173
219.5	  0.5936384
220.5	  0.5946121
221.5	  0.59688413
222.5	  0.5994807
223.5	  0.60207725
224.5	  0.60402465
225.5	  0.6059721
226.5	  0.60824406
227.5	  0.6105161
228.5	  0.6131126
229.5	  0.6147355
230.5	  0.61733204
231.5	  0.61960405
232.5	  0.62122685
233.5	  0.62349886
234.5	  0.6260954
235.5	  0.6283674
236.5	  0.630964
237.5	  0.6329114
238.5	  0.6342097
239.5	  0.63550794
240.5	  0.63875365
241.5	  0.64167476
242.5	  0.6426485
243.5	  0.6452451
244.5	  0.64784163
245.5	  0.6484907
246.5	  0.6504382
247.5	  0.65303475
248.5	  0.65595585
249.5	  0.65822786
250.5	  0.66017526
251.5	  0.6608244
252.5	  0.6624473
253.5	  0.66504383
254.5	  0.6673158
255.5	  0.66991234
256.5	  0.67218435
257.5	  0.67413175
258.5	  0.67543006
259.5	  0.67770207
260.5	  0.6790003
261.5	  0.6809477
262.5	  0.68419343
263.5	  0.68646544
264.5	  0.68743914
265.5	  0.68938655
266.5	  0.69165856
267.5	  0.6929568
268.5	  0.6942551
269.5	  0.6978254
270.5	  0.6994482
271.5	  0.7010711
272.5	  0.70366764
273.5	  0.70464134
274.5	  0.70593965
275.5	  0.70788705
276.5	  0.71113276
277.5	  0.71308017
278.5	  0.714703
279.5	  0.7166504
280.5	  0.71794873
281.5	  0.719247
282.5	  0.7205453
283.5	  0.7247647
284.5	  0.72638756
285.5	  0.7280104
286.5	  0.7289841
287.5	  0.73028237
288.5	  0.7319052
289.5	  0.7348263
290.5	  0.73709834
291.5	  0.73904574
292.5	  0.7400195
293.5	  0.74131775
294.5	  0.74229145
295.5	  0.74553716
296.5	  0.7468355
297.5	  0.74845827
298.5	  0.7497566
299.5	  0.7510548
300.5	  0.75332683
301.5	  0.75559884
302.5	  0.7572217
303.5	  0.7578708
304.5	  0.75949365
305.5	  0.7611165
306.5	  0.76403767
307.5	  0.7653359
308.5	  0.7669588
309.5	  0.7682571
310.5	  0.7685816
311.5	  0.77052903
312.5	  0.77280104
313.5	  0.77507305
314.5	  0.7763713
315.5	  0.7783187
316.5	  0.77896786
317.5	  0.7805907
318.5	  0.78221357
319.5	  0.7838364
320.5	  0.786433
321.5	  0.7874067
322.5	  0.7893541
323.5	  0.7903278
324.5	  0.79195064
325.5	  0.7929244
326.5	  0.79519635
327.5	  0.79714376
328.5	  0.79844207
329.5	  0.80038947
330.5	  0.8007141
331.5	  0.8026615
332.5	  0.8036352
333.5	  0.8059072
334.5	  0.8068809
335.5	  0.80947745
336.5	  0.8107757
337.5	  0.812074
338.5	  0.8140214
339.5	  0.814346
340.5	  0.8153197
341.5	  0.8169426
342.5	  0.8192145
343.5	  0.8208374
344.5	  0.82246023
345.5	  0.82343394
346.5	  0.82375854
347.5	  0.8250568
348.5	  0.8263551
349.5	  0.8292762
350.5	  0.83089906
351.5	  0.83187276
352.5	  0.83284646
353.5	  0.83382016
354.5	  0.8360922
355.5	  0.837715
356.5	  0.83966243
357.5	  0.8403116
358.5	  0.8412853
359.5	  0.8425836
360.5	  0.844531
361.5	  0.84615386
362.5	  0.8474521
363.5	  0.84842587
364.5	  0.8497241
365.5	  0.8506978
366.5	  0.8519961
367.5	  0.8545927
368.5	  0.8555664
369.5	  0.85621554
370.5	  0.85718924
371.5	  0.85913664
372.5	  0.86043495
373.5	  0.8617332
374.5	  0.8627069
375.5	  0.8640052
376.5	  0.8649789
377.5	  0.86627716
378.5	  0.8679
379.5	  0.8691983
380.5	  0.86952287
381.5	  0.8717949
382.5	  0.8730931
383.5	  0.8737423
384.5	  0.8750406
385.5	  0.8760143
386.5	  0.876988
387.5	  0.87861085
388.5	  0.8802337
389.5	  0.8812074
390.5	  0.8821811
391.5	  0.8831548
392.5	  0.8844531
393.5	  0.886076
394.5	  0.8870497
395.5	  0.8883479
396.5	  0.88964623
397.5	  0.8902954
398.5	  0.8919182
399.5	  0.8932165
400.5	  0.89451474
401.5	  0.8954885
402.5	  0.89678675
403.5	  0.8974359
404.5	  0.8984096
405.5	  0.900357
406.5	  0.90100616
407.5	  0.9023045
408.5	  0.9032782
409.5	  0.90392727
410.5	  0.9055501
411.5	  0.9065239
412.5	  0.9081467
413.5	  0.9084713
414.5	  0.909445
415.5	  0.9104187
416.5	  0.9126907
417.5	  0.91333985
418.5	  0.91398895
419.5	  0.9146381
420.5	  0.9156118
421.5	  0.91723466
422.5	  0.9188575
423.5	  0.91950667
424.5	  0.9198312
425.5	  0.9201558
426.5	  0.9217786
427.5	  0.9234015
428.5	  0.9246998
429.5	  0.92534894
430.5	  0.92599803
431.5	  0.92632264
432.5	  0.9276209
433.5	  0.92956835
434.5	  0.93054205
435.5	  0.93151575
436.5	  0.9318403
437.5	  0.9331386
438.5	  0.9341123
439.5	  0.935086
440.5	  0.9363843
441.5	  0.9363843
442.5	  0.9380071
443.5	  0.9389809
444.5	  0.9406037
445.5	  0.9412528
446.5	  0.9412528
447.5	  0.9422265
448.5	  0.94320023
449.5	  0.9451477
450.5	  0.9461214
451.5	  0.9470951
452.5	  0.9470951
453.5	  0.94774425
454.5	  0.9493671
455.5	  0.9503408
456.5	  0.95163906
457.5	  0.95163906
458.5	  0.9526128
459.5	  0.9535865
460.5	  0.95488477
461.5	  0.95585847
462.5	  0.9561831
463.5	  0.9568322
464.5	  0.9574813
465.5	  0.9594287
466.5	  0.9600779
467.5	  0.9610516
468.5	  0.9610516
469.5	  0.9613762
470.5	  0.96299905
471.5	  0.96397275
472.5	  0.965271
473.5	  0.965271
474.5	  0.96592015
475.5	  0.9665693
476.5	  0.967543
477.5	  0.9688413
478.5	  0.9694904
479.5	  0.969815
480.5	  0.97013956
481.5	  0.97111326
482.5	  0.97208697
483.5	  0.97306067
484.5	  0.9737098
485.5	  0.9740344
486.5	  0.974359
487.5	  0.9756572
488.5	  0.97695553
489.5	  0.9772801
490.5	  0.97792923
491.5	  0.97825384
492.5	  0.9785784
493.5	  0.98020124
494.5	  0.9808504
495.5	  0.98117495
496.5	  0.9814995
497.5	  0.98214865
498.5	  0.9827978
499.5	  0.9837715
500.5	  0.98442066
501.5	  0.9847452
502.5	  0.9850698
503.5	  0.9857189
504.5	  0.9866926
505.5	  0.9870172
506.5	  0.98766637
507.5	  0.9879909
508.5	  0.98831546
509.5	  0.9889646
510.5	  0.9896138
511.5	  0.9899383
512.5	  0.9902629
513.5	  0.990912
514.5	  0.9912366
515.5	  0.9915612
516.5	  0.9922103
517.5	  0.9925349
518.5	  0.9928595
519.5	  0.9935086
520.5	  0.9938332
521.5	  0.99415773
522.5	  0.9948069
523.5	  0.99513143
524.5	  0.99513143
525.5	  0.9957806
526.5	  0.99610513
527.5	  0.99642974
528.5	  0.9967543
529.5	  0.9967543
530.5	  0.9970789
531.5	  0.99740344
532.5	  0.9980526
533.5	  0.9980526
534.5	  0.9980526
535.5	  0.99837714
536.5	  0.9987017
537.5	  0.9990263
538.5	  0.9990263
539.5	  0.9990263
540.5	  0.9990263
541.5	  0.99935085
542.5	  0.99967545
543.5	  0.99967545
544.5	  0.99967545
545.5	  0.99967545
546.5	  1.0
547.5	  1.0
548.5	  1.0
549.5	  1.0



DATASET #2

     Name: Rate-Weighted
   Points: 550
     Info: 

Data[x,y]:
0.5	  0.0
1.5	  0.0
2.5	  0.0
3.5	  0.0
4.5	  0.0
5.5	  0.0
6.5	  0.0
7.5	  0.0
8.5	  0.0
9.5	  0.14009386
10.5	  0.24077892
11.5	  0.27309164
12.5	  0.2806883
13.5	  0.4494462
14.5	  0.45717335
15.5	  0.45717335
16.5	  0.5064795
17.5	  0.52317154
18.5	  0.6451169
19.5	  0.6731433
20.5	  0.68043196
21.5	  0.70207113
22.5	  0.7514787
23.5	  0.75523376
24.5	  0.756566
25.5	  0.7580504
26.5	  0.79536104
27.5	  0.814894
28.5	  0.8194059
29.5	  0.8311785
30.5	  0.83203846
31.5	  0.8339062
32.5	  0.8495485
33.5	  0.85015494
34.5	  0.8520141
35.5	  0.85661143
36.5	  0.8668027
37.5	  0.8725137
38.5	  0.87423337
39.5	  0.88436073
40.5	  0.88582766
41.5	  0.8863126
42.5	  0.8927177
43.5	  0.8965758
44.5	  0.89701986
45.5	  0.90478903
46.5	  0.90658325
47.5	  0.9096669
48.5	  0.9136329
49.5	  0.9155773
50.5	  0.916474
51.5	  0.9171003
52.5	  0.91789
53.5	  0.92333776
54.5	  0.9241119
55.5	  0.92419964
56.5	  0.9266354
57.5	  0.92763704
58.5	  0.9324141
59.5	  0.9350786
60.5	  0.93650794
61.5	  0.9370603
62.5	  0.9373964
63.5	  0.93826336
64.5	  0.9407466
65.5	  0.9437926
66.5	  0.944702
67.5	  0.94562525
68.5	  0.9456501
69.5	  0.94695085
70.5	  0.948924
71.5	  0.9499708
72.5	  0.9511413
73.5	  0.9518248
74.5	  0.9518718
75.5	  0.95188785
76.5	  0.953301
77.5	  0.9537145
78.5	  0.9542682
79.5	  0.95627344
80.5	  0.9565903
81.5	  0.9577196
82.5	  0.9584742
83.5	  0.9586562
84.5	  0.95973617
85.5	  0.95994675
86.5	  0.9605363
87.5	  0.9609998
88.5	  0.96137595
89.5	  0.96176565
90.5	  0.9622892
91.5	  0.962795
92.5	  0.9632586
93.5	  0.96394444
94.5	  0.9646322
95.5	  0.96506995
96.5	  0.96512085
97.5	  0.9653845
98.5	  0.9658187
99.5	  0.9669164
100.5	  0.96717376
101.5	  0.9679725
102.5	  0.96814704
103.5	  0.9684416
104.5	  0.9686553
105.5	  0.9689194
106.5	  0.96958935
107.5	  0.96980727
108.5	  0.97019416
109.5	  0.970269
110.5	  0.9706261
111.5	  0.9708822
112.5	  0.9712625
113.5	  0.9716556
114.5	  0.9719596
115.5	  0.9722633
116.5	  0.9730311
117.5	  0.9730768
118.5	  0.9736961
119.5	  0.9738699
120.5	  0.97391665
121.5	  0.9743523
122.5	  0.9744835
123.5	  0.97481227
124.5	  0.9752076
125.5	  0.9756786
126.5	  0.97572124
127.5	  0.9759723
128.5	  0.9761494
129.5	  0.9764862
130.5	  0.97736776
131.5	  0.9777512
132.5	  0.97784144
133.5	  0.978048
134.5	  0.9784337
135.5	  0.9787242
136.5	  0.9787661
137.5	  0.9789668
138.5	  0.97918016
139.5	  0.9793257
140.5	  0.9794406
141.5	  0.97950864
142.5	  0.9797017
143.5	  0.9797814
144.5	  0.9800018
145.5	  0.9802624
146.5	  0.9803636
147.5	  0.98047346
148.5	  0.9807593
149.5	  0.9808148
150.5	  0.9810302
151.5	  0.9811034
152.5	  0.98128736
153.5	  0.98133445
154.5	  0.98144394
155.5	  0.98170364
156.5	  0.9817274
157.5	  0.98213357
158.5	  0.98273695
159.5	  0.9830736
160.5	  0.98334116
161.5	  0.9834174
162.5	  0.98352677
163.5	  0.9836269
164.5	  0.9836492
165.5	  0.9837585
166.5	  0.98407966
167.5	  0.9840856
168.5	  0.9842023
169.5	  0.9843608
170.5	  0.98458254
171.5	  0.9847028
172.5	  0.9849444
173.5	  0.98509127
174.5	  0.98524255
175.5	  0.98539925
176.5	  0.98549217
177.5	  0.9855361
178.5	  0.98555225
179.5	  0.98592114
180.5	  0.98601043
181.5	  0.9860956
182.5	  0.98628885
183.5	  0.9864349
184.5	  0.98652446
185.5	  0.98667306
186.5	  0.9868242
187.5	  0.98689795
188.5	  0.9869452
189.5	  0.9870675
190.5	  0.9871179
191.5	  0.98736805
192.5	  0.9874056
193.5	  0.9877222
194.5	  0.9877669
195.5	  0.98779285
196.5	  0.9878791
197.5	  0.98791647
198.5	  0.98816866
199.5	  0.98836714
200.5	  0.9885837
201.5	  0.9887716
202.5	  0.98915595
203.5	  0.98920333
204.5	  0.9892459
205.5	  0.9893119
206.5	  0.98931885
207.5	  0.9893791
208.5	  0.9894549
209.5	  0.9897116
210.5	  0.9898662
211.5	  0.9901534
212.5	  0.9902659
213.5	  0.9903544
214.5	  0.9904936
215.5	  0.9905196
216.5	  0.9906119
217.5	  0.9906273
218.5	  0.9907615
219.5	  0.9908335
220.5	  0.990872
221.5	  0.99090874
222.5	  0.9911197
223.5	  0.991166
224.5	  0.9913057
225.5	  0.991343
226.5	  0.99139684
227.5	  0.99150234
228.5	  0.99154806
229.5	  0.99161077
230.5	  0.99169344
231.5	  0.9917481
232.5	  0.9917759
233.5	  0.99186575
234.5	  0.9919417
235.5	  0.99216473
236.5	  0.99229354
237.5	  0.9923334
238.5	  0.99235857
239.5	  0.99247706
240.5	  0.9925339
241.5	  0.9927341
242.5	  0.99273515
243.5	  0.9928266
244.5	  0.9929696
245.5	  0.99301165
246.5	  0.99303263
247.5	  0.9931211
248.5	  0.9932243
249.5	  0.99323535
250.5	  0.9932846
251.5	  0.99332285
252.5	  0.99354386
253.5	  0.9935568
254.5	  0.99359214
255.5	  0.9936735
256.5	  0.9937156
257.5	  0.9937343
258.5	  0.99393123
259.5	  0.9940129
260.5	  0.99406886
261.5	  0.99434084
262.5	  0.99440986
263.5	  0.994423
264.5	  0.9945707
265.5	  0.9946857
266.5	  0.99480015
267.5	  0.994803
268.5	  0.99482495
269.5	  0.99494255
270.5	  0.9950416
271.5	  0.9950419
272.5	  0.9950865
273.5	  0.99510854
274.5	  0.9953645
275.5	  0.9953884
276.5	  0.9954256
277.5	  0.99554497
278.5	  0.9956696
279.5	  0.9957758
280.5	  0.9958029
281.5	  0.99581885
282.5	  0.9958874
283.5	  0.99608666
284.5	  0.9961031
285.5	  0.9961237
286.5	  0.99617827
287.5	  0.996203
288.5	  0.996234
289.5	  0.99630964
290.5	  0.99638647
291.5	  0.99640733
292.5	  0.9965519
293.5	  0.9965554
294.5	  0.99666625
295.5	  0.9967347
296.5	  0.99678314
297.5	  0.9967974
298.5	  0.99681956
299.5	  0.99684185
300.5	  0.9968699
301.5	  0.9969097
302.5	  0.99697804
303.5	  0.99699646
304.5	  0.9970504
305.5	  0.99708104
306.5	  0.9971718
307.5	  0.9971855
308.5	  0.99720347
309.5	  0.99734217
310.5	  0.9973471
311.5	  0.9973739
312.5	  0.9973795
313.5	  0.99741036
314.5	  0.9974188
315.5	  0.9974308
316.5	  0.99747837
317.5	  0.9975088
318.5	  0.99752814
319.5	  0.99760807
320.5	  0.9976782
321.5	  0.9976937
322.5	  0.9977627
323.5	  0.99776495
324.5	  0.99781287
325.5	  0.9978162
326.5	  0.9978499
327.5	  0.9978595
328.5	  0.99791384
329.5	  0.99794143
330.5	  0.9979418
331.5	  0.9979698
332.5	  0.9979838
333.5	  0.99799347
334.5	  0.9979937
335.5	  0.9980637
336.5	  0.99809647
337.5	  0.99812967
338.5	  0.99813616
339.5	  0.9981534
340.5	  0.9981534
341.5	  0.99821514
342.5	  0.9983037
343.5	  0.99830884
344.5	  0.9983393
345.5	  0.99839586
346.5	  0.99839705
347.5	  0.9984139
348.5	  0.99842185
349.5	  0.9984253
350.5	  0.99847084
351.5	  0.9984773
352.5	  0.9984801
353.5	  0.9984887
354.5	  0.9984908
355.5	  0.99849313
356.5	  0.99852
357.5	  0.99852
358.5	  0.9985614
359.5	  0.9985869
360.5	  0.99859816
361.5	  0.99860746
362.5	  0.99861735
363.5	  0.9986174
364.5	  0.9986527
365.5	  0.99865365
366.5	  0.9986877
367.5	  0.99871683
368.5	  0.9987514
369.5	  0.9987636
370.5	  0.9987639
371.5	  0.99878514
372.5	  0.99878967
373.5	  0.9987927
374.5	  0.99880326
375.5	  0.9988291
376.5	  0.99883556
377.5	  0.9988389
378.5	  0.9988396
379.5	  0.9988409
380.5	  0.99885094
381.5	  0.9988564
382.5	  0.99886215
383.5	  0.9988682
384.5	  0.998889
385.5	  0.9988895
386.5	  0.99889106
387.5	  0.9989127
388.5	  0.9989209
389.5	  0.99896306
390.5	  0.9989647
391.5	  0.99897224
392.5	  0.99899095
393.5	  0.9990353
394.5	  0.99903536
395.5	  0.9990554
396.5	  0.9990671
397.5	  0.9990671
398.5	  0.9990939
399.5	  0.99911505
400.5	  0.9991233
401.5	  0.9991378
402.5	  0.9991433
403.5	  0.99914634
404.5	  0.99915105
405.5	  0.9991665
406.5	  0.99917567
407.5	  0.99918073
408.5	  0.999183
409.5	  0.99918324
410.5	  0.9992176
411.5	  0.99922585
412.5	  0.9992417
413.5	  0.99924177
414.5	  0.9992439
415.5	  0.99925184
416.5	  0.99926805
417.5	  0.9992713
418.5	  0.9992769
419.5	  0.99927956
420.5	  0.99928534
421.5	  0.99929285
422.5	  0.99932504
423.5	  0.9993255
424.5	  0.9993256
425.5	  0.9993268
426.5	  0.9993465
427.5	  0.99935156
428.5	  0.9993518
429.5	  0.999362
430.5	  0.9993883
431.5	  0.9994027
432.5	  0.9994206
433.5	  0.9994292
434.5	  0.9994292
435.5	  0.99943227
436.5	  0.99943477
437.5	  0.9994536
438.5	  0.9994866
439.5	  0.9994866
440.5	  0.99949276
441.5	  0.99949276
442.5	  0.99950415
443.5	  0.99951655
444.5	  0.9995214
445.5	  0.99953336
446.5	  0.99953336
447.5	  0.9995341
448.5	  0.99954945
449.5	  0.99959457
450.5	  0.9996172
451.5	  0.99962825
452.5	  0.99962825
453.5	  0.9996317
454.5	  0.99963653
455.5	  0.9996433
456.5	  0.99964607
457.5	  0.99964607
458.5	  0.9996496
459.5	  0.99965197
460.5	  0.9996745
461.5	  0.9996762
462.5	  0.9996762
463.5	  0.9997212
464.5	  0.99972296
465.5	  0.9997378
466.5	  0.9997378
467.5	  0.9997424
468.5	  0.9997424
469.5	  0.9997569
470.5	  0.99975854
471.5	  0.9997692
472.5	  0.999785
473.5	  0.999785
474.5	  0.9997867
475.5	  0.9997867
476.5	  0.9997905
477.5	  0.99980384
478.5	  0.99980736
479.5	  0.9998077
480.5	  0.9998077
481.5	  0.99981505
482.5	  0.9998171
483.5	  0.9998192
484.5	  0.99982744
485.5	  0.99983317
486.5	  0.99983317
487.5	  0.9998358
488.5	  0.9998377
489.5	  0.9998377
490.5	  0.99985206
491.5	  0.99985206
492.5	  0.99985206
493.5	  0.9998725
494.5	  0.9998778
495.5	  0.9998784
496.5	  0.9998784
497.5	  0.99991095
498.5	  0.99994016
499.5	  0.9999417
500.5	  0.9999481
501.5	  0.9999497
502.5	  0.9999529
503.5	  0.9999529
504.5	  0.9999529
505.5	  0.99995416
506.5	  0.9999615
507.5	  0.999962
508.5	  0.99996203
509.5	  0.99996257
510.5	  0.9999632
511.5	  0.9999673
512.5	  0.9999674
513.5	  0.9999676
514.5	  0.99997586
515.5	  0.99997586
516.5	  0.9999759
517.5	  0.9999813
518.5	  0.9999823
519.5	  0.99998635
520.5	  0.99998635
521.5	  0.99998635
522.5	  0.9999865
523.5	  0.9999865
524.5	  0.9999865
525.5	  0.9999867
526.5	  0.9999867
527.5	  0.9999867
528.5	  0.9999867
529.5	  0.9999867
530.5	  0.9999872
531.5	  0.9999872
532.5	  0.999993
533.5	  0.999993
534.5	  0.999993
535.5	  0.9999974
536.5	  0.9999985
537.5	  0.9999993
538.5	  0.9999993
539.5	  0.9999993
540.5	  0.9999993
541.5	  0.9999993
542.5	  1.0
543.5	  1.0
544.5	  1.0
545.5	  1.0
546.5	  1.0
547.5	  1.0
548.5	  1.0
549.5	  1.0



DATASET #3

     Name: Common
   Points: 550
     Info: 

Data[x,y]:
0.5	  NaN
1.5	  NaN
2.5	  NaN
3.5	  NaN
4.5	  NaN
5.5	  NaN
6.5	  NaN
7.5	  NaN
8.5	  NaN
9.5	  NaN
10.5	  NaN
11.5	  NaN
12.5	  NaN
13.5	  NaN
14.5	  NaN
15.5	  NaN
16.5	  NaN
17.5	  NaN
18.5	  NaN
19.5	  NaN
20.5	  NaN
21.5	  NaN
22.5	  NaN
23.5	  NaN
24.5	  NaN
25.5	  NaN
26.5	  NaN
27.5	  NaN
28.5	  NaN
29.5	  NaN
30.5	  NaN
31.5	  NaN
32.5	  NaN
33.5	  NaN
34.5	  NaN
35.5	  NaN
36.5	  NaN
37.5	  NaN
38.5	  NaN
39.5	  NaN
40.5	  NaN
41.5	  NaN
42.5	  NaN
43.5	  NaN
44.5	  NaN
45.5	  NaN
46.5	  NaN
47.5	  NaN
48.5	  NaN
49.5	  NaN
50.5	  NaN
51.5	  NaN
52.5	  NaN
53.5	  NaN
54.5	  NaN
55.5	  NaN
56.5	  NaN
57.5	  NaN
58.5	  NaN
59.5	  NaN
60.5	  NaN
61.5	  NaN
62.5	  NaN
63.5	  NaN
64.5	  NaN
65.5	  NaN
66.5	  NaN
67.5	  NaN
68.5	  NaN
69.5	  NaN
70.5	  NaN
71.5	  NaN
72.5	  NaN
73.5	  NaN
74.5	  NaN
75.5	  NaN
76.5	  NaN
77.5	  NaN
78.5	  NaN
79.5	  NaN
80.5	  NaN
81.5	  NaN
82.5	  NaN
83.5	  NaN
84.5	  NaN
85.5	  NaN
86.5	  NaN
87.5	  NaN
88.5	  NaN
89.5	  NaN
90.5	  NaN
91.5	  NaN
92.5	  NaN
93.5	  NaN
94.5	  NaN
95.5	  NaN
96.5	  NaN
97.5	  NaN
98.5	  NaN
99.5	  NaN
100.5	  NaN
101.5	  NaN
102.5	  NaN
103.5	  NaN
104.5	  NaN
105.5	  NaN
106.5	  NaN
107.5	  NaN
108.5	  NaN
109.5	  NaN
110.5	  NaN
111.5	  NaN
112.5	  NaN
113.5	  NaN
114.5	  NaN
115.5	  NaN
116.5	  NaN
117.5	  NaN
118.5	  NaN
119.5	  NaN
120.5	  NaN
121.5	  NaN
122.5	  NaN
123.5	  NaN
124.5	  NaN
125.5	  NaN
126.5	  NaN
127.5	  NaN
128.5	  NaN
129.5	  NaN
130.5	  NaN
131.5	  NaN
132.5	  NaN
133.5	  NaN
134.5	  NaN
135.5	  NaN
136.5	  NaN
137.5	  NaN
138.5	  NaN
139.5	  NaN
140.5	  NaN
141.5	  NaN
142.5	  NaN
143.5	  NaN
144.5	  NaN
145.5	  NaN
146.5	  NaN
147.5	  NaN
148.5	  NaN
149.5	  NaN
150.5	  NaN
151.5	  NaN
152.5	  NaN
153.5	  NaN
154.5	  NaN
155.5	  NaN
156.5	  NaN
157.5	  NaN
158.5	  NaN
159.5	  NaN
160.5	  NaN
161.5	  NaN
162.5	  NaN
163.5	  NaN
164.5	  NaN
165.5	  NaN
166.5	  NaN
167.5	  NaN
168.5	  NaN
169.5	  NaN
170.5	  NaN
171.5	  NaN
172.5	  NaN
173.5	  NaN
174.5	  NaN
175.5	  NaN
176.5	  NaN
177.5	  NaN
178.5	  NaN
179.5	  NaN
180.5	  NaN
181.5	  NaN
182.5	  NaN
183.5	  NaN
184.5	  NaN
185.5	  NaN
186.5	  NaN
187.5	  NaN
188.5	  NaN
189.5	  NaN
190.5	  NaN
191.5	  NaN
192.5	  NaN
193.5	  NaN
194.5	  NaN
195.5	  NaN
196.5	  NaN
197.5	  NaN
198.5	  NaN
199.5	  NaN
200.5	  NaN
201.5	  NaN
202.5	  NaN
203.5	  NaN
204.5	  NaN
205.5	  NaN
206.5	  NaN
207.5	  NaN
208.5	  NaN
209.5	  NaN
210.5	  NaN
211.5	  NaN
212.5	  NaN
213.5	  NaN
214.5	  NaN
215.5	  NaN
216.5	  NaN
217.5	  NaN
218.5	  NaN
219.5	  NaN
220.5	  NaN
221.5	  NaN
222.5	  NaN
223.5	  NaN
224.5	  NaN
225.5	  NaN
226.5	  NaN
227.5	  NaN
228.5	  NaN
229.5	  NaN
230.5	  NaN
231.5	  NaN
232.5	  NaN
233.5	  NaN
234.5	  NaN
235.5	  NaN
236.5	  NaN
237.5	  NaN
238.5	  NaN
239.5	  NaN
240.5	  NaN
241.5	  NaN
242.5	  NaN
243.5	  NaN
244.5	  NaN
245.5	  NaN
246.5	  NaN
247.5	  NaN
248.5	  NaN
249.5	  NaN
250.5	  NaN
251.5	  NaN
252.5	  NaN
253.5	  NaN
254.5	  NaN
255.5	  NaN
256.5	  NaN
257.5	  NaN
258.5	  NaN
259.5	  NaN
260.5	  NaN
261.5	  NaN
262.5	  NaN
263.5	  NaN
264.5	  NaN
265.5	  NaN
266.5	  NaN
267.5	  NaN
268.5	  NaN
269.5	  NaN
270.5	  NaN
271.5	  NaN
272.5	  NaN
273.5	  NaN
274.5	  NaN
275.5	  NaN
276.5	  NaN
277.5	  NaN
278.5	  NaN
279.5	  NaN
280.5	  NaN
281.5	  NaN
282.5	  NaN
283.5	  NaN
284.5	  NaN
285.5	  NaN
286.5	  NaN
287.5	  NaN
288.5	  NaN
289.5	  NaN
290.5	  NaN
291.5	  NaN
292.5	  NaN
293.5	  NaN
294.5	  NaN
295.5	  NaN
296.5	  NaN
297.5	  NaN
298.5	  NaN
299.5	  NaN
300.5	  NaN
301.5	  NaN
302.5	  NaN
303.5	  NaN
304.5	  NaN
305.5	  NaN
306.5	  NaN
307.5	  NaN
308.5	  NaN
309.5	  NaN
310.5	  NaN
311.5	  NaN
312.5	  NaN
313.5	  NaN
314.5	  NaN
315.5	  NaN
316.5	  NaN
317.5	  NaN
318.5	  NaN
319.5	  NaN
320.5	  NaN
321.5	  NaN
322.5	  NaN
323.5	  NaN
324.5	  NaN
325.5	  NaN
326.5	  NaN
327.5	  NaN
328.5	  NaN
329.5	  NaN
330.5	  NaN
331.5	  NaN
332.5	  NaN
333.5	  NaN
334.5	  NaN
335.5	  NaN
336.5	  NaN
337.5	  NaN
338.5	  NaN
339.5	  NaN
340.5	  NaN
341.5	  NaN
342.5	  NaN
343.5	  NaN
344.5	  NaN
345.5	  NaN
346.5	  NaN
347.5	  NaN
348.5	  NaN
349.5	  NaN
350.5	  NaN
351.5	  NaN
352.5	  NaN
353.5	  NaN
354.5	  NaN
355.5	  NaN
356.5	  NaN
357.5	  NaN
358.5	  NaN
359.5	  NaN
360.5	  NaN
361.5	  NaN
362.5	  NaN
363.5	  NaN
364.5	  NaN
365.5	  NaN
366.5	  NaN
367.5	  NaN
368.5	  NaN
369.5	  NaN
370.5	  NaN
371.5	  NaN
372.5	  NaN
373.5	  NaN
374.5	  NaN
375.5	  NaN
376.5	  NaN
377.5	  NaN
378.5	  NaN
379.5	  NaN
380.5	  NaN
381.5	  NaN
382.5	  NaN
383.5	  NaN
384.5	  NaN
385.5	  NaN
386.5	  NaN
387.5	  NaN
388.5	  NaN
389.5	  NaN
390.5	  NaN
391.5	  NaN
392.5	  NaN
393.5	  NaN
394.5	  NaN
395.5	  NaN
396.5	  NaN
397.5	  NaN
398.5	  NaN
399.5	  NaN
400.5	  NaN
401.5	  NaN
402.5	  NaN
403.5	  NaN
404.5	  NaN
405.5	  NaN
406.5	  NaN
407.5	  NaN
408.5	  NaN
409.5	  NaN
410.5	  NaN
411.5	  NaN
412.5	  NaN
413.5	  NaN
414.5	  NaN
415.5	  NaN
416.5	  NaN
417.5	  NaN
418.5	  NaN
419.5	  NaN
420.5	  NaN
421.5	  NaN
422.5	  NaN
423.5	  NaN
424.5	  NaN
425.5	  NaN
426.5	  NaN
427.5	  NaN
428.5	  NaN
429.5	  NaN
430.5	  NaN
431.5	  NaN
432.5	  NaN
433.5	  NaN
434.5	  NaN
435.5	  NaN
436.5	  NaN
437.5	  NaN
438.5	  NaN
439.5	  NaN
440.5	  NaN
441.5	  NaN
442.5	  NaN
443.5	  NaN
444.5	  NaN
445.5	  NaN
446.5	  NaN
447.5	  NaN
448.5	  NaN
449.5	  NaN
450.5	  NaN
451.5	  NaN
452.5	  NaN
453.5	  NaN
454.5	  NaN
455.5	  NaN
456.5	  NaN
457.5	  NaN
458.5	  NaN
459.5	  NaN
460.5	  NaN
461.5	  NaN
462.5	  NaN
463.5	  NaN
464.5	  NaN
465.5	  NaN
466.5	  NaN
467.5	  NaN
468.5	  NaN
469.5	  NaN
470.5	  NaN
471.5	  NaN
472.5	  NaN
473.5	  NaN
474.5	  NaN
475.5	  NaN
476.5	  NaN
477.5	  NaN
478.5	  NaN
479.5	  NaN
480.5	  NaN
481.5	  NaN
482.5	  NaN
483.5	  NaN
484.5	  NaN
485.5	  NaN
486.5	  NaN
487.5	  NaN
488.5	  NaN
489.5	  NaN
490.5	  NaN
491.5	  NaN
492.5	  NaN
493.5	  NaN
494.5	  NaN
495.5	  NaN
496.5	  NaN
497.5	  NaN
498.5	  NaN
499.5	  NaN
500.5	  NaN
501.5	  NaN
502.5	  NaN
503.5	  NaN
504.5	  NaN
505.5	  NaN
506.5	  NaN
507.5	  NaN
508.5	  NaN
509.5	  NaN
510.5	  NaN
511.5	  NaN
512.5	  NaN
513.5	  NaN
514.5	  NaN
515.5	  NaN
516.5	  NaN
517.5	  NaN
518.5	  NaN
519.5	  NaN
520.5	  NaN
521.5	  NaN
522.5	  NaN
523.5	  NaN
524.5	  NaN
525.5	  NaN
526.5	  NaN
527.5	  NaN
528.5	  NaN
529.5	  NaN
530.5	  NaN
531.5	  NaN
532.5	  NaN
533.5	  NaN
534.5	  NaN
535.5	  NaN
536.5	  NaN
537.5	  NaN
538.5	  NaN
539.5	  NaN
540.5	  NaN
541.5	  NaN
542.5	  NaN
543.5	  NaN
544.5	  NaN
545.5	  NaN
546.5	  NaN
547.5	  NaN
548.5	  NaN
549.5	  NaN


