
X-Axis: # Clusters
Y-Axis: Cumulative Fraction
Number of Data Sets: 3


DATASET #1

     Name: As Discretized
   Points: 500
     Info: 

Data[x,y]:
0.51	  0.0
0.53	  0.0
0.55	  0.0
0.57	  0.0
0.59	  0.0
0.61	  0.0
0.63	  0.0
0.65	  0.0
0.67	  0.0
0.69	  0.0
0.71	  0.0
0.73	  0.0
0.75	  0.0
0.77	  0.0
0.79	  0.0
0.81	  0.0
0.83	  0.0
0.85	  0.0
0.87	  0.0
0.89	  0.0
0.91	  0.0
0.93	  0.0
0.95	  0.0
0.97	  0.0
0.99	  0.0
1.01	  0.1262577
1.03	  0.1262577
1.05	  0.1262577
1.07	  0.1262577
1.09	  0.1262577
1.11	  0.1262577
1.13	  0.1262577
1.15	  0.1262577
1.17	  0.1262577
1.19	  0.1262577
1.21	  0.1262577
1.23	  0.1262577
1.25	  0.1262577
1.27	  0.1262577
1.29	  0.1262577
1.31	  0.1262577
1.33	  0.1262577
1.35	  0.1262577
1.37	  0.1262577
1.39	  0.1262577
1.41	  0.1262577
1.43	  0.1262577
1.45	  0.1262577
1.47	  0.1262577
1.49	  0.1262577
1.51	  0.1262577
1.53	  0.1262577
1.55	  0.1262577
1.57	  0.1262577
1.59	  0.1262577
1.61	  0.1262577
1.63	  0.1262577
1.65	  0.1262577
1.67	  0.1262577
1.69	  0.1262577
1.71	  0.1262577
1.73	  0.1262577
1.75	  0.1262577
1.77	  0.1262577
1.79	  0.1262577
1.81	  0.1262577
1.83	  0.1262577
1.85	  0.1262577
1.87	  0.1262577
1.89	  0.1262577
1.91	  0.1262577
1.93	  0.1262577
1.95	  0.1262577
1.97	  0.1262577
1.99	  0.1262577
2.01	  0.28464785
2.03	  0.28464785
2.05	  0.28464785
2.07	  0.28464785
2.09	  0.28464785
2.11	  0.28464785
2.13	  0.28464785
2.15	  0.28464785
2.17	  0.28464785
2.19	  0.28464785
2.21	  0.28464785
2.23	  0.28464785
2.25	  0.28464785
2.27	  0.28464785
2.29	  0.28464785
2.31	  0.28464785
2.33	  0.28464785
2.35	  0.28464785
2.37	  0.28464785
2.39	  0.28464785
2.41	  0.28464785
2.43	  0.28464785
2.45	  0.28464785
2.47	  0.28464785
2.49	  0.28464785
2.51	  0.28464785
2.53	  0.28464785
2.55	  0.28464785
2.57	  0.28464785
2.59	  0.28464785
2.61	  0.28464785
2.63	  0.28464785
2.65	  0.28464785
2.67	  0.28464785
2.69	  0.28464785
2.71	  0.28464785
2.73	  0.28464785
2.75	  0.28464785
2.77	  0.28464785
2.79	  0.28464785
2.81	  0.28464785
2.83	  0.28464785
2.85	  0.28464785
2.87	  0.28464785
2.89	  0.28464785
2.91	  0.28464785
2.93	  0.28464785
2.95	  0.28464785
2.97	  0.28464785
2.99	  0.28464785
3.01	  0.42486206
3.03	  0.42486206
3.05	  0.42486206
3.07	  0.42486206
3.09	  0.42486206
3.11	  0.42486206
3.13	  0.42486206
3.15	  0.42486206
3.17	  0.42486206
3.19	  0.42486206
3.21	  0.42486206
3.23	  0.42486206
3.25	  0.42486206
3.27	  0.42486206
3.29	  0.42486206
3.31	  0.42486206
3.33	  0.42486206
3.35	  0.42486206
3.37	  0.42486206
3.39	  0.42486206
3.41	  0.42486206
3.43	  0.42486206
3.45	  0.42486206
3.47	  0.42486206
3.49	  0.42486206
3.51	  0.42486206
3.53	  0.42486206
3.55	  0.42486206
3.57	  0.42486206
3.59	  0.42486206
3.61	  0.42486206
3.63	  0.42486206
3.65	  0.42486206
3.67	  0.42486206
3.69	  0.42486206
3.71	  0.42486206
3.73	  0.42486206
3.75	  0.42486206
3.77	  0.42486206
3.79	  0.42486206
3.81	  0.42486206
3.83	  0.42486206
3.85	  0.42486206
3.87	  0.42486206
3.89	  0.42486206
3.91	  0.42486206
3.93	  0.42486206
3.95	  0.42486206
3.97	  0.42486206
3.99	  0.42486206
4.01	  0.5520935
4.03	  0.5520935
4.05	  0.5520935
4.07	  0.5520935
4.09	  0.5520935
4.11	  0.5520935
4.13	  0.5520935
4.15	  0.5520935
4.17	  0.5520935
4.19	  0.5520935
4.21	  0.5520935
4.23	  0.5520935
4.25	  0.5520935
4.27	  0.5520935
4.29	  0.5520935
4.31	  0.5520935
4.33	  0.5520935
4.35	  0.5520935
4.37	  0.5520935
4.39	  0.5520935
4.41	  0.5520935
4.43	  0.5520935
4.45	  0.5520935
4.47	  0.5520935
4.49	  0.5520935
4.51	  0.5520935
4.53	  0.5520935
4.55	  0.5520935
4.57	  0.5520935
4.59	  0.5520935
4.61	  0.5520935
4.63	  0.5520935
4.65	  0.5520935
4.67	  0.5520935
4.69	  0.5520935
4.71	  0.5520935
4.73	  0.5520935
4.75	  0.5520935
4.77	  0.5520935
4.79	  0.5520935
4.81	  0.5520935
4.83	  0.5520935
4.85	  0.5520935
4.87	  0.5520935
4.89	  0.5520935
4.91	  0.5520935
4.93	  0.5520935
4.95	  0.5520935
4.97	  0.5520935
4.99	  0.5520935
5.01	  0.6932814
5.03	  0.6932814
5.05	  0.6932814
5.07	  0.6932814
5.09	  0.6932814
5.11	  0.6932814
5.13	  0.6932814
5.15	  0.6932814
5.17	  0.6932814
5.19	  0.6932814
5.21	  0.6932814
5.23	  0.6932814
5.25	  0.6932814
5.27	  0.6932814
5.29	  0.6932814
5.31	  0.6932814
5.33	  0.6932814
5.35	  0.6932814
5.37	  0.6932814
5.39	  0.6932814
5.41	  0.6932814
5.43	  0.6932814
5.45	  0.6932814
5.47	  0.6932814
5.49	  0.6932814
5.51	  0.6932814
5.53	  0.6932814
5.55	  0.6932814
5.57	  0.6932814
5.59	  0.6932814
5.61	  0.6932814
5.63	  0.6932814
5.65	  0.6932814
5.67	  0.6932814
5.69	  0.6932814
5.71	  0.6932814
5.73	  0.6932814
5.75	  0.6932814
5.77	  0.6932814
5.79	  0.6932814
5.81	  0.6932814
5.83	  0.6932814
5.85	  0.6932814
5.87	  0.6932814
5.89	  0.6932814
5.91	  0.6932814
5.93	  0.6932814
5.95	  0.6932814
5.97	  0.6932814
5.99	  0.6932814
6.01	  0.784161
6.03	  0.784161
6.05	  0.784161
6.07	  0.784161
6.09	  0.784161
6.11	  0.784161
6.13	  0.784161
6.15	  0.784161
6.17	  0.784161
6.19	  0.784161
6.21	  0.784161
6.23	  0.784161
6.25	  0.784161
6.27	  0.784161
6.29	  0.784161
6.31	  0.784161
6.33	  0.784161
6.35	  0.784161
6.37	  0.784161
6.39	  0.784161
6.41	  0.784161
6.43	  0.784161
6.45	  0.784161
6.47	  0.784161
6.49	  0.784161
6.51	  0.784161
6.53	  0.784161
6.55	  0.784161
6.57	  0.784161
6.59	  0.784161
6.61	  0.784161
6.63	  0.784161
6.65	  0.784161
6.67	  0.784161
6.69	  0.784161
6.71	  0.784161
6.73	  0.784161
6.75	  0.784161
6.77	  0.784161
6.79	  0.784161
6.81	  0.784161
6.83	  0.784161
6.85	  0.784161
6.87	  0.784161
6.89	  0.784161
6.91	  0.784161
6.93	  0.784161
6.95	  0.784161
6.97	  0.784161
6.99	  0.784161
7.01	  0.8542681
7.03	  0.8542681
7.05	  0.8542681
7.07	  0.8542681
7.09	  0.8542681
7.11	  0.8542681
7.13	  0.8542681
7.15	  0.8542681
7.17	  0.8542681
7.19	  0.8542681
7.21	  0.8542681
7.23	  0.8542681
7.25	  0.8542681
7.27	  0.8542681
7.29	  0.8542681
7.31	  0.8542681
7.33	  0.8542681
7.35	  0.8542681
7.37	  0.8542681
7.39	  0.8542681
7.41	  0.8542681
7.43	  0.8542681
7.45	  0.8542681
7.47	  0.8542681
7.49	  0.8542681
7.51	  0.8542681
7.53	  0.8542681
7.55	  0.8542681
7.57	  0.8542681
7.59	  0.8542681
7.61	  0.8542681
7.63	  0.8542681
7.65	  0.8542681
7.67	  0.8542681
7.69	  0.8542681
7.71	  0.8542681
7.73	  0.8542681
7.75	  0.8542681
7.77	  0.8542681
7.79	  0.8542681
7.81	  0.8542681
7.83	  0.8542681
7.85	  0.8542681
7.87	  0.8542681
7.89	  0.8542681
7.91	  0.8542681
7.93	  0.8542681
7.95	  0.8542681
7.97	  0.8542681
7.99	  0.8542681
8.01	  0.9178838
8.03	  0.9178838
8.05	  0.9178838
8.07	  0.9178838
8.09	  0.9178838
8.11	  0.9178838
8.13	  0.9178838
8.15	  0.9178838
8.17	  0.9178838
8.19	  0.9178838
8.21	  0.9178838
8.23	  0.9178838
8.25	  0.9178838
8.27	  0.9178838
8.29	  0.9178838
8.31	  0.9178838
8.33	  0.9178838
8.35	  0.9178838
8.37	  0.9178838
8.39	  0.9178838
8.41	  0.9178838
8.43	  0.9178838
8.45	  0.9178838
8.47	  0.9178838
8.49	  0.9178838
8.51	  0.9178838
8.53	  0.9178838
8.55	  0.9178838
8.57	  0.9178838
8.59	  0.9178838
8.61	  0.9178838
8.63	  0.9178838
8.65	  0.9178838
8.67	  0.9178838
8.69	  0.9178838
8.71	  0.9178838
8.73	  0.9178838
8.75	  0.9178838
8.77	  0.9178838
8.79	  0.9178838
8.81	  0.9178838
8.83	  0.9178838
8.85	  0.9178838
8.87	  0.9178838
8.89	  0.9178838
8.91	  0.9178838
8.93	  0.9178838
8.95	  0.9178838
8.97	  0.9178838
8.99	  0.9178838
9.01	  0.9727361
9.03	  0.9727361
9.05	  0.9727361
9.07	  0.9727361
9.09	  0.9727361
9.11	  0.9727361
9.13	  0.9727361
9.15	  0.9727361
9.17	  0.9727361
9.19	  0.9727361
9.21	  0.9727361
9.23	  0.9727361
9.25	  0.9727361
9.27	  0.9727361
9.29	  0.9727361
9.31	  0.9727361
9.33	  0.9727361
9.35	  0.9727361
9.37	  0.9727361
9.39	  0.9727361
9.41	  0.9727361
9.43	  0.9727361
9.45	  0.9727361
9.47	  0.9727361
9.49	  0.9727361
9.51	  0.9727361
9.53	  0.9727361
9.55	  0.9727361
9.57	  0.9727361
9.59	  0.9727361
9.61	  0.9727361
9.63	  0.9727361
9.65	  0.9727361
9.67	  0.9727361
9.69	  0.9727361
9.71	  0.9727361
9.73	  0.9727361
9.75	  0.9727361
9.77	  0.9727361
9.79	  0.9727361
9.81	  0.9727361
9.83	  0.9727361
9.85	  0.9727361
9.87	  0.9727361
9.89	  0.9727361
9.91	  0.9727361
9.93	  0.9727361
9.95	  0.9727361
9.97	  0.9727361
9.99	  0.9727361
10.01	  1.0
10.03	  1.0
10.05	  1.0
10.07	  1.0
10.09	  1.0
10.11	  1.0
10.13	  1.0
10.15	  1.0
10.17	  1.0
10.19	  1.0
10.21	  1.0
10.23	  1.0
10.25	  1.0
10.27	  1.0
10.29	  1.0
10.31	  1.0
10.33	  1.0
10.35	  1.0
10.37	  1.0
10.39	  1.0
10.41	  1.0
10.43	  1.0
10.45	  1.0
10.47	  1.0
10.49	  1.0



DATASET #2

     Name: Rate-Weighted
   Points: 500
     Info: 

Data[x,y]:
0.51	  0.0
0.53	  0.0
0.55	  0.0
0.57	  0.0
0.59	  0.0
0.61	  0.0
0.63	  0.0
0.65	  0.0
0.67	  0.0
0.69	  0.0
0.71	  0.0
0.73	  0.0
0.75	  0.0
0.77	  0.0
0.79	  0.0
0.81	  0.0
0.83	  0.0
0.85	  0.0
0.87	  0.0
0.89	  0.0
0.91	  0.0
0.93	  0.0
0.95	  0.0
0.97	  0.0
0.99	  0.0
1.01	  0.89934844
1.03	  0.89934844
1.05	  0.89934844
1.07	  0.89934844
1.09	  0.89934844
1.11	  0.89934844
1.13	  0.89934844
1.15	  0.89934844
1.17	  0.89934844
1.19	  0.89934844
1.21	  0.89934844
1.23	  0.89934844
1.25	  0.89934844
1.27	  0.89934844
1.29	  0.89934844
1.31	  0.89934844
1.33	  0.89934844
1.35	  0.89934844
1.37	  0.89934844
1.39	  0.89934844
1.41	  0.89934844
1.43	  0.89934844
1.45	  0.89934844
1.47	  0.89934844
1.49	  0.89934844
1.51	  0.89934844
1.53	  0.89934844
1.55	  0.89934844
1.57	  0.89934844
1.59	  0.89934844
1.61	  0.89934844
1.63	  0.89934844
1.65	  0.89934844
1.67	  0.89934844
1.69	  0.89934844
1.71	  0.89934844
1.73	  0.89934844
1.75	  0.89934844
1.77	  0.89934844
1.79	  0.89934844
1.81	  0.89934844
1.83	  0.89934844
1.85	  0.89934844
1.87	  0.89934844
1.89	  0.89934844
1.91	  0.89934844
1.93	  0.89934844
1.95	  0.89934844
1.97	  0.89934844
1.99	  0.89934844
2.01	  0.9705922
2.03	  0.9705922
2.05	  0.9705922
2.07	  0.9705922
2.09	  0.9705922
2.11	  0.9705922
2.13	  0.9705922
2.15	  0.9705922
2.17	  0.9705922
2.19	  0.9705922
2.21	  0.9705922
2.23	  0.9705922
2.25	  0.9705922
2.27	  0.9705922
2.29	  0.9705922
2.31	  0.9705922
2.33	  0.9705922
2.35	  0.9705922
2.37	  0.9705922
2.39	  0.9705922
2.41	  0.9705922
2.43	  0.9705922
2.45	  0.9705922
2.47	  0.9705922
2.49	  0.9705922
2.51	  0.9705922
2.53	  0.9705922
2.55	  0.9705922
2.57	  0.9705922
2.59	  0.9705922
2.61	  0.9705922
2.63	  0.9705922
2.65	  0.9705922
2.67	  0.9705922
2.69	  0.9705922
2.71	  0.9705922
2.73	  0.9705922
2.75	  0.9705922
2.77	  0.9705922
2.79	  0.9705922
2.81	  0.9705922
2.83	  0.9705922
2.85	  0.9705922
2.87	  0.9705922
2.89	  0.9705922
2.91	  0.9705922
2.93	  0.9705922
2.95	  0.9705922
2.97	  0.9705922
2.99	  0.9705922
3.01	  0.98485
3.03	  0.98485
3.05	  0.98485
3.07	  0.98485
3.09	  0.98485
3.11	  0.98485
3.13	  0.98485
3.15	  0.98485
3.17	  0.98485
3.19	  0.98485
3.21	  0.98485
3.23	  0.98485
3.25	  0.98485
3.27	  0.98485
3.29	  0.98485
3.31	  0.98485
3.33	  0.98485
3.35	  0.98485
3.37	  0.98485
3.39	  0.98485
3.41	  0.98485
3.43	  0.98485
3.45	  0.98485
3.47	  0.98485
3.49	  0.98485
3.51	  0.98485
3.53	  0.98485
3.55	  0.98485
3.57	  0.98485
3.59	  0.98485
3.61	  0.98485
3.63	  0.98485
3.65	  0.98485
3.67	  0.98485
3.69	  0.98485
3.71	  0.98485
3.73	  0.98485
3.75	  0.98485
3.77	  0.98485
3.79	  0.98485
3.81	  0.98485
3.83	  0.98485
3.85	  0.98485
3.87	  0.98485
3.89	  0.98485
3.91	  0.98485
3.93	  0.98485
3.95	  0.98485
3.97	  0.98485
3.99	  0.98485
4.01	  0.9905426
4.03	  0.9905426
4.05	  0.9905426
4.07	  0.9905426
4.09	  0.9905426
4.11	  0.9905426
4.13	  0.9905426
4.15	  0.9905426
4.17	  0.9905426
4.19	  0.9905426
4.21	  0.9905426
4.23	  0.9905426
4.25	  0.9905426
4.27	  0.9905426
4.29	  0.9905426
4.31	  0.9905426
4.33	  0.9905426
4.35	  0.9905426
4.37	  0.9905426
4.39	  0.9905426
4.41	  0.9905426
4.43	  0.9905426
4.45	  0.9905426
4.47	  0.9905426
4.49	  0.9905426
4.51	  0.9905426
4.53	  0.9905426
4.55	  0.9905426
4.57	  0.9905426
4.59	  0.9905426
4.61	  0.9905426
4.63	  0.9905426
4.65	  0.9905426
4.67	  0.9905426
4.69	  0.9905426
4.71	  0.9905426
4.73	  0.9905426
4.75	  0.9905426
4.77	  0.9905426
4.79	  0.9905426
4.81	  0.9905426
4.83	  0.9905426
4.85	  0.9905426
4.87	  0.9905426
4.89	  0.9905426
4.91	  0.9905426
4.93	  0.9905426
4.95	  0.9905426
4.97	  0.9905426
4.99	  0.9905426
5.01	  0.9938703
5.03	  0.9938703
5.05	  0.9938703
5.07	  0.9938703
5.09	  0.9938703
5.11	  0.9938703
5.13	  0.9938703
5.15	  0.9938703
5.17	  0.9938703
5.19	  0.9938703
5.21	  0.9938703
5.23	  0.9938703
5.25	  0.9938703
5.27	  0.9938703
5.29	  0.9938703
5.31	  0.9938703
5.33	  0.9938703
5.35	  0.9938703
5.37	  0.9938703
5.39	  0.9938703
5.41	  0.9938703
5.43	  0.9938703
5.45	  0.9938703
5.47	  0.9938703
5.49	  0.9938703
5.51	  0.9938703
5.53	  0.9938703
5.55	  0.9938703
5.57	  0.9938703
5.59	  0.9938703
5.61	  0.9938703
5.63	  0.9938703
5.65	  0.9938703
5.67	  0.9938703
5.69	  0.9938703
5.71	  0.9938703
5.73	  0.9938703
5.75	  0.9938703
5.77	  0.9938703
5.79	  0.9938703
5.81	  0.9938703
5.83	  0.9938703
5.85	  0.9938703
5.87	  0.9938703
5.89	  0.9938703
5.91	  0.9938703
5.93	  0.9938703
5.95	  0.9938703
5.97	  0.9938703
5.99	  0.9938703
6.01	  0.9957684
6.03	  0.9957684
6.05	  0.9957684
6.07	  0.9957684
6.09	  0.9957684
6.11	  0.9957684
6.13	  0.9957684
6.15	  0.9957684
6.17	  0.9957684
6.19	  0.9957684
6.21	  0.9957684
6.23	  0.9957684
6.25	  0.9957684
6.27	  0.9957684
6.29	  0.9957684
6.31	  0.9957684
6.33	  0.9957684
6.35	  0.9957684
6.37	  0.9957684
6.39	  0.9957684
6.41	  0.9957684
6.43	  0.9957684
6.45	  0.9957684
6.47	  0.9957684
6.49	  0.9957684
6.51	  0.9957684
6.53	  0.9957684
6.55	  0.9957684
6.57	  0.9957684
6.59	  0.9957684
6.61	  0.9957684
6.63	  0.9957684
6.65	  0.9957684
6.67	  0.9957684
6.69	  0.9957684
6.71	  0.9957684
6.73	  0.9957684
6.75	  0.9957684
6.77	  0.9957684
6.79	  0.9957684
6.81	  0.9957684
6.83	  0.9957684
6.85	  0.9957684
6.87	  0.9957684
6.89	  0.9957684
6.91	  0.9957684
6.93	  0.9957684
6.95	  0.9957684
6.97	  0.9957684
6.99	  0.9957684
7.01	  0.9969771
7.03	  0.9969771
7.05	  0.9969771
7.07	  0.9969771
7.09	  0.9969771
7.11	  0.9969771
7.13	  0.9969771
7.15	  0.9969771
7.17	  0.9969771
7.19	  0.9969771
7.21	  0.9969771
7.23	  0.9969771
7.25	  0.9969771
7.27	  0.9969771
7.29	  0.9969771
7.31	  0.9969771
7.33	  0.9969771
7.35	  0.9969771
7.37	  0.9969771
7.39	  0.9969771
7.41	  0.9969771
7.43	  0.9969771
7.45	  0.9969771
7.47	  0.9969771
7.49	  0.9969771
7.51	  0.9969771
7.53	  0.9969771
7.55	  0.9969771
7.57	  0.9969771
7.59	  0.9969771
7.61	  0.9969771
7.63	  0.9969771
7.65	  0.9969771
7.67	  0.9969771
7.69	  0.9969771
7.71	  0.9969771
7.73	  0.9969771
7.75	  0.9969771
7.77	  0.9969771
7.79	  0.9969771
7.81	  0.9969771
7.83	  0.9969771
7.85	  0.9969771
7.87	  0.9969771
7.89	  0.9969771
7.91	  0.9969771
7.93	  0.9969771
7.95	  0.9969771
7.97	  0.9969771
7.99	  0.9969771
8.01	  0.99766153
8.03	  0.99766153
8.05	  0.99766153
8.07	  0.99766153
8.09	  0.99766153
8.11	  0.99766153
8.13	  0.99766153
8.15	  0.99766153
8.17	  0.99766153
8.19	  0.99766153
8.21	  0.99766153
8.23	  0.99766153
8.25	  0.99766153
8.27	  0.99766153
8.29	  0.99766153
8.31	  0.99766153
8.33	  0.99766153
8.35	  0.99766153
8.37	  0.99766153
8.39	  0.99766153
8.41	  0.99766153
8.43	  0.99766153
8.45	  0.99766153
8.47	  0.99766153
8.49	  0.99766153
8.51	  0.99766153
8.53	  0.99766153
8.55	  0.99766153
8.57	  0.99766153
8.59	  0.99766153
8.61	  0.99766153
8.63	  0.99766153
8.65	  0.99766153
8.67	  0.99766153
8.69	  0.99766153
8.71	  0.99766153
8.73	  0.99766153
8.75	  0.99766153
8.77	  0.99766153
8.79	  0.99766153
8.81	  0.99766153
8.83	  0.99766153
8.85	  0.99766153
8.87	  0.99766153
8.89	  0.99766153
8.91	  0.99766153
8.93	  0.99766153
8.95	  0.99766153
8.97	  0.99766153
8.99	  0.99766153
9.01	  0.99831927
9.03	  0.99831927
9.05	  0.99831927
9.07	  0.99831927
9.09	  0.99831927
9.11	  0.99831927
9.13	  0.99831927
9.15	  0.99831927
9.17	  0.99831927
9.19	  0.99831927
9.21	  0.99831927
9.23	  0.99831927
9.25	  0.99831927
9.27	  0.99831927
9.29	  0.99831927
9.31	  0.99831927
9.33	  0.99831927
9.35	  0.99831927
9.37	  0.99831927
9.39	  0.99831927
9.41	  0.99831927
9.43	  0.99831927
9.45	  0.99831927
9.47	  0.99831927
9.49	  0.99831927
9.51	  0.99831927
9.53	  0.99831927
9.55	  0.99831927
9.57	  0.99831927
9.59	  0.99831927
9.61	  0.99831927
9.63	  0.99831927
9.65	  0.99831927
9.67	  0.99831927
9.69	  0.99831927
9.71	  0.99831927
9.73	  0.99831927
9.75	  0.99831927
9.77	  0.99831927
9.79	  0.99831927
9.81	  0.99831927
9.83	  0.99831927
9.85	  0.99831927
9.87	  0.99831927
9.89	  0.99831927
9.91	  0.99831927
9.93	  0.99831927
9.95	  0.99831927
9.97	  0.99831927
9.99	  0.99831927
10.01	  1.0
10.03	  1.0
10.05	  1.0
10.07	  1.0
10.09	  1.0
10.11	  1.0
10.13	  1.0
10.15	  1.0
10.17	  1.0
10.19	  1.0
10.21	  1.0
10.23	  1.0
10.25	  1.0
10.27	  1.0
10.29	  1.0
10.31	  1.0
10.33	  1.0
10.35	  1.0
10.37	  1.0
10.39	  1.0
10.41	  1.0
10.43	  1.0
10.45	  1.0
10.47	  1.0
10.49	  1.0



DATASET #3

     Name: Common
   Points: 500
     Info: 

Data[x,y]:
0.51	  NaN
0.53	  NaN
0.55	  NaN
0.57	  NaN
0.59	  NaN
0.61	  NaN
0.63	  NaN
0.65	  NaN
0.67	  NaN
0.69	  NaN
0.71	  NaN
0.73	  NaN
0.75	  NaN
0.77	  NaN
0.79	  NaN
0.81	  NaN
0.83	  NaN
0.85	  NaN
0.87	  NaN
0.89	  NaN
0.91	  NaN
0.93	  NaN
0.95	  NaN
0.97	  NaN
0.99	  NaN
1.01	  NaN
1.03	  NaN
1.05	  NaN
1.07	  NaN
1.09	  NaN
1.11	  NaN
1.13	  NaN
1.15	  NaN
1.17	  NaN
1.19	  NaN
1.21	  NaN
1.23	  NaN
1.25	  NaN
1.27	  NaN
1.29	  NaN
1.31	  NaN
1.33	  NaN
1.35	  NaN
1.37	  NaN
1.39	  NaN
1.41	  NaN
1.43	  NaN
1.45	  NaN
1.47	  NaN
1.49	  NaN
1.51	  NaN
1.53	  NaN
1.55	  NaN
1.57	  NaN
1.59	  NaN
1.61	  NaN
1.63	  NaN
1.65	  NaN
1.67	  NaN
1.69	  NaN
1.71	  NaN
1.73	  NaN
1.75	  NaN
1.77	  NaN
1.79	  NaN
1.81	  NaN
1.83	  NaN
1.85	  NaN
1.87	  NaN
1.89	  NaN
1.91	  NaN
1.93	  NaN
1.95	  NaN
1.97	  NaN
1.99	  NaN
2.01	  NaN
2.03	  NaN
2.05	  NaN
2.07	  NaN
2.09	  NaN
2.11	  NaN
2.13	  NaN
2.15	  NaN
2.17	  NaN
2.19	  NaN
2.21	  NaN
2.23	  NaN
2.25	  NaN
2.27	  NaN
2.29	  NaN
2.31	  NaN
2.33	  NaN
2.35	  NaN
2.37	  NaN
2.39	  NaN
2.41	  NaN
2.43	  NaN
2.45	  NaN
2.47	  NaN
2.49	  NaN
2.51	  NaN
2.53	  NaN
2.55	  NaN
2.57	  NaN
2.59	  NaN
2.61	  NaN
2.63	  NaN
2.65	  NaN
2.67	  NaN
2.69	  NaN
2.71	  NaN
2.73	  NaN
2.75	  NaN
2.77	  NaN
2.79	  NaN
2.81	  NaN
2.83	  NaN
2.85	  NaN
2.87	  NaN
2.89	  NaN
2.91	  NaN
2.93	  NaN
2.95	  NaN
2.97	  NaN
2.99	  NaN
3.01	  NaN
3.03	  NaN
3.05	  NaN
3.07	  NaN
3.09	  NaN
3.11	  NaN
3.13	  NaN
3.15	  NaN
3.17	  NaN
3.19	  NaN
3.21	  NaN
3.23	  NaN
3.25	  NaN
3.27	  NaN
3.29	  NaN
3.31	  NaN
3.33	  NaN
3.35	  NaN
3.37	  NaN
3.39	  NaN
3.41	  NaN
3.43	  NaN
3.45	  NaN
3.47	  NaN
3.49	  NaN
3.51	  NaN
3.53	  NaN
3.55	  NaN
3.57	  NaN
3.59	  NaN
3.61	  NaN
3.63	  NaN
3.65	  NaN
3.67	  NaN
3.69	  NaN
3.71	  NaN
3.73	  NaN
3.75	  NaN
3.77	  NaN
3.79	  NaN
3.81	  NaN
3.83	  NaN
3.85	  NaN
3.87	  NaN
3.89	  NaN
3.91	  NaN
3.93	  NaN
3.95	  NaN
3.97	  NaN
3.99	  NaN
4.01	  NaN
4.03	  NaN
4.05	  NaN
4.07	  NaN
4.09	  NaN
4.11	  NaN
4.13	  NaN
4.15	  NaN
4.17	  NaN
4.19	  NaN
4.21	  NaN
4.23	  NaN
4.25	  NaN
4.27	  NaN
4.29	  NaN
4.31	  NaN
4.33	  NaN
4.35	  NaN
4.37	  NaN
4.39	  NaN
4.41	  NaN
4.43	  NaN
4.45	  NaN
4.47	  NaN
4.49	  NaN
4.51	  NaN
4.53	  NaN
4.55	  NaN
4.57	  NaN
4.59	  NaN
4.61	  NaN
4.63	  NaN
4.65	  NaN
4.67	  NaN
4.69	  NaN
4.71	  NaN
4.73	  NaN
4.75	  NaN
4.77	  NaN
4.79	  NaN
4.81	  NaN
4.83	  NaN
4.85	  NaN
4.87	  NaN
4.89	  NaN
4.91	  NaN
4.93	  NaN
4.95	  NaN
4.97	  NaN
4.99	  NaN
5.01	  NaN
5.03	  NaN
5.05	  NaN
5.07	  NaN
5.09	  NaN
5.11	  NaN
5.13	  NaN
5.15	  NaN
5.17	  NaN
5.19	  NaN
5.21	  NaN
5.23	  NaN
5.25	  NaN
5.27	  NaN
5.29	  NaN
5.31	  NaN
5.33	  NaN
5.35	  NaN
5.37	  NaN
5.39	  NaN
5.41	  NaN
5.43	  NaN
5.45	  NaN
5.47	  NaN
5.49	  NaN
5.51	  NaN
5.53	  NaN
5.55	  NaN
5.57	  NaN
5.59	  NaN
5.61	  NaN
5.63	  NaN
5.65	  NaN
5.67	  NaN
5.69	  NaN
5.71	  NaN
5.73	  NaN
5.75	  NaN
5.77	  NaN
5.79	  NaN
5.81	  NaN
5.83	  NaN
5.85	  NaN
5.87	  NaN
5.89	  NaN
5.91	  NaN
5.93	  NaN
5.95	  NaN
5.97	  NaN
5.99	  NaN
6.01	  NaN
6.03	  NaN
6.05	  NaN
6.07	  NaN
6.09	  NaN
6.11	  NaN
6.13	  NaN
6.15	  NaN
6.17	  NaN
6.19	  NaN
6.21	  NaN
6.23	  NaN
6.25	  NaN
6.27	  NaN
6.29	  NaN
6.31	  NaN
6.33	  NaN
6.35	  NaN
6.37	  NaN
6.39	  NaN
6.41	  NaN
6.43	  NaN
6.45	  NaN
6.47	  NaN
6.49	  NaN
6.51	  NaN
6.53	  NaN
6.55	  NaN
6.57	  NaN
6.59	  NaN
6.61	  NaN
6.63	  NaN
6.65	  NaN
6.67	  NaN
6.69	  NaN
6.71	  NaN
6.73	  NaN
6.75	  NaN
6.77	  NaN
6.79	  NaN
6.81	  NaN
6.83	  NaN
6.85	  NaN
6.87	  NaN
6.89	  NaN
6.91	  NaN
6.93	  NaN
6.95	  NaN
6.97	  NaN
6.99	  NaN
7.01	  NaN
7.03	  NaN
7.05	  NaN
7.07	  NaN
7.09	  NaN
7.11	  NaN
7.13	  NaN
7.15	  NaN
7.17	  NaN
7.19	  NaN
7.21	  NaN
7.23	  NaN
7.25	  NaN
7.27	  NaN
7.29	  NaN
7.31	  NaN
7.33	  NaN
7.35	  NaN
7.37	  NaN
7.39	  NaN
7.41	  NaN
7.43	  NaN
7.45	  NaN
7.47	  NaN
7.49	  NaN
7.51	  NaN
7.53	  NaN
7.55	  NaN
7.57	  NaN
7.59	  NaN
7.61	  NaN
7.63	  NaN
7.65	  NaN
7.67	  NaN
7.69	  NaN
7.71	  NaN
7.73	  NaN
7.75	  NaN
7.77	  NaN
7.79	  NaN
7.81	  NaN
7.83	  NaN
7.85	  NaN
7.87	  NaN
7.89	  NaN
7.91	  NaN
7.93	  NaN
7.95	  NaN
7.97	  NaN
7.99	  NaN
8.01	  NaN
8.03	  NaN
8.05	  NaN
8.07	  NaN
8.09	  NaN
8.11	  NaN
8.13	  NaN
8.15	  NaN
8.17	  NaN
8.19	  NaN
8.21	  NaN
8.23	  NaN
8.25	  NaN
8.27	  NaN
8.29	  NaN
8.31	  NaN
8.33	  NaN
8.35	  NaN
8.37	  NaN
8.39	  NaN
8.41	  NaN
8.43	  NaN
8.45	  NaN
8.47	  NaN
8.49	  NaN
8.51	  NaN
8.53	  NaN
8.55	  NaN
8.57	  NaN
8.59	  NaN
8.61	  NaN
8.63	  NaN
8.65	  NaN
8.67	  NaN
8.69	  NaN
8.71	  NaN
8.73	  NaN
8.75	  NaN
8.77	  NaN
8.79	  NaN
8.81	  NaN
8.83	  NaN
8.85	  NaN
8.87	  NaN
8.89	  NaN
8.91	  NaN
8.93	  NaN
8.95	  NaN
8.97	  NaN
8.99	  NaN
9.01	  NaN
9.03	  NaN
9.05	  NaN
9.07	  NaN
9.09	  NaN
9.11	  NaN
9.13	  NaN
9.15	  NaN
9.17	  NaN
9.19	  NaN
9.21	  NaN
9.23	  NaN
9.25	  NaN
9.27	  NaN
9.29	  NaN
9.31	  NaN
9.33	  NaN
9.35	  NaN
9.37	  NaN
9.39	  NaN
9.41	  NaN
9.43	  NaN
9.45	  NaN
9.47	  NaN
9.49	  NaN
9.51	  NaN
9.53	  NaN
9.55	  NaN
9.57	  NaN
9.59	  NaN
9.61	  NaN
9.63	  NaN
9.65	  NaN
9.67	  NaN
9.69	  NaN
9.71	  NaN
9.73	  NaN
9.75	  NaN
9.77	  NaN
9.79	  NaN
9.81	  NaN
9.83	  NaN
9.85	  NaN
9.87	  NaN
9.89	  NaN
9.91	  NaN
9.93	  NaN
9.95	  NaN
9.97	  NaN
9.99	  NaN
10.01	  NaN
10.03	  NaN
10.05	  NaN
10.07	  NaN
10.09	  NaN
10.11	  NaN
10.13	  NaN
10.15	  NaN
10.17	  NaN
10.19	  NaN
10.21	  NaN
10.23	  NaN
10.25	  NaN
10.27	  NaN
10.29	  NaN
10.31	  NaN
10.33	  NaN
10.35	  NaN
10.37	  NaN
10.39	  NaN
10.41	  NaN
10.43	  NaN
10.45	  NaN
10.47	  NaN
10.49	  NaN


