
X-Axis: Cumulative Azimuth Change (degrees)
Y-Axis: Cumulative Fraction
Number of Data Sets: 3


DATASET #1

     Name: As Discretized
   Points: 700
     Info: 

Data[x,y]:
0.2	  0.075300224
0.6	  0.080817915
1.0	  0.08406362
1.4	  0.08601104
1.8	  0.10418695
2.2	  0.12106459
2.6	  0.1308017
3.0	  0.13404739
3.4	  0.1359948
3.8	  0.14086336
4.2	  0.14800389
4.6	  0.14800389
5.0	  0.1544953
5.4	  0.15806556
5.8	  0.16098669
6.2	  0.16163583
6.6	  0.16293411
7.0	  0.1661798
7.4	  0.17396949
7.8	  0.1814346
8.2	  0.18403116
8.6	  0.18630315
9.0	  0.19019799
9.4	  0.1944174
9.8	  0.19701396
10.2	  0.20220707
10.6	  0.20545277
11.0	  0.21226874
11.4	  0.21421616
11.8	  0.21681273
12.2	  0.2213567
12.6	  0.22265498
13.0	  0.22362868
13.4	  0.22622526
13.8	  0.22849724
14.2	  0.23206751
14.6	  0.23401493
15.0	  0.23563778
15.4	  0.2385589
15.8	  0.24212918
16.2	  0.24440117
16.6	  0.24732229
17.0	  0.24894515
17.4	  0.24959429
17.8	  0.2515417
18.2	  0.25446284
18.6	  0.25998053
19.0	  0.2635508
19.4	  0.26971763
19.8	  0.27134046
20.2	  0.27263877
20.6	  0.27393705
21.0	  0.27783188
21.4	  0.27880558
21.8	  0.283025
22.2	  0.2849724
22.6	  0.2849724
23.0	  0.2849724
23.4	  0.2849724
23.8	  0.28594613
24.2	  0.2872444
24.6	  0.28789353
25.0	  0.28886726
25.4	  0.2904901
25.8	  0.29406038
26.2	  0.29600778
26.6	  0.2982798
27.0	  0.3012009
27.4	  0.3044466
27.8	  0.30736774
28.2	  0.3099643
28.6	  0.31288543
29.0	  0.31483284
29.4	  0.31775397
29.8	  0.32002598
30.2	  0.32099968
30.6	  0.32197338
31.0	  0.32586822
31.4	  0.3271665
31.8	  0.3294385
32.2	  0.33008763
32.6	  0.3326842
33.0	  0.3326842
33.4	  0.3326842
33.8	  0.33398247
34.2	  0.33430704
34.6	  0.33625448
35.0	  0.33755276
35.4	  0.33852646
35.8	  0.33885103
36.2	  0.33950016
36.6	  0.34079844
37.0	  0.341123
37.4	  0.34469327
37.8	  0.3466407
38.2	  0.34793898
38.6	  0.34923726
39.0	  0.35183382
39.4	  0.35378125
39.8	  0.35507953
40.2	  0.3576761
40.6	  0.3592989
41.0	  0.3618955
41.4	  0.36222005
41.8	  0.36514118
42.2	  0.36579034
42.6	  0.37000975
43.0	  0.37293085
43.4	  0.37520286
43.8	  0.37520286
44.2	  0.37715027
44.6	  0.38201883
45.0	  0.38201883
45.4	  0.38364166
45.8	  0.38493997
46.2	  0.38721195
46.6	  0.38915935
47.0	  0.39143136
47.4	  0.39565077
47.8	  0.39597532
48.2	  0.39694905
48.6	  0.39694905
49.0	  0.39857188
49.4	  0.40246674
49.8	  0.40668613
50.2	  0.40863356
50.6	  0.41187927
51.0	  0.41512495
51.4	  0.4190198
51.8	  0.4264849
52.2	  0.42713404
52.6	  0.4274586
53.0	  0.4297306
53.4	  0.43816942
53.8	  0.43979228
54.2	  0.44336253
54.6	  0.44693282
55.0	  0.44758195
55.4	  0.44888023
55.8	  0.44888023
56.2	  0.4501785
56.6	  0.4654333
57.0	  0.47127557
57.4	  0.47581953
57.8	  0.47679326
58.2	  0.47938982
58.6	  0.49107432
59.0	  0.5030834
59.4	  0.51346964
59.8	  0.5141188
60.2	  0.51476794
60.6	  0.52093476
61.0	  0.52775073
61.4	  0.5345667
61.8	  0.53716326
62.2	  0.53716326
62.6	  0.5374878
63.0	  0.5374878
63.4	  0.54008436
63.8	  0.54040897
64.2	  0.5410581
64.6	  0.5417072
65.0	  0.5433301
65.4	  0.54527754
65.8	  0.54917234
66.2	  0.55014604
66.6	  0.55047065
67.0	  0.55339175
67.4	  0.55663747
67.8	  0.55663747
68.2	  0.5579357
68.6	  0.5598832
69.0	  0.5618306
69.4	  0.56767285
69.8	  0.56767285
70.2	  0.56767285
70.6	  0.5679974
71.0	  0.57059395
71.4	  0.57286596
71.8	  0.5735151
72.2	  0.5735151
72.6	  0.57383966
73.0	  0.5770854
73.4	  0.5770854
73.8	  0.5770854
74.2	  0.5774099
74.6	  0.5774099
75.0	  0.57870823
75.4	  0.5800065
75.8	  0.5803311
76.2	  0.5822785
76.6	  0.58292764
77.0	  0.5832522
77.4	  0.59006816
77.8	  0.5926647
78.2	  0.593963
78.6	  0.598507
79.0	  0.6024018
79.4	  0.6075949
79.8	  0.6079195
80.2	  0.6105161
80.6	  0.6127881
81.0	  0.6131126
81.4	  0.6131126
81.8	  0.6170075
82.2	  0.6170075
82.6	  0.6186303
83.0	  0.6209023
83.4	  0.62122685
83.8	  0.62122685
84.2	  0.62252516
84.6	  0.62252516
85.0	  0.6228497
85.4	  0.6228497
85.8	  0.6231743
86.2	  0.624148
86.6	  0.62577087
87.0	  0.62577087
87.4	  0.6260954
87.8	  0.6260954
88.2	  0.6283674
88.6	  0.6283674
89.0	  0.6283674
89.4	  0.628692
89.8	  0.6290166
90.2	  0.6293411
90.6	  0.6293411
91.0	  0.6293411
91.4	  0.6296657
91.8	  0.6296657
92.2	  0.6296657
92.6	  0.6296657
93.0	  0.6296657
93.4	  0.6296657
93.8	  0.6296657
94.2	  0.6303148
94.6	  0.6303148
95.0	  0.6303148
95.4	  0.6306394
95.8	  0.6306394
96.2	  0.6306394
96.6	  0.6312885
97.0	  0.6312885
97.4	  0.63226223
97.8	  0.63453424
98.2	  0.63453424
98.6	  0.63453424
99.0	  0.63453424
99.4	  0.6348588
99.8	  0.6348588
100.2	  0.63648164
100.6	  0.63680625
101.0	  0.6371308
101.4	  0.6381045
101.8	  0.6381045
102.2	  0.6384291
102.6	  0.6384291
103.0	  0.6384291
103.4	  0.63972735
103.8	  0.64102566
104.2	  0.64102566
104.6	  0.64167476
105.0	  0.6423239
105.4	  0.6455696
105.8	  0.6465433
106.2	  0.6465433
106.6	  0.6471925
107.0	  0.6471925
107.4	  0.6471925
107.8	  0.6471925
108.2	  0.6471925
108.6	  0.64784163
109.0	  0.65076274
109.4	  0.6523856
109.8	  0.65271014
110.2	  0.65303475
110.6	  0.65303475
111.0	  0.65368384
111.4	  0.65368384
111.8	  0.65400845
112.2	  0.654333
112.6	  0.654333
113.0	  0.6546576
113.4	  0.6546576
113.8	  0.6553067
114.2	  0.6556313
114.6	  0.65595585
115.0	  0.65595585
115.4	  0.65595585
115.8	  0.65692955
116.2	  0.65725416
116.6	  0.65790325
117.0	  0.65822786
117.4	  0.6585524
117.8	  0.658877
118.2	  0.658877
118.6	  0.658877
119.0	  0.65920156
119.4	  0.6595261
119.8	  0.6598507
120.2	  0.66017526
120.6	  0.66017526
121.0	  0.6604998
121.4	  0.6614736
121.8	  0.6617981
122.2	  0.6617981
122.6	  0.6627718
123.0	  0.6627718
123.4	  0.6627718
123.8	  0.6637455
124.2	  0.6653684
124.6	  0.6663421
125.0	  0.6676404
125.4	  0.66828954
125.8	  0.66893864
126.2	  0.66893864
126.6	  0.6708861
127.0	  0.67121065
127.4	  0.67348266
127.8	  0.6738072
128.2	  0.67543006
128.6	  0.67543006
129.0	  0.67737746
129.4	  0.6790003
129.8	  0.67932487
130.2	  0.679974
130.6	  0.6809477
131.0	  0.6815969
131.4	  0.6825706
131.8	  0.68451804
132.2	  0.6848426
132.6	  0.6858163
133.0	  0.68614084
133.4	  0.68646544
133.8	  0.68646544
134.2	  0.68646544
134.6	  0.68646544
135.0	  0.68646544
135.4	  0.68743914
135.8	  0.6877637
136.2	  0.6877637
136.6	  0.68873745
137.0	  0.68971115
137.4	  0.68971115
137.8	  0.69036025
138.2	  0.69036025
138.6	  0.69068485
139.0	  0.69068485
139.4	  0.69068485
139.8	  0.69068485
140.2	  0.6910094
140.6	  0.69165856
141.0	  0.6923077
141.4	  0.69393057
141.8	  0.69393057
142.2	  0.6942551
142.6	  0.69457966
143.0	  0.6952288
143.4	  0.6965271
143.8	  0.6971762
144.2	  0.69815
144.6	  0.6984745
145.0	  0.6984745
145.4	  0.6984745
145.8	  0.6994482
146.2	  0.6997728
146.6	  0.7000974
147.0	  0.7004219
147.4	  0.70074654
147.8	  0.70172024
148.2	  0.7020448
148.6	  0.7033431
149.0	  0.70366764
149.4	  0.70366764
149.8	  0.7039922
150.2	  0.7039922
150.6	  0.7039922
151.0	  0.7043168
151.4	  0.70464134
151.8	  0.70464134
152.2	  0.70496595
152.6	  0.70496595
153.0	  0.70496595
153.4	  0.7052905
153.8	  0.70561504
154.2	  0.70561504
154.6	  0.70691335
155.0	  0.70691335
155.4	  0.7072379
155.8	  0.7082116
156.2	  0.71015906
156.6	  0.7114573
157.0	  0.71308017
157.4	  0.7137293
157.8	  0.71405387
158.2	  0.71405387
158.6	  0.71794873
159.0	  0.71794873
159.4	  0.7185978
159.8	  0.7185978
160.2	  0.71892244
160.6	  0.719247
161.0	  0.719247
161.4	  0.719247
161.8	  0.719247
162.2	  0.72086984
162.6	  0.72314185
163.0	  0.7234664
163.4	  0.72411555
163.8	  0.7247647
164.2	  0.7247647
164.6	  0.7247647
165.0	  0.7247647
165.4	  0.7247647
165.8	  0.7247647
166.2	  0.7247647
166.6	  0.7247647
167.0	  0.7247647
167.4	  0.7247647
167.8	  0.7247647
168.2	  0.7247647
168.6	  0.7247647
169.0	  0.7247647
169.4	  0.72508925
169.8	  0.7254138
170.2	  0.7254138
170.6	  0.7257384
171.0	  0.72606295
171.4	  0.72606295
171.8	  0.72638756
172.2	  0.72638756
172.6	  0.72703665
173.0	  0.72703665
173.4	  0.72703665
173.8	  0.7280104
174.2	  0.72833496
174.6	  0.72833496
175.0	  0.7296332
175.4	  0.7299578
175.8	  0.7299578
176.2	  0.73028237
176.6	  0.73028237
177.0	  0.73028237
177.4	  0.730607
177.8	  0.7315807
178.2	  0.7315807
178.6	  0.7319052
179.0	  0.7319052
179.4	  0.7345018
179.8	  0.7364492
180.2	  0.7364492
180.6	  0.7367738
181.0	  0.7377475
181.4	  0.73807204
181.8	  0.73937035
182.2	  0.73937035
182.6	  0.73937035
183.0	  0.7406686
183.4	  0.74229145
183.8	  0.74261606
184.2	  0.7452126
184.6	  0.7458617
185.0	  0.7487829
185.4	  0.7487829
185.8	  0.7507303
186.2	  0.75235313
186.6	  0.75235313
187.0	  0.75527424
187.4	  0.7620902
187.8	  0.76371306
188.2	  0.7663096
188.6	  0.7740993
189.0	  0.7763713
189.4	  0.7763713
189.8	  0.7763713
190.2	  0.7786433
190.6	  0.7786433
191.0	  0.77929246
191.4	  0.77929246
191.8	  0.77929246
192.2	  0.77929246
192.6	  0.77929246
193.0	  0.77929246
193.4	  0.77929246
193.8	  0.77929246
194.2	  0.77929246
194.6	  0.78026617
195.0	  0.7835118
195.4	  0.7835118
195.8	  0.7835118
196.2	  0.7835118
196.6	  0.7874067
197.0	  0.7874067
197.4	  0.7874067
197.8	  0.78805584
198.2	  0.788705
198.6	  0.7925998
199.0	  0.79649466
199.4	  0.79649466
199.8	  0.79649466
200.2	  0.7990912
200.6	  0.7990912
201.0	  0.7990912
201.4	  0.7990912
201.8	  0.7997403
202.2	  0.8016878
202.6	  0.8016878
203.0	  0.8020123
203.4	  0.8020123
203.8	  0.8020123
204.2	  0.80428433
204.6	  0.8059072
205.0	  0.8059072
205.4	  0.8059072
205.8	  0.8059072
206.2	  0.80753005
206.6	  0.8182408
207.0	  0.8373905
207.4	  0.837715
207.8	  0.837715
208.2	  0.837715
208.6	  0.8416099
209.0	  0.84290814
209.4	  0.86108404
209.8	  0.86140865
210.2	  0.86140865
210.6	  0.86140865
211.0	  0.86140865
211.4	  0.86140865
211.8	  0.86140865
212.2	  0.86140865
212.6	  0.86140865
213.0	  0.8627069
213.4	  0.8627069
213.8	  0.8627069
214.2	  0.8727686
214.6	  0.8779617
215.0	  0.87926
215.4	  0.88088286
215.8	  0.88088286
216.2	  0.88088286
216.6	  0.88088286
217.0	  0.8831548
217.4	  0.8831548
217.8	  0.8831548
218.2	  0.8831548
218.6	  0.8831548
219.0	  0.8831548
219.4	  0.8831548
219.8	  0.8831548
220.2	  0.8831548
220.6	  0.8831548
221.0	  0.8831548
221.4	  0.8831548
221.8	  0.8831548
222.2	  0.8831548
222.6	  0.8831548
223.0	  0.886076
223.4	  0.8870497
223.8	  0.8870497
224.2	  0.8870497
224.6	  0.8870497
225.0	  0.8909445
225.4	  0.8909445
225.8	  0.89386564
226.2	  0.89483935
226.6	  0.89483935
227.0	  0.89483935
227.4	  0.89483935
227.8	  0.89483935
228.2	  0.89483935
228.6	  0.89873415
229.0	  0.89873415
229.4	  0.89873415
229.8	  0.89873415
230.2	  0.89873415
230.6	  0.89873415
231.0	  0.89873415
231.4	  0.89873415
231.8	  0.89873415
232.2	  0.89873415
232.6	  0.89873415
233.0	  0.89873415
233.4	  0.89873415
233.8	  0.89873415
234.2	  0.89873415
234.6	  0.89873415
235.0	  0.902629
235.4	  0.902629
235.8	  0.902629
236.2	  0.902629
236.6	  0.902629
237.0	  0.902629
237.4	  0.902629
237.8	  0.902629
238.2	  0.9061993
238.6	  0.9065239
239.0	  0.9065239
239.4	  0.9065239
239.8	  0.9065239
240.2	  0.9065239
240.6	  0.9065239
241.0	  0.9065239
241.4	  0.9065239
241.8	  0.9065239
242.2	  0.9065239
242.6	  0.9065239
243.0	  0.9065239
243.4	  0.9065239
243.8	  0.9065239
244.2	  0.9065239
244.6	  0.9065239
245.0	  0.9065239
245.4	  0.9065239
245.8	  0.9065239
246.2	  0.9065239
246.6	  0.9065239
247.0	  0.9065239
247.4	  0.9065239
247.8	  0.9065239
248.2	  0.9065239
248.6	  0.9065239
249.0	  0.9065239
249.4	  0.9065239
249.8	  0.9065239
250.2	  0.9065239
250.6	  0.9065239
251.0	  0.9065239
251.4	  0.9065239
251.8	  0.9065239
252.2	  0.9065239
252.6	  0.9104187
253.0	  0.9104187
253.4	  0.9104187
253.8	  0.91431355
254.2	  0.91431355
254.6	  0.91431355
255.0	  0.91431355
255.4	  0.91431355
255.8	  0.91431355
256.2	  0.91431355
256.6	  0.91820836
257.0	  0.9221032
257.4	  0.9221032
257.8	  0.9221032
258.2	  0.9221032
258.6	  0.9221032
259.0	  0.9221032
259.4	  0.9221032
259.8	  0.9221032
260.2	  0.9240506
260.6	  0.92599803
261.0	  0.92599803
261.4	  0.92599803
261.8	  0.92599803
262.2	  0.92599803
262.6	  0.92599803
263.0	  0.92599803
263.4	  0.92924374
263.8	  0.94157743
264.2	  0.94157743
264.6	  0.94157743
265.0	  0.94157743
265.4	  0.94157743
265.8	  0.9571568
266.2	  0.9727361
266.6	  0.9727361
267.0	  0.9727361
267.4	  0.9727361
267.8	  1.0
268.2	  1.0
268.6	  1.0
269.0	  1.0
269.4	  1.0
269.8	  1.0
270.2	  1.0
270.6	  1.0
271.0	  1.0
271.4	  1.0
271.8	  1.0
272.2	  1.0
272.6	  1.0
273.0	  1.0
273.4	  1.0
273.8	  1.0
274.2	  1.0
274.6	  1.0
275.0	  1.0
275.4	  1.0
275.8	  1.0
276.2	  1.0
276.6	  1.0
277.0	  1.0
277.4	  1.0
277.8	  1.0
278.2	  1.0
278.6	  1.0
279.0	  1.0
279.4	  1.0
279.8	  1.0



DATASET #2

     Name: Rate-Weighted
   Points: 700
     Info: 

Data[x,y]:
0.2	  0.81848824
0.6	  0.8251489
1.0	  0.8264462
1.4	  0.82792777
1.8	  0.8877312
2.2	  0.90264523
2.6	  0.9096738
3.0	  0.90977675
3.4	  0.91479456
3.8	  0.91908747
4.2	  0.92311287
4.6	  0.92311287
5.0	  0.9263722
5.4	  0.9279337
5.8	  0.92898506
6.2	  0.9292885
6.6	  0.92939615
7.0	  0.9321196
7.4	  0.93377703
7.8	  0.9344426
8.2	  0.93496144
8.6	  0.935956
9.0	  0.9376544
9.4	  0.93945724
9.8	  0.93960565
10.2	  0.9399153
10.6	  0.94030964
11.0	  0.94111794
11.4	  0.9420388
11.8	  0.94285226
12.2	  0.943223
12.6	  0.943225
13.0	  0.94351244
13.4	  0.9438297
13.8	  0.9454069
14.2	  0.9454175
14.6	  0.9457029
15.0	  0.947543
15.4	  0.9487557
15.8	  0.94915295
16.2	  0.9494728
16.6	  0.94979393
17.0	  0.9538219
17.4	  0.9538243
17.8	  0.9542359
18.2	  0.95446205
18.6	  0.9570475
19.0	  0.9575522
19.4	  0.95841956
19.8	  0.95858467
20.2	  0.9588046
20.6	  0.9588098
21.0	  0.9590543
21.4	  0.95952564
21.8	  0.9597702
22.2	  0.9601949
22.6	  0.9601949
23.0	  0.9601949
23.4	  0.9601949
23.8	  0.96035916
24.2	  0.96037644
24.6	  0.9604238
25.0	  0.961185
25.4	  0.9613184
25.8	  0.9614335
26.2	  0.96147156
26.6	  0.9616291
27.0	  0.96167994
27.4	  0.9617918
27.8	  0.96271825
28.2	  0.9633783
28.6	  0.9638009
29.0	  0.9649576
29.4	  0.9653728
29.8	  0.9654673
30.2	  0.96559656
30.6	  0.96574134
31.0	  0.9670833
31.4	  0.9671603
31.8	  0.9678027
32.2	  0.9678028
32.6	  0.96823084
33.0	  0.96823084
33.4	  0.96823084
33.8	  0.96932197
34.2	  0.9693548
34.6	  0.9702705
35.0	  0.970467
35.4	  0.9705643
35.8	  0.9705644
36.2	  0.9705882
36.6	  0.9706194
37.0	  0.97082365
37.4	  0.97129565
37.8	  0.9718242
38.2	  0.9719915
38.6	  0.9719918
39.0	  0.97218114
39.4	  0.9727373
39.8	  0.972947
40.2	  0.9731122
40.6	  0.97315127
41.0	  0.9731646
41.4	  0.97321665
41.8	  0.97366446
42.2	  0.9737242
42.6	  0.97437686
43.0	  0.9746259
43.4	  0.9746836
43.8	  0.9746836
44.2	  0.97485906
44.6	  0.97528434
45.0	  0.97528434
45.4	  0.97543883
45.8	  0.9756025
46.2	  0.9760728
46.6	  0.97621226
47.0	  0.9764215
47.4	  0.97656274
47.8	  0.97656274
48.2	  0.97659314
48.6	  0.97659314
49.0	  0.9767362
49.4	  0.9773665
49.8	  0.97765094
50.2	  0.9778187
50.6	  0.97878927
51.0	  0.9791501
51.4	  0.97972065
51.8	  0.9800235
52.2	  0.9800539
52.6	  0.9800589
53.0	  0.9800904
53.4	  0.9808358
53.8	  0.98090935
54.2	  0.9810202
54.6	  0.98124087
55.0	  0.98124385
55.4	  0.98131794
55.8	  0.98131794
56.2	  0.9814295
56.6	  0.98273
57.0	  0.98321843
57.4	  0.9834197
57.8	  0.98342216
58.2	  0.9834964
58.6	  0.98447925
59.0	  0.9851279
59.4	  0.9855566
59.8	  0.9855581
60.2	  0.9855949
60.6	  0.98602057
61.0	  0.9863412
61.4	  0.9866222
61.8	  0.98675
62.2	  0.98675
62.6	  0.986751
63.0	  0.986751
63.4	  0.98698324
63.8	  0.9870021
64.2	  0.98700666
64.6	  0.98708737
65.0	  0.9871464
65.4	  0.987161
65.8	  0.9882313
66.2	  0.98826426
66.6	  0.98826426
67.0	  0.98830366
67.4	  0.98835593
67.8	  0.98835593
68.2	  0.9884636
68.6	  0.988572
69.0	  0.9886484
69.4	  0.9887364
69.8	  0.9887364
70.2	  0.9887364
70.6	  0.9887364
71.0	  0.98878384
71.4	  0.9887875
71.8	  0.9888386
72.2	  0.9888386
72.6	  0.98883915
73.0	  0.9889422
73.4	  0.9889422
73.8	  0.9889422
74.2	  0.9889424
74.6	  0.9889424
75.0	  0.9889482
75.4	  0.9889647
75.8	  0.9889665
76.2	  0.988999
76.6	  0.9890156
77.0	  0.9890177
77.4	  0.99043804
77.8	  0.9905901
78.2	  0.9906252
78.6	  0.9906533
79.0	  0.99132615
79.4	  0.9913625
79.8	  0.99154407
80.2	  0.9915575
80.6	  0.9915775
81.0	  0.9915775
81.4	  0.9915775
81.8	  0.9920298
82.2	  0.9920298
82.6	  0.9920319
83.0	  0.992065
83.4	  0.992065
83.8	  0.992065
84.2	  0.99206704
84.6	  0.99206704
85.0	  0.99217314
85.4	  0.99217314
85.8	  0.99217314
86.2	  0.9921745
86.6	  0.9921745
87.0	  0.9921745
87.4	  0.99217486
87.8	  0.99217486
88.2	  0.9921809
88.6	  0.9921809
89.0	  0.9921809
89.4	  0.9922066
89.8	  0.99220693
90.2	  0.9922078
90.6	  0.9922078
91.0	  0.9922078
91.4	  0.9922078
91.8	  0.9922078
92.2	  0.9922078
92.6	  0.9922078
93.0	  0.9922078
93.4	  0.9922078
93.8	  0.9922078
94.2	  0.9922266
94.6	  0.9922266
95.0	  0.9922266
95.4	  0.99222827
95.8	  0.99222827
96.2	  0.99222827
96.6	  0.9923258
97.0	  0.9923258
97.4	  0.9924757
97.8	  0.9925969
98.2	  0.9925969
98.6	  0.9925969
99.0	  0.9925969
99.4	  0.99260134
99.8	  0.99260134
100.2	  0.9926537
100.6	  0.9927222
101.0	  0.9927222
101.4	  0.9927738
101.8	  0.9927738
102.2	  0.9927738
102.6	  0.9927738
103.0	  0.9927738
103.4	  0.99279004
103.8	  0.9928161
104.2	  0.9928161
104.6	  0.9928502
105.0	  0.9928882
105.4	  0.99294835
105.8	  0.9929721
106.2	  0.9929721
106.6	  0.9929722
107.0	  0.9929722
107.4	  0.9929722
107.8	  0.9929722
108.2	  0.9929722
108.6	  0.993307
109.0	  0.99353796
109.4	  0.9935962
109.8	  0.9936056
110.2	  0.99360573
110.6	  0.99360573
111.0	  0.9936546
111.4	  0.9936546
111.8	  0.99365824
112.2	  0.99365836
112.6	  0.99365836
113.0	  0.9937457
113.4	  0.9937457
113.8	  0.9937457
114.2	  0.99377614
114.6	  0.9937996
115.0	  0.9937996
115.4	  0.9937996
115.8	  0.99388874
116.2	  0.99388874
116.6	  0.99394953
117.0	  0.99395263
117.4	  0.99395496
117.8	  0.9939552
118.2	  0.9939552
118.6	  0.9939552
119.0	  0.9939821
119.4	  0.9940011
119.8	  0.9940616
120.2	  0.9940617
120.6	  0.9940617
121.0	  0.9940623
121.4	  0.9940891
121.8	  0.9940958
122.2	  0.9940958
122.6	  0.9940959
123.0	  0.9940959
123.4	  0.9940959
123.8	  0.9940984
124.2	  0.9941123
124.6	  0.994158
125.0	  0.99424446
125.4	  0.99425983
125.8	  0.9942628
126.2	  0.9942628
126.6	  0.99433064
127.0	  0.99433064
127.4	  0.9944276
127.8	  0.994455
128.2	  0.9945219
128.6	  0.9945219
129.0	  0.99457407
129.4	  0.9946249
129.8	  0.9946249
130.2	  0.99463665
130.6	  0.9947112
131.0	  0.9947318
131.4	  0.9947658
131.8	  0.9947796
132.2	  0.9947862
132.6	  0.99479645
133.0	  0.99479735
133.4	  0.9948005
133.8	  0.9948005
134.2	  0.9948005
134.6	  0.9948005
135.0	  0.9948005
135.4	  0.9948128
135.8	  0.99481285
136.2	  0.99481285
136.6	  0.9948684
137.0	  0.99487096
137.4	  0.99487096
137.8	  0.9948854
138.2	  0.9948854
138.6	  0.99488646
139.0	  0.99488646
139.4	  0.99488646
139.8	  0.99488646
140.2	  0.99491006
140.6	  0.9949105
141.0	  0.9949166
141.4	  0.99492407
141.8	  0.99492407
142.2	  0.99493575
142.6	  0.99493575
143.0	  0.9949359
143.4	  0.9949394
143.8	  0.9949442
144.2	  0.9949809
144.6	  0.9949876
145.0	  0.9949876
145.4	  0.9949876
145.8	  0.9949876
146.2	  0.9949915
146.6	  0.99499214
147.0	  0.99499214
147.4	  0.9950106
147.8	  0.9950549
148.2	  0.9950549
148.6	  0.99506134
149.0	  0.9950622
149.4	  0.9950622
149.8	  0.9950682
150.2	  0.9950682
150.6	  0.9950682
151.0	  0.9950717
151.4	  0.9950717
151.8	  0.9950717
152.2	  0.99507177
152.6	  0.99507177
153.0	  0.99507177
153.4	  0.99507195
153.8	  0.9950786
154.2	  0.9950786
154.6	  0.9951124
155.0	  0.9951124
155.4	  0.9951124
155.8	  0.995144
156.2	  0.9951909
156.6	  0.9952199
157.0	  0.9952379
157.4	  0.9952507
157.8	  0.99526757
158.2	  0.99526757
158.6	  0.9952927
159.0	  0.9952927
159.4	  0.9952927
159.8	  0.9952927
160.2	  0.9952928
160.6	  0.9952928
161.0	  0.9952928
161.4	  0.9952928
161.8	  0.9952928
162.2	  0.99545926
162.6	  0.9957577
163.0	  0.9957587
163.4	  0.9957727
163.8	  0.9958043
164.2	  0.9958043
164.6	  0.9958043
165.0	  0.9958043
165.4	  0.9958043
165.8	  0.9958043
166.2	  0.9958043
166.6	  0.9958043
167.0	  0.9958043
167.4	  0.9958043
167.8	  0.9958043
168.2	  0.9958043
168.6	  0.9958043
169.0	  0.9958043
169.4	  0.99580437
169.8	  0.9958264
170.2	  0.9958264
170.6	  0.9958474
171.0	  0.9958555
171.4	  0.9958555
171.8	  0.9958607
172.2	  0.9958607
172.6	  0.9958729
173.0	  0.9958729
173.4	  0.9958729
173.8	  0.995894
174.2	  0.995911
174.6	  0.995911
175.0	  0.9959145
175.4	  0.99591523
175.8	  0.99591523
176.2	  0.99591523
176.6	  0.99591523
177.0	  0.99591523
177.4	  0.99592036
177.8	  0.9959631
178.2	  0.9959631
178.6	  0.9959635
179.0	  0.9959635
179.4	  0.9961313
179.8	  0.9961491
180.2	  0.9961491
180.6	  0.9961496
181.0	  0.9961514
181.4	  0.9961514
181.8	  0.9961653
182.2	  0.9961653
182.6	  0.9961653
183.0	  0.9961788
183.4	  0.99618566
183.8	  0.99618614
184.2	  0.99622184
184.6	  0.99622196
185.0	  0.9962536
185.4	  0.9962536
185.8	  0.996289
186.2	  0.9963233
186.6	  0.9963233
187.0	  0.9963397
187.4	  0.99676514
187.8	  0.9967842
188.2	  0.9968548
188.6	  0.996971
189.0	  0.9969782
189.4	  0.9969782
189.8	  0.9969782
190.2	  0.9969876
190.6	  0.9969876
191.0	  0.99698776
191.4	  0.99698776
191.8	  0.99698776
192.2	  0.99698776
192.6	  0.99698776
193.0	  0.99698776
193.4	  0.99698776
193.8	  0.99698776
194.2	  0.99698776
194.6	  0.99702626
195.0	  0.9970995
195.4	  0.9970995
195.8	  0.9970995
196.2	  0.9970995
196.6	  0.99724394
197.0	  0.99724394
197.4	  0.99724394
197.8	  0.99724543
198.2	  0.997246
198.6	  0.99732125
199.0	  0.99735516
199.4	  0.99735516
199.8	  0.99735516
200.2	  0.99736184
200.6	  0.99736184
201.0	  0.99736184
201.4	  0.99736184
201.8	  0.99736184
202.2	  0.99737036
202.6	  0.99737036
203.0	  0.9973916
203.4	  0.9973916
203.8	  0.9973916
204.2	  0.99742293
204.6	  0.9974233
205.0	  0.9974233
205.4	  0.9974233
205.8	  0.9974233
206.2	  0.99752295
206.6	  0.99779403
207.0	  0.9983501
207.4	  0.9983559
207.8	  0.9983559
208.2	  0.9983559
208.6	  0.9984506
209.0	  0.9984508
209.4	  0.99868244
209.8	  0.99868256
210.2	  0.99868256
210.6	  0.99868256
211.0	  0.99868256
211.4	  0.99868256
211.8	  0.99868256
212.2	  0.99868256
212.6	  0.99868256
213.0	  0.99870104
213.4	  0.99870104
213.8	  0.99870104
214.2	  0.99881154
214.6	  0.9988671
215.0	  0.9988916
215.4	  0.99890786
215.8	  0.99890786
216.2	  0.99890786
216.6	  0.99890786
217.0	  0.9989776
217.4	  0.9989776
217.8	  0.9989776
218.2	  0.9989776
218.6	  0.9989776
219.0	  0.9989776
219.4	  0.9989776
219.8	  0.9989776
220.2	  0.9989776
220.6	  0.9989776
221.0	  0.9989776
221.4	  0.9989776
221.8	  0.9989776
222.2	  0.9989776
222.6	  0.9989776
223.0	  0.9990224
223.4	  0.9990303
223.8	  0.9990303
224.2	  0.9990303
224.6	  0.9990303
225.0	  0.9990945
225.4	  0.9990945
225.8	  0.9991374
226.2	  0.9991619
226.6	  0.9991619
227.0	  0.9991619
227.4	  0.9991619
227.8	  0.9991619
228.2	  0.9991619
228.6	  0.99921954
229.0	  0.99921954
229.4	  0.99921954
229.8	  0.99921954
230.2	  0.99921954
230.6	  0.99921954
231.0	  0.99921954
231.4	  0.99921954
231.8	  0.99921954
232.2	  0.99921954
232.6	  0.99921954
233.0	  0.99921954
233.4	  0.99921954
233.8	  0.99921954
234.2	  0.99921954
234.6	  0.99921954
235.0	  0.9992221
235.4	  0.9992221
235.8	  0.9992221
236.2	  0.9992221
236.6	  0.9992221
237.0	  0.9992221
237.4	  0.9992221
237.8	  0.9992221
238.2	  0.9992375
238.6	  0.999238
239.0	  0.999238
239.4	  0.999238
239.8	  0.999238
240.2	  0.999238
240.6	  0.999238
241.0	  0.999238
241.4	  0.999238
241.8	  0.999238
242.2	  0.999238
242.6	  0.999238
243.0	  0.999238
243.4	  0.999238
243.8	  0.999238
244.2	  0.999238
244.6	  0.999238
245.0	  0.999238
245.4	  0.999238
245.8	  0.999238
246.2	  0.999238
246.6	  0.999238
247.0	  0.999238
247.4	  0.999238
247.8	  0.999238
248.2	  0.999238
248.6	  0.999238
249.0	  0.999238
249.4	  0.999238
249.8	  0.999238
250.2	  0.999238
250.6	  0.999238
251.0	  0.999238
251.4	  0.999238
251.8	  0.999238
252.2	  0.999238
252.6	  0.99926734
253.0	  0.99926734
253.4	  0.99926734
253.8	  0.9992911
254.2	  0.9992911
254.6	  0.9992911
255.0	  0.9992911
255.4	  0.9992911
255.8	  0.9992911
256.2	  0.9992911
256.6	  0.999318
257.0	  0.9993708
257.4	  0.9993708
257.8	  0.9993708
258.2	  0.9993708
258.6	  0.9993708
259.0	  0.9993708
259.4	  0.9993708
259.8	  0.9993708
260.2	  0.9993923
260.6	  0.99941427
261.0	  0.99941427
261.4	  0.99941427
261.8	  0.99941427
262.2	  0.99941427
262.6	  0.99941427
263.0	  0.99941427
263.4	  0.9994278
263.8	  0.9995588
264.2	  0.9995588
264.6	  0.9995588
265.0	  0.9995588
265.4	  0.9995588
265.8	  0.9997156
266.2	  0.9998101
266.6	  0.9998101
267.0	  0.9998101
267.4	  0.9998101
267.8	  1.0
268.2	  1.0
268.6	  1.0
269.0	  1.0
269.4	  1.0
269.8	  1.0
270.2	  1.0
270.6	  1.0
271.0	  1.0
271.4	  1.0
271.8	  1.0
272.2	  1.0
272.6	  1.0
273.0	  1.0
273.4	  1.0
273.8	  1.0
274.2	  1.0
274.6	  1.0
275.0	  1.0
275.4	  1.0
275.8	  1.0
276.2	  1.0
276.6	  1.0
277.0	  1.0
277.4	  1.0
277.8	  1.0
278.2	  1.0
278.6	  1.0
279.0	  1.0
279.4	  1.0
279.8	  1.0



DATASET #3

     Name: Common
   Points: 700
     Info: 

Data[x,y]:
0.2	  NaN
0.6	  NaN
1.0	  NaN
1.4	  NaN
1.8	  NaN
2.2	  NaN
2.6	  NaN
3.0	  NaN
3.4	  NaN
3.8	  NaN
4.2	  NaN
4.6	  NaN
5.0	  NaN
5.4	  NaN
5.8	  NaN
6.2	  NaN
6.6	  NaN
7.0	  NaN
7.4	  NaN
7.8	  NaN
8.2	  NaN
8.6	  NaN
9.0	  NaN
9.4	  NaN
9.8	  NaN
10.2	  NaN
10.6	  NaN
11.0	  NaN
11.4	  NaN
11.8	  NaN
12.2	  NaN
12.6	  NaN
13.0	  NaN
13.4	  NaN
13.8	  NaN
14.2	  NaN
14.6	  NaN
15.0	  NaN
15.4	  NaN
15.8	  NaN
16.2	  NaN
16.6	  NaN
17.0	  NaN
17.4	  NaN
17.8	  NaN
18.2	  NaN
18.6	  NaN
19.0	  NaN
19.4	  NaN
19.8	  NaN
20.2	  NaN
20.6	  NaN
21.0	  NaN
21.4	  NaN
21.8	  NaN
22.2	  NaN
22.6	  NaN
23.0	  NaN
23.4	  NaN
23.8	  NaN
24.2	  NaN
24.6	  NaN
25.0	  NaN
25.4	  NaN
25.8	  NaN
26.2	  NaN
26.6	  NaN
27.0	  NaN
27.4	  NaN
27.8	  NaN
28.2	  NaN
28.6	  NaN
29.0	  NaN
29.4	  NaN
29.8	  NaN
30.2	  NaN
30.6	  NaN
31.0	  NaN
31.4	  NaN
31.8	  NaN
32.2	  NaN
32.6	  NaN
33.0	  NaN
33.4	  NaN
33.8	  NaN
34.2	  NaN
34.6	  NaN
35.0	  NaN
35.4	  NaN
35.8	  NaN
36.2	  NaN
36.6	  NaN
37.0	  NaN
37.4	  NaN
37.8	  NaN
38.2	  NaN
38.6	  NaN
39.0	  NaN
39.4	  NaN
39.8	  NaN
40.2	  NaN
40.6	  NaN
41.0	  NaN
41.4	  NaN
41.8	  NaN
42.2	  NaN
42.6	  NaN
43.0	  NaN
43.4	  NaN
43.8	  NaN
44.2	  NaN
44.6	  NaN
45.0	  NaN
45.4	  NaN
45.8	  NaN
46.2	  NaN
46.6	  NaN
47.0	  NaN
47.4	  NaN
47.8	  NaN
48.2	  NaN
48.6	  NaN
49.0	  NaN
49.4	  NaN
49.8	  NaN
50.2	  NaN
50.6	  NaN
51.0	  NaN
51.4	  NaN
51.8	  NaN
52.2	  NaN
52.6	  NaN
53.0	  NaN
53.4	  NaN
53.8	  NaN
54.2	  NaN
54.6	  NaN
55.0	  NaN
55.4	  NaN
55.8	  NaN
56.2	  NaN
56.6	  NaN
57.0	  NaN
57.4	  NaN
57.8	  NaN
58.2	  NaN
58.6	  NaN
59.0	  NaN
59.4	  NaN
59.8	  NaN
60.2	  NaN
60.6	  NaN
61.0	  NaN
61.4	  NaN
61.8	  NaN
62.2	  NaN
62.6	  NaN
63.0	  NaN
63.4	  NaN
63.8	  NaN
64.2	  NaN
64.6	  NaN
65.0	  NaN
65.4	  NaN
65.8	  NaN
66.2	  NaN
66.6	  NaN
67.0	  NaN
67.4	  NaN
67.8	  NaN
68.2	  NaN
68.6	  NaN
69.0	  NaN
69.4	  NaN
69.8	  NaN
70.2	  NaN
70.6	  NaN
71.0	  NaN
71.4	  NaN
71.8	  NaN
72.2	  NaN
72.6	  NaN
73.0	  NaN
73.4	  NaN
73.8	  NaN
74.2	  NaN
74.6	  NaN
75.0	  NaN
75.4	  NaN
75.8	  NaN
76.2	  NaN
76.6	  NaN
77.0	  NaN
77.4	  NaN
77.8	  NaN
78.2	  NaN
78.6	  NaN
79.0	  NaN
79.4	  NaN
79.8	  NaN
80.2	  NaN
80.6	  NaN
81.0	  NaN
81.4	  NaN
81.8	  NaN
82.2	  NaN
82.6	  NaN
83.0	  NaN
83.4	  NaN
83.8	  NaN
84.2	  NaN
84.6	  NaN
85.0	  NaN
85.4	  NaN
85.8	  NaN
86.2	  NaN
86.6	  NaN
87.0	  NaN
87.4	  NaN
87.8	  NaN
88.2	  NaN
88.6	  NaN
89.0	  NaN
89.4	  NaN
89.8	  NaN
90.2	  NaN
90.6	  NaN
91.0	  NaN
91.4	  NaN
91.8	  NaN
92.2	  NaN
92.6	  NaN
93.0	  NaN
93.4	  NaN
93.8	  NaN
94.2	  NaN
94.6	  NaN
95.0	  NaN
95.4	  NaN
95.8	  NaN
96.2	  NaN
96.6	  NaN
97.0	  NaN
97.4	  NaN
97.8	  NaN
98.2	  NaN
98.6	  NaN
99.0	  NaN
99.4	  NaN
99.8	  NaN
100.2	  NaN
100.6	  NaN
101.0	  NaN
101.4	  NaN
101.8	  NaN
102.2	  NaN
102.6	  NaN
103.0	  NaN
103.4	  NaN
103.8	  NaN
104.2	  NaN
104.6	  NaN
105.0	  NaN
105.4	  NaN
105.8	  NaN
106.2	  NaN
106.6	  NaN
107.0	  NaN
107.4	  NaN
107.8	  NaN
108.2	  NaN
108.6	  NaN
109.0	  NaN
109.4	  NaN
109.8	  NaN
110.2	  NaN
110.6	  NaN
111.0	  NaN
111.4	  NaN
111.8	  NaN
112.2	  NaN
112.6	  NaN
113.0	  NaN
113.4	  NaN
113.8	  NaN
114.2	  NaN
114.6	  NaN
115.0	  NaN
115.4	  NaN
115.8	  NaN
116.2	  NaN
116.6	  NaN
117.0	  NaN
117.4	  NaN
117.8	  NaN
118.2	  NaN
118.6	  NaN
119.0	  NaN
119.4	  NaN
119.8	  NaN
120.2	  NaN
120.6	  NaN
121.0	  NaN
121.4	  NaN
121.8	  NaN
122.2	  NaN
122.6	  NaN
123.0	  NaN
123.4	  NaN
123.8	  NaN
124.2	  NaN
124.6	  NaN
125.0	  NaN
125.4	  NaN
125.8	  NaN
126.2	  NaN
126.6	  NaN
127.0	  NaN
127.4	  NaN
127.8	  NaN
128.2	  NaN
128.6	  NaN
129.0	  NaN
129.4	  NaN
129.8	  NaN
130.2	  NaN
130.6	  NaN
131.0	  NaN
131.4	  NaN
131.8	  NaN
132.2	  NaN
132.6	  NaN
133.0	  NaN
133.4	  NaN
133.8	  NaN
134.2	  NaN
134.6	  NaN
135.0	  NaN
135.4	  NaN
135.8	  NaN
136.2	  NaN
136.6	  NaN
137.0	  NaN
137.4	  NaN
137.8	  NaN
138.2	  NaN
138.6	  NaN
139.0	  NaN
139.4	  NaN
139.8	  NaN
140.2	  NaN
140.6	  NaN
141.0	  NaN
141.4	  NaN
141.8	  NaN
142.2	  NaN
142.6	  NaN
143.0	  NaN
143.4	  NaN
143.8	  NaN
144.2	  NaN
144.6	  NaN
145.0	  NaN
145.4	  NaN
145.8	  NaN
146.2	  NaN
146.6	  NaN
147.0	  NaN
147.4	  NaN
147.8	  NaN
148.2	  NaN
148.6	  NaN
149.0	  NaN
149.4	  NaN
149.8	  NaN
150.2	  NaN
150.6	  NaN
151.0	  NaN
151.4	  NaN
151.8	  NaN
152.2	  NaN
152.6	  NaN
153.0	  NaN
153.4	  NaN
153.8	  NaN
154.2	  NaN
154.6	  NaN
155.0	  NaN
155.4	  NaN
155.8	  NaN
156.2	  NaN
156.6	  NaN
157.0	  NaN
157.4	  NaN
157.8	  NaN
158.2	  NaN
158.6	  NaN
159.0	  NaN
159.4	  NaN
159.8	  NaN
160.2	  NaN
160.6	  NaN
161.0	  NaN
161.4	  NaN
161.8	  NaN
162.2	  NaN
162.6	  NaN
163.0	  NaN
163.4	  NaN
163.8	  NaN
164.2	  NaN
164.6	  NaN
165.0	  NaN
165.4	  NaN
165.8	  NaN
166.2	  NaN
166.6	  NaN
167.0	  NaN
167.4	  NaN
167.8	  NaN
168.2	  NaN
168.6	  NaN
169.0	  NaN
169.4	  NaN
169.8	  NaN
170.2	  NaN
170.6	  NaN
171.0	  NaN
171.4	  NaN
171.8	  NaN
172.2	  NaN
172.6	  NaN
173.0	  NaN
173.4	  NaN
173.8	  NaN
174.2	  NaN
174.6	  NaN
175.0	  NaN
175.4	  NaN
175.8	  NaN
176.2	  NaN
176.6	  NaN
177.0	  NaN
177.4	  NaN
177.8	  NaN
178.2	  NaN
178.6	  NaN
179.0	  NaN
179.4	  NaN
179.8	  NaN
180.2	  NaN
180.6	  NaN
181.0	  NaN
181.4	  NaN
181.8	  NaN
182.2	  NaN
182.6	  NaN
183.0	  NaN
183.4	  NaN
183.8	  NaN
184.2	  NaN
184.6	  NaN
185.0	  NaN
185.4	  NaN
185.8	  NaN
186.2	  NaN
186.6	  NaN
187.0	  NaN
187.4	  NaN
187.8	  NaN
188.2	  NaN
188.6	  NaN
189.0	  NaN
189.4	  NaN
189.8	  NaN
190.2	  NaN
190.6	  NaN
191.0	  NaN
191.4	  NaN
191.8	  NaN
192.2	  NaN
192.6	  NaN
193.0	  NaN
193.4	  NaN
193.8	  NaN
194.2	  NaN
194.6	  NaN
195.0	  NaN
195.4	  NaN
195.8	  NaN
196.2	  NaN
196.6	  NaN
197.0	  NaN
197.4	  NaN
197.8	  NaN
198.2	  NaN
198.6	  NaN
199.0	  NaN
199.4	  NaN
199.8	  NaN
200.2	  NaN
200.6	  NaN
201.0	  NaN
201.4	  NaN
201.8	  NaN
202.2	  NaN
202.6	  NaN
203.0	  NaN
203.4	  NaN
203.8	  NaN
204.2	  NaN
204.6	  NaN
205.0	  NaN
205.4	  NaN
205.8	  NaN
206.2	  NaN
206.6	  NaN
207.0	  NaN
207.4	  NaN
207.8	  NaN
208.2	  NaN
208.6	  NaN
209.0	  NaN
209.4	  NaN
209.8	  NaN
210.2	  NaN
210.6	  NaN
211.0	  NaN
211.4	  NaN
211.8	  NaN
212.2	  NaN
212.6	  NaN
213.0	  NaN
213.4	  NaN
213.8	  NaN
214.2	  NaN
214.6	  NaN
215.0	  NaN
215.4	  NaN
215.8	  NaN
216.2	  NaN
216.6	  NaN
217.0	  NaN
217.4	  NaN
217.8	  NaN
218.2	  NaN
218.6	  NaN
219.0	  NaN
219.4	  NaN
219.8	  NaN
220.2	  NaN
220.6	  NaN
221.0	  NaN
221.4	  NaN
221.8	  NaN
222.2	  NaN
222.6	  NaN
223.0	  NaN
223.4	  NaN
223.8	  NaN
224.2	  NaN
224.6	  NaN
225.0	  NaN
225.4	  NaN
225.8	  NaN
226.2	  NaN
226.6	  NaN
227.0	  NaN
227.4	  NaN
227.8	  NaN
228.2	  NaN
228.6	  NaN
229.0	  NaN
229.4	  NaN
229.8	  NaN
230.2	  NaN
230.6	  NaN
231.0	  NaN
231.4	  NaN
231.8	  NaN
232.2	  NaN
232.6	  NaN
233.0	  NaN
233.4	  NaN
233.8	  NaN
234.2	  NaN
234.6	  NaN
235.0	  NaN
235.4	  NaN
235.8	  NaN
236.2	  NaN
236.6	  NaN
237.0	  NaN
237.4	  NaN
237.8	  NaN
238.2	  NaN
238.6	  NaN
239.0	  NaN
239.4	  NaN
239.8	  NaN
240.2	  NaN
240.6	  NaN
241.0	  NaN
241.4	  NaN
241.8	  NaN
242.2	  NaN
242.6	  NaN
243.0	  NaN
243.4	  NaN
243.8	  NaN
244.2	  NaN
244.6	  NaN
245.0	  NaN
245.4	  NaN
245.8	  NaN
246.2	  NaN
246.6	  NaN
247.0	  NaN
247.4	  NaN
247.8	  NaN
248.2	  NaN
248.6	  NaN
249.0	  NaN
249.4	  NaN
249.8	  NaN
250.2	  NaN
250.6	  NaN
251.0	  NaN
251.4	  NaN
251.8	  NaN
252.2	  NaN
252.6	  NaN
253.0	  NaN
253.4	  NaN
253.8	  NaN
254.2	  NaN
254.6	  NaN
255.0	  NaN
255.4	  NaN
255.8	  NaN
256.2	  NaN
256.6	  NaN
257.0	  NaN
257.4	  NaN
257.8	  NaN
258.2	  NaN
258.6	  NaN
259.0	  NaN
259.4	  NaN
259.8	  NaN
260.2	  NaN
260.6	  NaN
261.0	  NaN
261.4	  NaN
261.8	  NaN
262.2	  NaN
262.6	  NaN
263.0	  NaN
263.4	  NaN
263.8	  NaN
264.2	  NaN
264.6	  NaN
265.0	  NaN
265.4	  NaN
265.8	  NaN
266.2	  NaN
266.6	  NaN
267.0	  NaN
267.4	  NaN
267.8	  NaN
268.2	  NaN
268.6	  NaN
269.0	  NaN
269.4	  NaN
269.8	  NaN
270.2	  NaN
270.6	  NaN
271.0	  NaN
271.4	  NaN
271.8	  NaN
272.2	  NaN
272.6	  NaN
273.0	  NaN
273.4	  NaN
273.8	  NaN
274.2	  NaN
274.6	  NaN
275.0	  NaN
275.4	  NaN
275.8	  NaN
276.2	  NaN
276.6	  NaN
277.0	  NaN
277.4	  NaN
277.8	  NaN
278.2	  NaN
278.6	  NaN
279.0	  NaN
279.4	  NaN
279.8	  NaN


