
X-Axis: Area (km^2)
Y-Axis: Cumulative Fraction
Number of Data Sets: 3


DATASET #1

     Name: As Discretized
   Points: 1750
     Info: 

Data[x,y]:
1.0	  0.0
3.0	  0.0
5.0	  0.0
7.0	  0.0
9.0	  0.0
11.0	  0.0
13.0	  0.0
15.0	  0.0
17.0	  0.0
19.0	  0.0
21.0	  0.0
23.0	  0.0
25.0	  0.0
27.0	  0.0
29.0	  0.0
31.0	  0.0
33.0	  0.0
35.0	  0.0
37.0	  0.0
39.0	  0.0
41.0	  0.0
43.0	  0.0
45.0	  0.0
47.0	  0.0
49.0	  0.0
51.0	  0.0
53.0	  0.0
55.0	  0.0
57.0	  0.0
59.0	  0.0
61.0	  0.0
63.0	  0.0
65.0	  0.0
67.0	  0.0
69.0	  0.0
71.0	  0.0
73.0	  0.0
75.0	  0.0
77.0	  0.0
79.0	  0.0
81.0	  0.0
83.0	  0.0
85.0	  0.0
87.0	  0.0
89.0	  0.0
91.0	  0.0
93.0	  0.0
95.0	  0.0
97.0	  0.0
99.0	  0.0
101.0	  0.0
103.0	  0.0
105.0	  0.0
107.0	  0.0
109.0	  0.0
111.0	  0.0
113.0	  0.0
115.0	  0.0
117.0	  0.0
119.0	  0.0
121.0	  0.0
123.0	  0.0
125.0	  0.0
127.0	  0.0
129.0	  0.0
131.0	  0.0
133.0	  0.0
135.0	  0.0
137.0	  0.006756757
139.0	  0.006756757
141.0	  0.006756757
143.0	  0.006756757
145.0	  0.006756757
147.0	  0.006756757
149.0	  0.015202703
151.0	  0.015202703
153.0	  0.015202703
155.0	  0.015202703
157.0	  0.015202703
159.0	  0.015202703
161.0	  0.025337838
163.0	  0.025337838
165.0	  0.025337838
167.0	  0.025337838
169.0	  0.025337838
171.0	  0.025337838
173.0	  0.025337838
175.0	  0.025337838
177.0	  0.025337838
179.0	  0.025337838
181.0	  0.025337838
183.0	  0.025337838
185.0	  0.025337838
187.0	  0.025337838
189.0	  0.025337838
191.0	  0.025337838
193.0	  0.025337838
195.0	  0.025337838
197.0	  0.025337838
199.0	  0.028716216
201.0	  0.028716216
203.0	  0.028716216
205.0	  0.028716216
207.0	  0.033783782
209.0	  0.033783782
211.0	  0.033783782
213.0	  0.033783782
215.0	  0.033783782
217.0	  0.033783782
219.0	  0.033783782
221.0	  0.033783782
223.0	  0.033783782
225.0	  0.0472973
227.0	  0.0472973
229.0	  0.0472973
231.0	  0.0472973
233.0	  0.0472973
235.0	  0.0472973
237.0	  0.0472973
239.0	  0.0472973
241.0	  0.055743244
243.0	  0.055743244
245.0	  0.055743244
247.0	  0.055743244
249.0	  0.055743244
251.0	  0.055743244
253.0	  0.055743244
255.0	  0.055743244
257.0	  0.055743244
259.0	  0.06418919
261.0	  0.06418919
263.0	  0.06418919
265.0	  0.06418919
267.0	  0.06418919
269.0	  0.06418919
271.0	  0.06418919
273.0	  0.06418919
275.0	  0.067567565
277.0	  0.08277027
279.0	  0.08277027
281.0	  0.08277027
283.0	  0.08614865
285.0	  0.08614865
287.0	  0.08783784
289.0	  0.08783784
291.0	  0.08783784
293.0	  0.08783784
295.0	  0.08783784
297.0	  0.089527026
299.0	  0.0945946
301.0	  0.0945946
303.0	  0.0945946
305.0	  0.0945946
307.0	  0.0945946
309.0	  0.0945946
311.0	  0.096283786
313.0	  0.096283786
315.0	  0.096283786
317.0	  0.096283786
319.0	  0.096283786
321.0	  0.10304054
323.0	  0.10304054
325.0	  0.10304054
327.0	  0.10304054
329.0	  0.10304054
331.0	  0.10304054
333.0	  0.10304054
335.0	  0.10304054
337.0	  0.10304054
339.0	  0.10810811
341.0	  0.10810811
343.0	  0.10810811
345.0	  0.1097973
347.0	  0.1097973
349.0	  0.1097973
351.0	  0.1097973
353.0	  0.1097973
355.0	  0.1097973
357.0	  0.11148649
359.0	  0.11148649
361.0	  0.11148649
363.0	  0.113175675
365.0	  0.113175675
367.0	  0.113175675
369.0	  0.113175675
371.0	  0.113175675
373.0	  0.113175675
375.0	  0.11655405
377.0	  0.11655405
379.0	  0.11655405
381.0	  0.11655405
383.0	  0.11655405
385.0	  0.11824324
387.0	  0.125
389.0	  0.125
391.0	  0.1266892
393.0	  0.1266892
395.0	  0.1266892
397.0	  0.1266892
399.0	  0.1266892
401.0	  0.13175675
403.0	  0.13175675
405.0	  0.13175675
407.0	  0.13175675
409.0	  0.13175675
411.0	  0.13175675
413.0	  0.13175675
415.0	  0.14358108
417.0	  0.14358108
419.0	  0.14527027
421.0	  0.14527027
423.0	  0.14695945
425.0	  0.15033785
427.0	  0.15033785
429.0	  0.15033785
431.0	  0.15202703
433.0	  0.15202703
435.0	  0.15202703
437.0	  0.15371622
439.0	  0.15371622
441.0	  0.15371622
443.0	  0.15371622
445.0	  0.15371622
447.0	  0.15371622
449.0	  0.1554054
451.0	  0.15878378
453.0	  0.15878378
455.0	  0.15878378
457.0	  0.15878378
459.0	  0.16047297
461.0	  0.16047297
463.0	  0.16047297
465.0	  0.16216215
467.0	  0.16216215
469.0	  0.16216215
471.0	  0.16385135
473.0	  0.16385135
475.0	  0.16554055
477.0	  0.16554055
479.0	  0.16554055
481.0	  0.16891892
483.0	  0.16891892
485.0	  0.16891892
487.0	  0.16891892
489.0	  0.16891892
491.0	  0.16891892
493.0	  0.16891892
495.0	  0.1706081
497.0	  0.1706081
499.0	  0.17398648
501.0	  0.17398648
503.0	  0.17398648
505.0	  0.17567568
507.0	  0.17567568
509.0	  0.17736487
511.0	  0.17905405
513.0	  0.17905405
515.0	  0.17905405
517.0	  0.18412162
519.0	  0.18412162
521.0	  0.18412162
523.0	  0.1858108
525.0	  0.1858108
527.0	  0.1858108
529.0	  0.1858108
531.0	  0.1858108
533.0	  0.1858108
535.0	  0.19087838
537.0	  0.19256757
539.0	  0.19256757
541.0	  0.19425675
543.0	  0.19425675
545.0	  0.19594595
547.0	  0.19594595
549.0	  0.19763513
551.0	  0.19932432
553.0	  0.20777027
555.0	  0.20777027
557.0	  0.20777027
559.0	  0.20777027
561.0	  0.20945945
563.0	  0.20945945
565.0	  0.21114865
567.0	  0.21114865
569.0	  0.21283785
571.0	  0.21283785
573.0	  0.21283785
575.0	  0.21621622
577.0	  0.21621622
579.0	  0.2179054
581.0	  0.2195946
583.0	  0.2195946
585.0	  0.2195946
587.0	  0.22128378
589.0	  0.22128378
591.0	  0.22128378
593.0	  0.22128378
595.0	  0.22128378
597.0	  0.22128378
599.0	  0.22128378
601.0	  0.22128378
603.0	  0.22128378
605.0	  0.22128378
607.0	  0.22128378
609.0	  0.22297297
611.0	  0.22297297
613.0	  0.22466215
615.0	  0.22635135
617.0	  0.22635135
619.0	  0.22635135
621.0	  0.22804055
623.0	  0.22804055
625.0	  0.22972973
627.0	  0.22972973
629.0	  0.23141892
631.0	  0.2331081
633.0	  0.2331081
635.0	  0.2331081
637.0	  0.2347973
639.0	  0.2347973
641.0	  0.2347973
643.0	  0.23648648
645.0	  0.23648648
647.0	  0.23986487
649.0	  0.24324325
651.0	  0.24493243
653.0	  0.24493243
655.0	  0.24662162
657.0	  0.24662162
659.0	  0.24662162
661.0	  0.2483108
663.0	  0.2483108
665.0	  0.2516892
667.0	  0.2516892
669.0	  0.2516892
671.0	  0.2516892
673.0	  0.2533784
675.0	  0.25506756
677.0	  0.25675675
679.0	  0.25675675
681.0	  0.25675675
683.0	  0.25675675
685.0	  0.25675675
687.0	  0.25675675
689.0	  0.25844595
691.0	  0.2652027
693.0	  0.2652027
695.0	  0.2668919
697.0	  0.2668919
699.0	  0.2668919
701.0	  0.2685811
703.0	  0.2685811
705.0	  0.2685811
707.0	  0.27195945
709.0	  0.27364865
711.0	  0.27533785
713.0	  0.27702704
715.0	  0.27702704
717.0	  0.27702704
719.0	  0.2787162
721.0	  0.2787162
723.0	  0.2787162
725.0	  0.2804054
727.0	  0.2804054
729.0	  0.2804054
731.0	  0.2804054
733.0	  0.2804054
735.0	  0.2804054
737.0	  0.2804054
739.0	  0.2804054
741.0	  0.2820946
743.0	  0.2820946
745.0	  0.2820946
747.0	  0.2837838
749.0	  0.28547296
751.0	  0.28547296
753.0	  0.28547296
755.0	  0.28547296
757.0	  0.28547296
759.0	  0.28716215
761.0	  0.28716215
763.0	  0.28885135
765.0	  0.28885135
767.0	  0.28885135
769.0	  0.29054055
771.0	  0.29054055
773.0	  0.29054055
775.0	  0.2939189
777.0	  0.2939189
779.0	  0.2939189
781.0	  0.2956081
783.0	  0.2956081
785.0	  0.2956081
787.0	  0.2972973
789.0	  0.2989865
791.0	  0.2989865
793.0	  0.30236486
795.0	  0.30405405
797.0	  0.30405405
799.0	  0.30405405
801.0	  0.30574325
803.0	  0.3091216
805.0	  0.3108108
807.0	  0.3125
809.0	  0.3125
811.0	  0.3141892
813.0	  0.3141892
815.0	  0.3141892
817.0	  0.3158784
819.0	  0.3158784
821.0	  0.31756756
823.0	  0.31756756
825.0	  0.31756756
827.0	  0.31925675
829.0	  0.3243243
831.0	  0.3243243
833.0	  0.3243243
835.0	  0.3243243
837.0	  0.3243243
839.0	  0.3260135
841.0	  0.3260135
843.0	  0.3260135
845.0	  0.3260135
847.0	  0.3260135
849.0	  0.3277027
851.0	  0.3293919
853.0	  0.3293919
855.0	  0.3310811
857.0	  0.3310811
859.0	  0.3310811
861.0	  0.33277026
863.0	  0.33445945
865.0	  0.33445945
867.0	  0.33445945
869.0	  0.33614865
871.0	  0.33614865
873.0	  0.33783785
875.0	  0.33783785
877.0	  0.33783785
879.0	  0.33783785
881.0	  0.33783785
883.0	  0.33783785
885.0	  0.33952704
887.0	  0.3412162
889.0	  0.3412162
891.0	  0.3412162
893.0	  0.3412162
895.0	  0.3412162
897.0	  0.3429054
899.0	  0.3429054
901.0	  0.3429054
903.0	  0.3429054
905.0	  0.3429054
907.0	  0.3445946
909.0	  0.3445946
911.0	  0.3445946
913.0	  0.3462838
915.0	  0.3462838
917.0	  0.3462838
919.0	  0.34797296
921.0	  0.34797296
923.0	  0.35135135
925.0	  0.35135135
927.0	  0.35135135
929.0	  0.35135135
931.0	  0.35472974
933.0	  0.3564189
935.0	  0.3581081
937.0	  0.3597973
939.0	  0.3614865
941.0	  0.3631757
943.0	  0.3631757
945.0	  0.3631757
947.0	  0.36486486
949.0	  0.36824325
951.0	  0.36824325
953.0	  0.36993244
955.0	  0.36993244
957.0	  0.36993244
959.0	  0.36993244
961.0	  0.36993244
963.0	  0.36993244
965.0	  0.3716216
967.0	  0.3766892
969.0	  0.3766892
971.0	  0.38006756
973.0	  0.38006756
975.0	  0.38006756
977.0	  0.38175675
979.0	  0.38175675
981.0	  0.38175675
983.0	  0.38175675
985.0	  0.38175675
987.0	  0.38344595
989.0	  0.38344595
991.0	  0.38344595
993.0	  0.38344595
995.0	  0.38344595
997.0	  0.38344595
999.0	  0.38513514
1001.0	  0.3868243
1003.0	  0.3868243
1005.0	  0.3868243
1007.0	  0.3868243
1009.0	  0.3868243
1011.0	  0.3885135
1013.0	  0.3885135
1015.0	  0.3885135
1017.0	  0.3902027
1019.0	  0.3902027
1021.0	  0.3902027
1023.0	  0.3902027
1025.0	  0.3902027
1027.0	  0.3918919
1029.0	  0.3918919
1031.0	  0.3918919
1033.0	  0.3918919
1035.0	  0.3935811
1037.0	  0.3935811
1039.0	  0.3935811
1041.0	  0.3935811
1043.0	  0.3935811
1045.0	  0.39695945
1047.0	  0.39864865
1049.0	  0.39864865
1051.0	  0.40033785
1053.0	  0.4037162
1055.0	  0.4037162
1057.0	  0.4054054
1059.0	  0.4054054
1061.0	  0.4070946
1063.0	  0.4087838
1065.0	  0.4087838
1067.0	  0.4087838
1069.0	  0.41216215
1071.0	  0.41216215
1073.0	  0.41216215
1075.0	  0.41216215
1077.0	  0.41216215
1079.0	  0.41554055
1081.0	  0.41554055
1083.0	  0.41722974
1085.0	  0.41722974
1087.0	  0.4189189
1089.0	  0.4189189
1091.0	  0.4189189
1093.0	  0.4189189
1095.0	  0.4189189
1097.0	  0.4206081
1099.0	  0.4222973
1101.0	  0.4239865
1103.0	  0.4239865
1105.0	  0.4256757
1107.0	  0.4256757
1109.0	  0.4256757
1111.0	  0.4256757
1113.0	  0.4256757
1115.0	  0.42736486
1117.0	  0.42736486
1119.0	  0.42905405
1121.0	  0.42905405
1123.0	  0.42905405
1125.0	  0.43074325
1127.0	  0.43074325
1129.0	  0.43243244
1131.0	  0.4341216
1133.0	  0.4341216
1135.0	  0.4341216
1137.0	  0.4358108
1139.0	  0.4375
1141.0	  0.4375
1143.0	  0.4375
1145.0	  0.4375
1147.0	  0.4375
1149.0	  0.4391892
1151.0	  0.4391892
1153.0	  0.4391892
1155.0	  0.4391892
1157.0	  0.4391892
1159.0	  0.4391892
1161.0	  0.4391892
1163.0	  0.4391892
1165.0	  0.4408784
1167.0	  0.4408784
1169.0	  0.4408784
1171.0	  0.4408784
1173.0	  0.4408784
1175.0	  0.44256756
1177.0	  0.44425675
1179.0	  0.44425675
1181.0	  0.44425675
1183.0	  0.44425675
1185.0	  0.44425675
1187.0	  0.44425675
1189.0	  0.44425675
1191.0	  0.44763514
1193.0	  0.44763514
1195.0	  0.4510135
1197.0	  0.4527027
1199.0	  0.4543919
1201.0	  0.4543919
1203.0	  0.4543919
1205.0	  0.4543919
1207.0	  0.45777026
1209.0	  0.45945945
1211.0	  0.45945945
1213.0	  0.46114865
1215.0	  0.46114865
1217.0	  0.46452704
1219.0	  0.46452704
1221.0	  0.4662162
1223.0	  0.4662162
1225.0	  0.4695946
1227.0	  0.4695946
1229.0	  0.4712838
1231.0	  0.47297296
1233.0	  0.47297296
1235.0	  0.47297296
1237.0	  0.47297296
1239.0	  0.47297296
1241.0	  0.47297296
1243.0	  0.47297296
1245.0	  0.47297296
1247.0	  0.47297296
1249.0	  0.47466215
1251.0	  0.47466215
1253.0	  0.47466215
1255.0	  0.47466215
1257.0	  0.47635135
1259.0	  0.47635135
1261.0	  0.47804055
1263.0	  0.47804055
1265.0	  0.47804055
1267.0	  0.47804055
1269.0	  0.47972974
1271.0	  0.47972974
1273.0	  0.47972974
1275.0	  0.4814189
1277.0	  0.4831081
1279.0	  0.4831081
1281.0	  0.4831081
1283.0	  0.4831081
1285.0	  0.4831081
1287.0	  0.4847973
1289.0	  0.4847973
1291.0	  0.4847973
1293.0	  0.4864865
1295.0	  0.4864865
1297.0	  0.4864865
1299.0	  0.4864865
1301.0	  0.4864865
1303.0	  0.4881757
1305.0	  0.4881757
1307.0	  0.4881757
1309.0	  0.4881757
1311.0	  0.48986486
1313.0	  0.48986486
1315.0	  0.48986486
1317.0	  0.48986486
1319.0	  0.48986486
1321.0	  0.48986486
1323.0	  0.49155405
1325.0	  0.49155405
1327.0	  0.49324325
1329.0	  0.4966216
1331.0	  0.4966216
1333.0	  0.4966216
1335.0	  0.4966216
1337.0	  0.5
1339.0	  0.5
1341.0	  0.5
1343.0	  0.5
1345.0	  0.5
1347.0	  0.5016892
1349.0	  0.5016892
1351.0	  0.5033784
1353.0	  0.5033784
1355.0	  0.5067568
1357.0	  0.5067568
1359.0	  0.5101351
1361.0	  0.5101351
1363.0	  0.5135135
1365.0	  0.5135135
1367.0	  0.5135135
1369.0	  0.5135135
1371.0	  0.5135135
1373.0	  0.5152027
1375.0	  0.5152027
1377.0	  0.5152027
1379.0	  0.5168919
1381.0	  0.5168919
1383.0	  0.5168919
1385.0	  0.5168919
1387.0	  0.5168919
1389.0	  0.5185811
1391.0	  0.5185811
1393.0	  0.5185811
1395.0	  0.5185811
1397.0	  0.5185811
1399.0	  0.5202703
1401.0	  0.5202703
1403.0	  0.5202703
1405.0	  0.5202703
1407.0	  0.5219595
1409.0	  0.5219595
1411.0	  0.5219595
1413.0	  0.5219595
1415.0	  0.5219595
1417.0	  0.5219595
1419.0	  0.5219595
1421.0	  0.5219595
1423.0	  0.5236486
1425.0	  0.5236486
1427.0	  0.5236486
1429.0	  0.5236486
1431.0	  0.5236486
1433.0	  0.527027
1435.0	  0.527027
1437.0	  0.527027
1439.0	  0.5287162
1441.0	  0.5287162
1443.0	  0.5287162
1445.0	  0.5287162
1447.0	  0.5287162
1449.0	  0.5287162
1451.0	  0.5287162
1453.0	  0.5304054
1455.0	  0.5320946
1457.0	  0.5337838
1459.0	  0.5337838
1461.0	  0.5337838
1463.0	  0.5337838
1465.0	  0.5337838
1467.0	  0.5388514
1469.0	  0.5388514
1471.0	  0.5388514
1473.0	  0.5388514
1475.0	  0.5405405
1477.0	  0.5422297
1479.0	  0.5422297
1481.0	  0.5439189
1483.0	  0.5439189
1485.0	  0.5456081
1487.0	  0.5472973
1489.0	  0.5489865
1491.0	  0.5489865
1493.0	  0.5506757
1495.0	  0.5506757
1497.0	  0.5506757
1499.0	  0.5506757
1501.0	  0.5506757
1503.0	  0.5506757
1505.0	  0.5506757
1507.0	  0.5523649
1509.0	  0.5523649
1511.0	  0.5523649
1513.0	  0.5540541
1515.0	  0.5540541
1517.0	  0.5540541
1519.0	  0.5540541
1521.0	  0.5540541
1523.0	  0.5540541
1525.0	  0.5540541
1527.0	  0.5540541
1529.0	  0.5557432
1531.0	  0.5557432
1533.0	  0.5557432
1535.0	  0.5574324
1537.0	  0.5608108
1539.0	  0.5608108
1541.0	  0.5608108
1543.0	  0.5608108
1545.0	  0.5625
1547.0	  0.5625
1549.0	  0.5625
1551.0	  0.5641892
1553.0	  0.5658784
1555.0	  0.5658784
1557.0	  0.5658784
1559.0	  0.5658784
1561.0	  0.5658784
1563.0	  0.5675676
1565.0	  0.5675676
1567.0	  0.5675676
1569.0	  0.5692568
1571.0	  0.5692568
1573.0	  0.5692568
1575.0	  0.5692568
1577.0	  0.5692568
1579.0	  0.5692568
1581.0	  0.5692568
1583.0	  0.5709459
1585.0	  0.5726351
1587.0	  0.5726351
1589.0	  0.5726351
1591.0	  0.5726351
1593.0	  0.5743243
1595.0	  0.5743243
1597.0	  0.5743243
1599.0	  0.5743243
1601.0	  0.5743243
1603.0	  0.5743243
1605.0	  0.5810811
1607.0	  0.5810811
1609.0	  0.5827703
1611.0	  0.5827703
1613.0	  0.5861486
1615.0	  0.5878378
1617.0	  0.5878378
1619.0	  0.5878378
1621.0	  0.589527
1623.0	  0.5912162
1625.0	  0.5912162
1627.0	  0.5912162
1629.0	  0.5912162
1631.0	  0.5929054
1633.0	  0.5929054
1635.0	  0.5929054
1637.0	  0.5945946
1639.0	  0.5945946
1641.0	  0.5945946
1643.0	  0.5945946
1645.0	  0.5945946
1647.0	  0.5945946
1649.0	  0.5962838
1651.0	  0.5962838
1653.0	  0.5962838
1655.0	  0.5962838
1657.0	  0.597973
1659.0	  0.597973
1661.0	  0.597973
1663.0	  0.597973
1665.0	  0.6030405
1667.0	  0.6030405
1669.0	  0.6030405
1671.0	  0.6030405
1673.0	  0.6047297
1675.0	  0.6064189
1677.0	  0.6064189
1679.0	  0.6064189
1681.0	  0.6081081
1683.0	  0.6081081
1685.0	  0.6081081
1687.0	  0.6081081
1689.0	  0.6081081
1691.0	  0.6081081
1693.0	  0.6081081
1695.0	  0.6081081
1697.0	  0.6081081
1699.0	  0.6097973
1701.0	  0.6097973
1703.0	  0.6097973
1705.0	  0.6097973
1707.0	  0.6097973
1709.0	  0.6097973
1711.0	  0.6131757
1713.0	  0.6131757
1715.0	  0.6148649
1717.0	  0.6148649
1719.0	  0.6148649
1721.0	  0.6148649
1723.0	  0.6148649
1725.0	  0.6148649
1727.0	  0.6148649
1729.0	  0.6165541
1731.0	  0.6165541
1733.0	  0.6165541
1735.0	  0.6182432
1737.0	  0.6182432
1739.0	  0.6199324
1741.0	  0.6199324
1743.0	  0.6266892
1745.0	  0.6266892
1747.0	  0.6266892
1749.0	  0.6266892
1751.0	  0.6300676
1753.0	  0.6317568
1755.0	  0.6317568
1757.0	  0.6317568
1759.0	  0.6317568
1761.0	  0.6317568
1763.0	  0.6317568
1765.0	  0.6351351
1767.0	  0.6351351
1769.0	  0.6351351
1771.0	  0.6351351
1773.0	  0.6351351
1775.0	  0.6351351
1777.0	  0.6351351
1779.0	  0.6351351
1781.0	  0.6351351
1783.0	  0.6351351
1785.0	  0.6351351
1787.0	  0.6368243
1789.0	  0.6368243
1791.0	  0.6385135
1793.0	  0.6385135
1795.0	  0.6418919
1797.0	  0.6418919
1799.0	  0.6418919
1801.0	  0.6418919
1803.0	  0.6435811
1805.0	  0.6452703
1807.0	  0.6452703
1809.0	  0.6469595
1811.0	  0.6486486
1813.0	  0.6486486
1815.0	  0.6486486
1817.0	  0.6486486
1819.0	  0.6486486
1821.0	  0.6486486
1823.0	  0.6486486
1825.0	  0.6486486
1827.0	  0.6503378
1829.0	  0.6503378
1831.0	  0.6503378
1833.0	  0.6503378
1835.0	  0.6503378
1837.0	  0.6503378
1839.0	  0.652027
1841.0	  0.652027
1843.0	  0.652027
1845.0	  0.652027
1847.0	  0.652027
1849.0	  0.652027
1851.0	  0.652027
1853.0	  0.652027
1855.0	  0.652027
1857.0	  0.652027
1859.0	  0.652027
1861.0	  0.652027
1863.0	  0.652027
1865.0	  0.6537162
1867.0	  0.6537162
1869.0	  0.6554054
1871.0	  0.6570946
1873.0	  0.6587838
1875.0	  0.660473
1877.0	  0.660473
1879.0	  0.660473
1881.0	  0.6672297
1883.0	  0.6672297
1885.0	  0.6672297
1887.0	  0.6672297
1889.0	  0.6672297
1891.0	  0.6689189
1893.0	  0.6689189
1895.0	  0.6689189
1897.0	  0.6689189
1899.0	  0.6689189
1901.0	  0.6689189
1903.0	  0.6722973
1905.0	  0.6722973
1907.0	  0.6722973
1909.0	  0.6722973
1911.0	  0.6722973
1913.0	  0.6722973
1915.0	  0.6739865
1917.0	  0.6739865
1919.0	  0.6739865
1921.0	  0.6739865
1923.0	  0.6739865
1925.0	  0.6773649
1927.0	  0.6773649
1929.0	  0.6773649
1931.0	  0.6773649
1933.0	  0.6790541
1935.0	  0.6790541
1937.0	  0.6790541
1939.0	  0.6790541
1941.0	  0.6807432
1943.0	  0.6824324
1945.0	  0.6824324
1947.0	  0.6824324
1949.0	  0.6824324
1951.0	  0.6841216
1953.0	  0.6841216
1955.0	  0.6858108
1957.0	  0.6858108
1959.0	  0.6858108
1961.0	  0.6858108
1963.0	  0.6858108
1965.0	  0.6858108
1967.0	  0.6858108
1969.0	  0.6858108
1971.0	  0.6875
1973.0	  0.6875
1975.0	  0.6875
1977.0	  0.6891892
1979.0	  0.6891892
1981.0	  0.6891892
1983.0	  0.6891892
1985.0	  0.6891892
1987.0	  0.6891892
1989.0	  0.6925676
1991.0	  0.6942568
1993.0	  0.6959459
1995.0	  0.6959459
1997.0	  0.6976351
1999.0	  0.6976351
2001.0	  0.6993243
2003.0	  0.6993243
2005.0	  0.6993243
2007.0	  0.6993243
2009.0	  0.7010135
2011.0	  0.7010135
2013.0	  0.7010135
2015.0	  0.7010135
2017.0	  0.7010135
2019.0	  0.7027027
2021.0	  0.7043919
2023.0	  0.7043919
2025.0	  0.7043919
2027.0	  0.7043919
2029.0	  0.7043919
2031.0	  0.7043919
2033.0	  0.7043919
2035.0	  0.7060811
2037.0	  0.7060811
2039.0	  0.7060811
2041.0	  0.7077703
2043.0	  0.7077703
2045.0	  0.7077703
2047.0	  0.7077703
2049.0	  0.7077703
2051.0	  0.7094595
2053.0	  0.7128378
2055.0	  0.7128378
2057.0	  0.7128378
2059.0	  0.7128378
2061.0	  0.7128378
2063.0	  0.7162162
2065.0	  0.7162162
2067.0	  0.7162162
2069.0	  0.7179054
2071.0	  0.7179054
2073.0	  0.7179054
2075.0	  0.7179054
2077.0	  0.7179054
2079.0	  0.7179054
2081.0	  0.7195946
2083.0	  0.7195946
2085.0	  0.7195946
2087.0	  0.7195946
2089.0	  0.7195946
2091.0	  0.7195946
2093.0	  0.7195946
2095.0	  0.7195946
2097.0	  0.7195946
2099.0	  0.7195946
2101.0	  0.722973
2103.0	  0.7246622
2105.0	  0.7246622
2107.0	  0.7246622
2109.0	  0.7246622
2111.0	  0.7246622
2113.0	  0.7246622
2115.0	  0.7246622
2117.0	  0.7263514
2119.0	  0.7263514
2121.0	  0.7263514
2123.0	  0.7263514
2125.0	  0.7263514
2127.0	  0.7280405
2129.0	  0.7297297
2131.0	  0.7314189
2133.0	  0.7314189
2135.0	  0.7314189
2137.0	  0.7314189
2139.0	  0.7331081
2141.0	  0.7331081
2143.0	  0.7331081
2145.0	  0.7331081
2147.0	  0.7331081
2149.0	  0.7347973
2151.0	  0.7347973
2153.0	  0.7347973
2155.0	  0.7347973
2157.0	  0.7381757
2159.0	  0.7398649
2161.0	  0.7398649
2163.0	  0.7398649
2165.0	  0.7398649
2167.0	  0.7398649
2169.0	  0.7398649
2171.0	  0.7398649
2173.0	  0.7398649
2175.0	  0.7398649
2177.0	  0.7415541
2179.0	  0.7432432
2181.0	  0.7449324
2183.0	  0.7449324
2185.0	  0.7449324
2187.0	  0.7449324
2189.0	  0.7449324
2191.0	  0.7449324
2193.0	  0.7449324
2195.0	  0.7449324
2197.0	  0.7466216
2199.0	  0.7466216
2201.0	  0.75
2203.0	  0.7516892
2205.0	  0.7516892
2207.0	  0.7516892
2209.0	  0.7516892
2211.0	  0.7516892
2213.0	  0.7516892
2215.0	  0.7533784
2217.0	  0.7550676
2219.0	  0.7567568
2221.0	  0.7567568
2223.0	  0.7567568
2225.0	  0.7567568
2227.0	  0.7567568
2229.0	  0.7584459
2231.0	  0.7584459
2233.0	  0.7584459
2235.0	  0.7584459
2237.0	  0.7584459
2239.0	  0.7601351
2241.0	  0.7618243
2243.0	  0.7618243
2245.0	  0.7618243
2247.0	  0.7618243
2249.0	  0.7618243
2251.0	  0.7635135
2253.0	  0.7635135
2255.0	  0.7635135
2257.0	  0.7635135
2259.0	  0.7635135
2261.0	  0.7652027
2263.0	  0.7652027
2265.0	  0.7652027
2267.0	  0.7668919
2269.0	  0.7668919
2271.0	  0.7685811
2273.0	  0.7702703
2275.0	  0.7719595
2277.0	  0.7736486
2279.0	  0.7736486
2281.0	  0.7736486
2283.0	  0.7736486
2285.0	  0.7736486
2287.0	  0.7736486
2289.0	  0.7736486
2291.0	  0.7736486
2293.0	  0.7736486
2295.0	  0.7753378
2297.0	  0.777027
2299.0	  0.7787162
2301.0	  0.7787162
2303.0	  0.7787162
2305.0	  0.7787162
2307.0	  0.7787162
2309.0	  0.7804054
2311.0	  0.7804054
2313.0	  0.7804054
2315.0	  0.7804054
2317.0	  0.7820946
2319.0	  0.7837838
2321.0	  0.7837838
2323.0	  0.7837838
2325.0	  0.785473
2327.0	  0.785473
2329.0	  0.7871622
2331.0	  0.7871622
2333.0	  0.7871622
2335.0	  0.7871622
2337.0	  0.7871622
2339.0	  0.7905405
2341.0	  0.7922297
2343.0	  0.7922297
2345.0	  0.7922297
2347.0	  0.7922297
2349.0	  0.7939189
2351.0	  0.7939189
2353.0	  0.7939189
2355.0	  0.7956081
2357.0	  0.7972973
2359.0	  0.7972973
2361.0	  0.7972973
2363.0	  0.7972973
2365.0	  0.7972973
2367.0	  0.7972973
2369.0	  0.7972973
2371.0	  0.7972973
2373.0	  0.7972973
2375.0	  0.7989865
2377.0	  0.7989865
2379.0	  0.8006757
2381.0	  0.8023649
2383.0	  0.8023649
2385.0	  0.8023649
2387.0	  0.8023649
2389.0	  0.8040541
2391.0	  0.8040541
2393.0	  0.8040541
2395.0	  0.8040541
2397.0	  0.8040541
2399.0	  0.8057432
2401.0	  0.8074324
2403.0	  0.8074324
2405.0	  0.8091216
2407.0	  0.8091216
2409.0	  0.8125
2411.0	  0.8141892
2413.0	  0.8141892
2415.0	  0.8158784
2417.0	  0.8158784
2419.0	  0.8158784
2421.0	  0.8158784
2423.0	  0.8175676
2425.0	  0.8192568
2427.0	  0.8209459
2429.0	  0.8209459
2431.0	  0.8209459
2433.0	  0.8209459
2435.0	  0.8209459
2437.0	  0.8209459
2439.0	  0.8209459
2441.0	  0.8209459
2443.0	  0.8209459
2445.0	  0.8209459
2447.0	  0.8209459
2449.0	  0.8209459
2451.0	  0.8209459
2453.0	  0.8209459
2455.0	  0.8243243
2457.0	  0.8243243
2459.0	  0.8260135
2461.0	  0.8260135
2463.0	  0.8260135
2465.0	  0.8260135
2467.0	  0.8277027
2469.0	  0.8277027
2471.0	  0.8277027
2473.0	  0.8277027
2475.0	  0.8277027
2477.0	  0.8293919
2479.0	  0.8310811
2481.0	  0.8310811
2483.0	  0.8310811
2485.0	  0.8310811
2487.0	  0.8310811
2489.0	  0.8310811
2491.0	  0.8310811
2493.0	  0.8327703
2495.0	  0.8344595
2497.0	  0.8344595
2499.0	  0.8361486
2501.0	  0.8378378
2503.0	  0.839527
2505.0	  0.839527
2507.0	  0.839527
2509.0	  0.839527
2511.0	  0.839527
2513.0	  0.839527
2515.0	  0.839527
2517.0	  0.839527
2519.0	  0.8412162
2521.0	  0.8412162
2523.0	  0.8412162
2525.0	  0.8412162
2527.0	  0.8412162
2529.0	  0.8412162
2531.0	  0.8412162
2533.0	  0.8412162
2535.0	  0.8429054
2537.0	  0.8429054
2539.0	  0.8462838
2541.0	  0.847973
2543.0	  0.8496622
2545.0	  0.8496622
2547.0	  0.8513514
2549.0	  0.8530405
2551.0	  0.8530405
2553.0	  0.8547297
2555.0	  0.8547297
2557.0	  0.8547297
2559.0	  0.8564189
2561.0	  0.8564189
2563.0	  0.8564189
2565.0	  0.8564189
2567.0	  0.8564189
2569.0	  0.8564189
2571.0	  0.8564189
2573.0	  0.8564189
2575.0	  0.8581081
2577.0	  0.8581081
2579.0	  0.8581081
2581.0	  0.8581081
2583.0	  0.8581081
2585.0	  0.8581081
2587.0	  0.8581081
2589.0	  0.8581081
2591.0	  0.8581081
2593.0	  0.8597973
2595.0	  0.8597973
2597.0	  0.8597973
2599.0	  0.8597973
2601.0	  0.8597973
2603.0	  0.8597973
2605.0	  0.8614865
2607.0	  0.8631757
2609.0	  0.8631757
2611.0	  0.8631757
2613.0	  0.8648649
2615.0	  0.8665541
2617.0	  0.8665541
2619.0	  0.8665541
2621.0	  0.8682432
2623.0	  0.8682432
2625.0	  0.8682432
2627.0	  0.8682432
2629.0	  0.8682432
2631.0	  0.8699324
2633.0	  0.8699324
2635.0	  0.8699324
2637.0	  0.8716216
2639.0	  0.8716216
2641.0	  0.8716216
2643.0	  0.8716216
2645.0	  0.8716216
2647.0	  0.8716216
2649.0	  0.8716216
2651.0	  0.8733108
2653.0	  0.875
2655.0	  0.875
2657.0	  0.8766892
2659.0	  0.8766892
2661.0	  0.8766892
2663.0	  0.8766892
2665.0	  0.8766892
2667.0	  0.8766892
2669.0	  0.8766892
2671.0	  0.8766892
2673.0	  0.8766892
2675.0	  0.8766892
2677.0	  0.8783784
2679.0	  0.8783784
2681.0	  0.8800676
2683.0	  0.8800676
2685.0	  0.8800676
2687.0	  0.8817568
2689.0	  0.8834459
2691.0	  0.8851351
2693.0	  0.8851351
2695.0	  0.8851351
2697.0	  0.8851351
2699.0	  0.8851351
2701.0	  0.8868243
2703.0	  0.8868243
2705.0	  0.8868243
2707.0	  0.8885135
2709.0	  0.8902027
2711.0	  0.8902027
2713.0	  0.8902027
2715.0	  0.8902027
2717.0	  0.8902027
2719.0	  0.8902027
2721.0	  0.8902027
2723.0	  0.8902027
2725.0	  0.8918919
2727.0	  0.8935811
2729.0	  0.8935811
2731.0	  0.8935811
2733.0	  0.8935811
2735.0	  0.8935811
2737.0	  0.8935811
2739.0	  0.8935811
2741.0	  0.8935811
2743.0	  0.8935811
2745.0	  0.8969595
2747.0	  0.8969595
2749.0	  0.8969595
2751.0	  0.8969595
2753.0	  0.8969595
2755.0	  0.8969595
2757.0	  0.8969595
2759.0	  0.8969595
2761.0	  0.8969595
2763.0	  0.8986486
2765.0	  0.9003378
2767.0	  0.9003378
2769.0	  0.902027
2771.0	  0.902027
2773.0	  0.902027
2775.0	  0.9037162
2777.0	  0.9037162
2779.0	  0.9037162
2781.0	  0.9037162
2783.0	  0.9054054
2785.0	  0.9054054
2787.0	  0.9054054
2789.0	  0.9054054
2791.0	  0.9054054
2793.0	  0.9054054
2795.0	  0.9070946
2797.0	  0.9070946
2799.0	  0.9070946
2801.0	  0.9087838
2803.0	  0.9087838
2805.0	  0.9087838
2807.0	  0.9087838
2809.0	  0.9087838
2811.0	  0.9087838
2813.0	  0.9087838
2815.0	  0.9087838
2817.0	  0.9087838
2819.0	  0.910473
2821.0	  0.910473
2823.0	  0.910473
2825.0	  0.910473
2827.0	  0.9121622
2829.0	  0.9138514
2831.0	  0.9138514
2833.0	  0.9138514
2835.0	  0.9138514
2837.0	  0.9138514
2839.0	  0.9172297
2841.0	  0.9172297
2843.0	  0.9172297
2845.0	  0.9189189
2847.0	  0.9189189
2849.0	  0.9189189
2851.0	  0.9206081
2853.0	  0.9206081
2855.0	  0.9206081
2857.0	  0.9206081
2859.0	  0.9222973
2861.0	  0.9222973
2863.0	  0.9239865
2865.0	  0.9239865
2867.0	  0.9239865
2869.0	  0.9239865
2871.0	  0.9239865
2873.0	  0.9239865
2875.0	  0.9239865
2877.0	  0.9256757
2879.0	  0.9256757
2881.0	  0.9256757
2883.0	  0.9273649
2885.0	  0.9273649
2887.0	  0.9273649
2889.0	  0.9273649
2891.0	  0.9273649
2893.0	  0.9273649
2895.0	  0.9273649
2897.0	  0.9273649
2899.0	  0.9273649
2901.0	  0.9273649
2903.0	  0.9273649
2905.0	  0.9273649
2907.0	  0.9290541
2909.0	  0.9290541
2911.0	  0.9290541
2913.0	  0.9290541
2915.0	  0.9307432
2917.0	  0.9307432
2919.0	  0.9307432
2921.0	  0.9307432
2923.0	  0.9307432
2925.0	  0.9324324
2927.0	  0.9324324
2929.0	  0.9324324
2931.0	  0.9324324
2933.0	  0.9375
2935.0	  0.9375
2937.0	  0.9375
2939.0	  0.9375
2941.0	  0.9375
2943.0	  0.9375
2945.0	  0.9375
2947.0	  0.9375
2949.0	  0.9375
2951.0	  0.9391892
2953.0	  0.9391892
2955.0	  0.9391892
2957.0	  0.9391892
2959.0	  0.9391892
2961.0	  0.9391892
2963.0	  0.9391892
2965.0	  0.9408784
2967.0	  0.9425676
2969.0	  0.9425676
2971.0	  0.9425676
2973.0	  0.9425676
2975.0	  0.9425676
2977.0	  0.9442568
2979.0	  0.9442568
2981.0	  0.9442568
2983.0	  0.9442568
2985.0	  0.9442568
2987.0	  0.9442568
2989.0	  0.9459459
2991.0	  0.9459459
2993.0	  0.9459459
2995.0	  0.9459459
2997.0	  0.9459459
2999.0	  0.9476351
3001.0	  0.9493243
3003.0	  0.9493243
3005.0	  0.9493243
3007.0	  0.9493243
3009.0	  0.9510135
3011.0	  0.9510135
3013.0	  0.9510135
3015.0	  0.9510135
3017.0	  0.9510135
3019.0	  0.9510135
3021.0	  0.9527027
3023.0	  0.9527027
3025.0	  0.9527027
3027.0	  0.9527027
3029.0	  0.9527027
3031.0	  0.9527027
3033.0	  0.9527027
3035.0	  0.9527027
3037.0	  0.9527027
3039.0	  0.9527027
3041.0	  0.9527027
3043.0	  0.9527027
3045.0	  0.9560811
3047.0	  0.9560811
3049.0	  0.9560811
3051.0	  0.9560811
3053.0	  0.9560811
3055.0	  0.9560811
3057.0	  0.9560811
3059.0	  0.9560811
3061.0	  0.9560811
3063.0	  0.9560811
3065.0	  0.9577703
3067.0	  0.9577703
3069.0	  0.9594595
3071.0	  0.9594595
3073.0	  0.9594595
3075.0	  0.9611486
3077.0	  0.9611486
3079.0	  0.9611486
3081.0	  0.9611486
3083.0	  0.9611486
3085.0	  0.9611486
3087.0	  0.9611486
3089.0	  0.9628378
3091.0	  0.9628378
3093.0	  0.9628378
3095.0	  0.9628378
3097.0	  0.9628378
3099.0	  0.9628378
3101.0	  0.9628378
3103.0	  0.964527
3105.0	  0.9662162
3107.0	  0.9662162
3109.0	  0.9662162
3111.0	  0.9662162
3113.0	  0.9679054
3115.0	  0.9679054
3117.0	  0.9679054
3119.0	  0.9679054
3121.0	  0.9679054
3123.0	  0.9679054
3125.0	  0.9679054
3127.0	  0.9679054
3129.0	  0.9679054
3131.0	  0.9679054
3133.0	  0.9679054
3135.0	  0.9679054
3137.0	  0.9679054
3139.0	  0.9679054
3141.0	  0.9679054
3143.0	  0.9679054
3145.0	  0.9695946
3147.0	  0.9695946
3149.0	  0.9712838
3151.0	  0.9712838
3153.0	  0.9712838
3155.0	  0.9712838
3157.0	  0.972973
3159.0	  0.9746622
3161.0	  0.9746622
3163.0	  0.9746622
3165.0	  0.9746622
3167.0	  0.9746622
3169.0	  0.9746622
3171.0	  0.9746622
3173.0	  0.9746622
3175.0	  0.9746622
3177.0	  0.9746622
3179.0	  0.9746622
3181.0	  0.9746622
3183.0	  0.9763514
3185.0	  0.9763514
3187.0	  0.9763514
3189.0	  0.9763514
3191.0	  0.9763514
3193.0	  0.9763514
3195.0	  0.9763514
3197.0	  0.9763514
3199.0	  0.9763514
3201.0	  0.9780405
3203.0	  0.9780405
3205.0	  0.9780405
3207.0	  0.9780405
3209.0	  0.9780405
3211.0	  0.9780405
3213.0	  0.9780405
3215.0	  0.9797297
3217.0	  0.9797297
3219.0	  0.9797297
3221.0	  0.9797297
3223.0	  0.9797297
3225.0	  0.9797297
3227.0	  0.9814189
3229.0	  0.9814189
3231.0	  0.9814189
3233.0	  0.9814189
3235.0	  0.9814189
3237.0	  0.9814189
3239.0	  0.9814189
3241.0	  0.9814189
3243.0	  0.9831081
3245.0	  0.9831081
3247.0	  0.9831081
3249.0	  0.9831081
3251.0	  0.9831081
3253.0	  0.9831081
3255.0	  0.9831081
3257.0	  0.9831081
3259.0	  0.9831081
3261.0	  0.9831081
3263.0	  0.9831081
3265.0	  0.9831081
3267.0	  0.9831081
3269.0	  0.9831081
3271.0	  0.9847973
3273.0	  0.9847973
3275.0	  0.9847973
3277.0	  0.9847973
3279.0	  0.9847973
3281.0	  0.9847973
3283.0	  0.9864865
3285.0	  0.9864865
3287.0	  0.9881757
3289.0	  0.9881757
3291.0	  0.9881757
3293.0	  0.9881757
3295.0	  0.9898649
3297.0	  0.9898649
3299.0	  0.9898649
3301.0	  0.9898649
3303.0	  0.9898649
3305.0	  0.9898649
3307.0	  0.9898649
3309.0	  0.9898649
3311.0	  0.9898649
3313.0	  0.9898649
3315.0	  0.9898649
3317.0	  0.9898649
3319.0	  0.9898649
3321.0	  0.9898649
3323.0	  0.9898649
3325.0	  0.9898649
3327.0	  0.9898649
3329.0	  0.9898649
3331.0	  0.9898649
3333.0	  0.9898649
3335.0	  0.9898649
3337.0	  0.9898649
3339.0	  0.9915541
3341.0	  0.9915541
3343.0	  0.9915541
3345.0	  0.9915541
3347.0	  0.9915541
3349.0	  0.9915541
3351.0	  0.9915541
3353.0	  0.9932432
3355.0	  0.9932432
3357.0	  0.9949324
3359.0	  0.9949324
3361.0	  0.9949324
3363.0	  0.9949324
3365.0	  0.9949324
3367.0	  0.9949324
3369.0	  0.9949324
3371.0	  0.9949324
3373.0	  0.9949324
3375.0	  0.9949324
3377.0	  0.9949324
3379.0	  0.9949324
3381.0	  0.9949324
3383.0	  0.9949324
3385.0	  0.9949324
3387.0	  0.9949324
3389.0	  0.9949324
3391.0	  0.9949324
3393.0	  0.9949324
3395.0	  0.9949324
3397.0	  0.9949324
3399.0	  0.9949324
3401.0	  0.9949324
3403.0	  0.9949324
3405.0	  0.9949324
3407.0	  0.9949324
3409.0	  0.9966216
3411.0	  0.9966216
3413.0	  0.9966216
3415.0	  0.9966216
3417.0	  0.9966216
3419.0	  0.9966216
3421.0	  0.9966216
3423.0	  0.9966216
3425.0	  0.9983108
3427.0	  0.9983108
3429.0	  0.9983108
3431.0	  0.9983108
3433.0	  0.9983108
3435.0	  0.9983108
3437.0	  0.9983108
3439.0	  0.9983108
3441.0	  0.9983108
3443.0	  0.9983108
3445.0	  0.9983108
3447.0	  0.9983108
3449.0	  0.9983108
3451.0	  0.9983108
3453.0	  0.9983108
3455.0	  0.9983108
3457.0	  0.9983108
3459.0	  0.9983108
3461.0	  0.9983108
3463.0	  0.9983108
3465.0	  0.9983108
3467.0	  0.9983108
3469.0	  0.9983108
3471.0	  0.9983108
3473.0	  0.9983108
3475.0	  0.9983108
3477.0	  0.9983108
3479.0	  0.9983108
3481.0	  0.9983108
3483.0	  0.9983108
3485.0	  0.9983108
3487.0	  0.9983108
3489.0	  0.9983108
3491.0	  0.9983108
3493.0	  1.0
3495.0	  1.0
3497.0	  1.0
3499.0	  1.0



DATASET #2

     Name: Rate-Weighted
   Points: 1750
     Info: 

Data[x,y]:
1.0	  0.0
3.0	  0.0
5.0	  0.0
7.0	  0.0
9.0	  0.0
11.0	  0.0
13.0	  0.0
15.0	  0.0
17.0	  0.0
19.0	  0.0
21.0	  0.0
23.0	  0.0
25.0	  0.0
27.0	  0.0
29.0	  0.0
31.0	  0.0
33.0	  0.0
35.0	  0.0
37.0	  0.0
39.0	  0.0
41.0	  0.0
43.0	  0.0
45.0	  0.0
47.0	  0.0
49.0	  0.0
51.0	  0.0
53.0	  0.0
55.0	  0.0
57.0	  0.0
59.0	  0.0
61.0	  0.0
63.0	  0.0
65.0	  0.0
67.0	  0.0
69.0	  0.0
71.0	  0.0
73.0	  0.0
75.0	  0.0
77.0	  0.0
79.0	  0.0
81.0	  0.0
83.0	  0.0
85.0	  0.0
87.0	  0.0
89.0	  0.0
91.0	  0.0
93.0	  0.0
95.0	  0.0
97.0	  0.0
99.0	  0.0
101.0	  0.0
103.0	  0.0
105.0	  0.0
107.0	  0.0
109.0	  0.0
111.0	  0.0
113.0	  0.0
115.0	  0.0
117.0	  0.0
119.0	  0.0
121.0	  0.0
123.0	  0.0
125.0	  0.0
127.0	  0.0
129.0	  0.0
131.0	  0.0
133.0	  0.0
135.0	  0.0
137.0	  0.10574214
139.0	  0.10574214
141.0	  0.10574214
143.0	  0.10574214
145.0	  0.10574214
147.0	  0.10574214
149.0	  0.108270854
151.0	  0.108270854
153.0	  0.108270854
155.0	  0.108270854
157.0	  0.108270854
159.0	  0.108270854
161.0	  0.12868993
163.0	  0.12868993
165.0	  0.12868993
167.0	  0.12868993
169.0	  0.12868993
171.0	  0.12868993
173.0	  0.12868993
175.0	  0.12868993
177.0	  0.12868993
179.0	  0.12868993
181.0	  0.12868993
183.0	  0.12868993
185.0	  0.12868993
187.0	  0.12868993
189.0	  0.12868993
191.0	  0.12868993
193.0	  0.12868993
195.0	  0.12868993
197.0	  0.12868993
199.0	  0.12868993
201.0	  0.12868993
203.0	  0.12868993
205.0	  0.12868993
207.0	  0.2108074
209.0	  0.2108074
211.0	  0.2108074
213.0	  0.2108074
215.0	  0.2108074
217.0	  0.2108074
219.0	  0.2108074
221.0	  0.2108074
223.0	  0.2108074
225.0	  0.24217921
227.0	  0.24217921
229.0	  0.24217921
231.0	  0.24217921
233.0	  0.24217921
235.0	  0.24217921
237.0	  0.24217921
239.0	  0.24217921
241.0	  0.2520241
243.0	  0.2520241
245.0	  0.2520241
247.0	  0.2520241
249.0	  0.2520241
251.0	  0.2520241
253.0	  0.2520241
255.0	  0.2520241
257.0	  0.2520241
259.0	  0.31822076
261.0	  0.31822076
263.0	  0.31822076
265.0	  0.31822076
267.0	  0.31822076
269.0	  0.31822076
271.0	  0.31822076
273.0	  0.31822076
275.0	  0.31823757
277.0	  0.4206173
279.0	  0.4206173
281.0	  0.4206173
283.0	  0.42201754
285.0	  0.42201754
287.0	  0.423172
289.0	  0.423172
291.0	  0.423172
293.0	  0.423172
295.0	  0.423172
297.0	  0.5667183
299.0	  0.57913613
301.0	  0.57913613
303.0	  0.57913613
305.0	  0.57913613
307.0	  0.57913613
309.0	  0.57913613
311.0	  0.57913613
313.0	  0.57913613
315.0	  0.57913613
317.0	  0.57913613
319.0	  0.57913613
321.0	  0.5815734
323.0	  0.5815734
325.0	  0.5815734
327.0	  0.5815734
329.0	  0.5815734
331.0	  0.5815734
333.0	  0.5815734
335.0	  0.5815734
337.0	  0.5815734
339.0	  0.6396888
341.0	  0.6396888
343.0	  0.6396888
345.0	  0.64449215
347.0	  0.64449215
349.0	  0.64449215
351.0	  0.64449215
353.0	  0.64449215
355.0	  0.64449215
357.0	  0.6514147
359.0	  0.6514147
361.0	  0.6514147
363.0	  0.65671694
365.0	  0.65671694
367.0	  0.65671694
369.0	  0.65671694
371.0	  0.65671694
373.0	  0.65671694
375.0	  0.65678155
377.0	  0.65678155
379.0	  0.65678155
381.0	  0.65678155
383.0	  0.65678155
385.0	  0.65678155
387.0	  0.6891026
389.0	  0.6891026
391.0	  0.6891026
393.0	  0.6891026
395.0	  0.6891026
397.0	  0.6891026
399.0	  0.6891026
401.0	  0.6912116
403.0	  0.6912116
405.0	  0.6912116
407.0	  0.6912116
409.0	  0.6912116
411.0	  0.6912116
413.0	  0.6912116
415.0	  0.76256245
417.0	  0.76256245
419.0	  0.76256245
421.0	  0.76256245
423.0	  0.7736501
425.0	  0.77391297
427.0	  0.77391297
429.0	  0.77391297
431.0	  0.77391297
433.0	  0.77391297
435.0	  0.77391297
437.0	  0.7768383
439.0	  0.7768383
441.0	  0.7768383
443.0	  0.7768383
445.0	  0.7768383
447.0	  0.7768383
449.0	  0.77686155
451.0	  0.77686155
453.0	  0.77686155
455.0	  0.77686155
457.0	  0.77686155
459.0	  0.7768661
461.0	  0.7768661
463.0	  0.7768661
465.0	  0.77927595
467.0	  0.77927595
469.0	  0.77927595
471.0	  0.7812223
473.0	  0.7812223
475.0	  0.7812223
477.0	  0.7812223
479.0	  0.7812223
481.0	  0.78122675
483.0	  0.78122675
485.0	  0.78122675
487.0	  0.78122675
489.0	  0.78122675
491.0	  0.78122675
493.0	  0.78122675
495.0	  0.788665
497.0	  0.788665
499.0	  0.7911212
501.0	  0.7911212
503.0	  0.7911212
505.0	  0.7911212
507.0	  0.7911212
509.0	  0.7911218
511.0	  0.7911218
513.0	  0.7911218
515.0	  0.7911218
517.0	  0.8083165
519.0	  0.8083165
521.0	  0.8083165
523.0	  0.81924325
525.0	  0.81924325
527.0	  0.81924325
529.0	  0.81924325
531.0	  0.81924325
533.0	  0.81924325
535.0	  0.81927997
537.0	  0.8195242
539.0	  0.8195242
541.0	  0.8195242
543.0	  0.8195242
545.0	  0.81956714
547.0	  0.81956714
549.0	  0.81956714
551.0	  0.81957006
553.0	  0.84989506
555.0	  0.84989506
557.0	  0.84989506
559.0	  0.84989506
561.0	  0.8510059
563.0	  0.8510059
565.0	  0.85119605
567.0	  0.85119605
569.0	  0.85138935
571.0	  0.85138935
573.0	  0.85138935
575.0	  0.8513958
577.0	  0.8513958
579.0	  0.8524175
581.0	  0.85313153
583.0	  0.85313153
585.0	  0.85313153
587.0	  0.8556918
589.0	  0.8556918
591.0	  0.8556918
593.0	  0.8556918
595.0	  0.8556918
597.0	  0.8556918
599.0	  0.8556918
601.0	  0.8556918
603.0	  0.8556918
605.0	  0.8556918
607.0	  0.8556918
609.0	  0.85575986
611.0	  0.85575986
613.0	  0.85581094
615.0	  0.85581094
617.0	  0.85581094
619.0	  0.85581094
621.0	  0.8562323
623.0	  0.8562323
625.0	  0.8563306
627.0	  0.8563306
629.0	  0.85664093
631.0	  0.85664207
633.0	  0.85664207
635.0	  0.85664207
637.0	  0.85853857
639.0	  0.85853857
641.0	  0.85853857
643.0	  0.8603288
645.0	  0.8603288
647.0	  0.8603288
649.0	  0.86849
651.0	  0.868569
653.0	  0.868569
655.0	  0.868716
657.0	  0.868716
659.0	  0.868716
661.0	  0.868755
663.0	  0.868755
665.0	  0.868755
667.0	  0.868755
669.0	  0.868755
671.0	  0.868755
673.0	  0.8688534
675.0	  0.8705077
677.0	  0.8716004
679.0	  0.8716004
681.0	  0.8716004
683.0	  0.8716004
685.0	  0.8716004
687.0	  0.8716004
689.0	  0.8717672
691.0	  0.87622654
693.0	  0.87622654
695.0	  0.8762432
697.0	  0.8762432
699.0	  0.8762432
701.0	  0.8770284
703.0	  0.8770284
705.0	  0.8770284
707.0	  0.87720346
709.0	  0.87819314
711.0	  0.8800016
713.0	  0.8801338
715.0	  0.8801338
717.0	  0.8801338
719.0	  0.8802663
721.0	  0.8802663
723.0	  0.8802663
725.0	  0.8803174
727.0	  0.8803174
729.0	  0.8803174
731.0	  0.8803174
733.0	  0.8803174
735.0	  0.8803174
737.0	  0.8803174
739.0	  0.8803174
741.0	  0.8803174
743.0	  0.8803174
745.0	  0.8803174
747.0	  0.88399005
749.0	  0.8842529
751.0	  0.8842529
753.0	  0.8842529
755.0	  0.8842529
757.0	  0.8842529
759.0	  0.8842535
761.0	  0.8842535
763.0	  0.8844245
765.0	  0.8844245
767.0	  0.8844245
769.0	  0.88456833
771.0	  0.88456833
773.0	  0.88456833
775.0	  0.90504014
777.0	  0.90504014
779.0	  0.90504014
781.0	  0.90504014
783.0	  0.90504014
785.0	  0.90504014
787.0	  0.9050846
789.0	  0.90522206
791.0	  0.90522206
793.0	  0.91474724
795.0	  0.9147958
797.0	  0.9147958
799.0	  0.9147958
801.0	  0.9147958
803.0	  0.9187142
805.0	  0.9187142
807.0	  0.91880244
809.0	  0.91880244
811.0	  0.91880697
813.0	  0.91880697
815.0	  0.91880697
817.0	  0.91987073
819.0	  0.91987073
821.0	  0.91987073
823.0	  0.91987073
825.0	  0.91987073
827.0	  0.9198738
829.0	  0.9227354
831.0	  0.9227354
833.0	  0.9227354
835.0	  0.9227354
837.0	  0.9227354
839.0	  0.9232613
841.0	  0.9232613
843.0	  0.9232613
845.0	  0.9232613
847.0	  0.9232613
849.0	  0.9234143
851.0	  0.9234143
853.0	  0.9234143
855.0	  0.92342776
857.0	  0.92342776
859.0	  0.92342776
861.0	  0.9235668
863.0	  0.92701226
865.0	  0.92701226
867.0	  0.92701226
869.0	  0.92701226
871.0	  0.92701226
873.0	  0.92701226
875.0	  0.92701226
877.0	  0.92701226
879.0	  0.92701226
881.0	  0.92701226
883.0	  0.92701226
885.0	  0.9270379
887.0	  0.92704195
889.0	  0.92704195
891.0	  0.92704195
893.0	  0.92704195
895.0	  0.92704195
897.0	  0.9279401
899.0	  0.9279401
901.0	  0.9279401
903.0	  0.9279401
905.0	  0.9279401
907.0	  0.9285149
909.0	  0.9285149
911.0	  0.9285149
913.0	  0.9285149
915.0	  0.9285149
917.0	  0.9285149
919.0	  0.928595
921.0	  0.928595
923.0	  0.92866457
925.0	  0.92866457
927.0	  0.92866457
929.0	  0.92866457
931.0	  0.9346517
933.0	  0.9346639
935.0	  0.9346639
937.0	  0.9360139
939.0	  0.9361315
941.0	  0.9367035
943.0	  0.9367035
945.0	  0.9367035
947.0	  0.93683505
949.0	  0.9418495
951.0	  0.9418495
953.0	  0.9418611
955.0	  0.9418611
957.0	  0.9418611
959.0	  0.9418611
961.0	  0.9418611
963.0	  0.9418611
965.0	  0.9422205
967.0	  0.9423307
969.0	  0.9423307
971.0	  0.9425181
973.0	  0.9425181
975.0	  0.9425181
977.0	  0.9425181
979.0	  0.9425181
981.0	  0.9425181
983.0	  0.9425181
985.0	  0.9425181
987.0	  0.9425181
989.0	  0.9425181
991.0	  0.9425181
993.0	  0.9425181
995.0	  0.9425181
997.0	  0.9425181
999.0	  0.9425181
1001.0	  0.942735
1003.0	  0.942735
1005.0	  0.942735
1007.0	  0.942735
1009.0	  0.942735
1011.0	  0.94274217
1013.0	  0.94274217
1015.0	  0.94274217
1017.0	  0.94274217
1019.0	  0.94274217
1021.0	  0.94274217
1023.0	  0.94274217
1025.0	  0.94274217
1027.0	  0.94274217
1029.0	  0.94274217
1031.0	  0.94274217
1033.0	  0.94274217
1035.0	  0.94314146
1037.0	  0.94314146
1039.0	  0.94314146
1041.0	  0.94314146
1043.0	  0.94314146
1045.0	  0.94381094
1047.0	  0.94381094
1049.0	  0.94381094
1051.0	  0.94407576
1053.0	  0.9492963
1055.0	  0.9492963
1057.0	  0.9495703
1059.0	  0.9495703
1061.0	  0.94987553
1063.0	  0.94987553
1065.0	  0.94987553
1067.0	  0.94987553
1069.0	  0.95521396
1071.0	  0.95521396
1073.0	  0.95521396
1075.0	  0.95521396
1077.0	  0.95521396
1079.0	  0.9578341
1081.0	  0.9578341
1083.0	  0.9578529
1085.0	  0.9578529
1087.0	  0.95859593
1089.0	  0.95859593
1091.0	  0.95859593
1093.0	  0.95859593
1095.0	  0.95859593
1097.0	  0.95859593
1099.0	  0.95859593
1101.0	  0.9586139
1103.0	  0.9586139
1105.0	  0.95866674
1107.0	  0.95866674
1109.0	  0.95866674
1111.0	  0.95866674
1113.0	  0.95866674
1115.0	  0.9586673
1117.0	  0.9586673
1119.0	  0.9590401
1121.0	  0.9590401
1123.0	  0.9590401
1125.0	  0.95907384
1127.0	  0.95907384
1129.0	  0.95908564
1131.0	  0.95908564
1133.0	  0.95908564
1135.0	  0.95908564
1137.0	  0.95974356
1139.0	  0.9604938
1141.0	  0.9604938
1143.0	  0.9604938
1145.0	  0.9604938
1147.0	  0.9604938
1149.0	  0.96049523
1151.0	  0.96049523
1153.0	  0.96049523
1155.0	  0.96049523
1157.0	  0.96049523
1159.0	  0.96049523
1161.0	  0.96049523
1163.0	  0.96049523
1165.0	  0.96049523
1167.0	  0.96049523
1169.0	  0.96049523
1171.0	  0.96049523
1173.0	  0.96049523
1175.0	  0.9604972
1177.0	  0.9626554
1179.0	  0.9626554
1181.0	  0.9626554
1183.0	  0.9626554
1185.0	  0.9626554
1187.0	  0.9626554
1189.0	  0.9626554
1191.0	  0.96324974
1193.0	  0.96324974
1195.0	  0.9634105
1197.0	  0.9634452
1199.0	  0.9634452
1201.0	  0.9634452
1203.0	  0.9634452
1205.0	  0.9634452
1207.0	  0.96463823
1209.0	  0.96464473
1211.0	  0.96464473
1213.0	  0.9646633
1215.0	  0.9646633
1217.0	  0.9664855
1219.0	  0.9664855
1221.0	  0.966486
1223.0	  0.966486
1225.0	  0.9672636
1227.0	  0.9672636
1229.0	  0.9672636
1231.0	  0.9672726
1233.0	  0.9672726
1235.0	  0.9672726
1237.0	  0.9672726
1239.0	  0.9672726
1241.0	  0.9672726
1243.0	  0.9672726
1245.0	  0.9672726
1247.0	  0.9672726
1249.0	  0.9672726
1251.0	  0.9672726
1253.0	  0.9672726
1255.0	  0.9672726
1257.0	  0.9672726
1259.0	  0.9672726
1261.0	  0.9672728
1263.0	  0.9672728
1265.0	  0.9672728
1267.0	  0.9672728
1269.0	  0.9689476
1271.0	  0.9689476
1273.0	  0.9689476
1275.0	  0.96902966
1277.0	  0.96998996
1279.0	  0.96998996
1281.0	  0.96998996
1283.0	  0.96998996
1285.0	  0.96998996
1287.0	  0.96998996
1289.0	  0.96998996
1291.0	  0.96998996
1293.0	  0.97000474
1295.0	  0.97000474
1297.0	  0.97000474
1299.0	  0.97000474
1301.0	  0.97000474
1303.0	  0.97011906
1305.0	  0.97011906
1307.0	  0.97011906
1309.0	  0.97011906
1311.0	  0.97017056
1313.0	  0.97017056
1315.0	  0.97017056
1317.0	  0.97017056
1319.0	  0.97017056
1321.0	  0.97017056
1323.0	  0.97017056
1325.0	  0.97017056
1327.0	  0.97017056
1329.0	  0.9711425
1331.0	  0.9711425
1333.0	  0.9711425
1335.0	  0.9711425
1337.0	  0.9712225
1339.0	  0.9712225
1341.0	  0.9712225
1343.0	  0.9712225
1345.0	  0.9712225
1347.0	  0.97137856
1349.0	  0.97137856
1351.0	  0.97167253
1353.0	  0.97167253
1355.0	  0.9717335
1357.0	  0.9717335
1359.0	  0.9719511
1361.0	  0.9719511
1363.0	  0.9743564
1365.0	  0.9743564
1367.0	  0.9743564
1369.0	  0.9743564
1371.0	  0.9743564
1373.0	  0.97436523
1375.0	  0.97436523
1377.0	  0.97436523
1379.0	  0.97442216
1381.0	  0.97442216
1383.0	  0.97442216
1385.0	  0.97442216
1387.0	  0.97442216
1389.0	  0.97442216
1391.0	  0.97442216
1393.0	  0.97442216
1395.0	  0.97442216
1397.0	  0.97442216
1399.0	  0.9746436
1401.0	  0.9746436
1403.0	  0.9746436
1405.0	  0.9746436
1407.0	  0.9747544
1409.0	  0.9747544
1411.0	  0.9747544
1413.0	  0.9747544
1415.0	  0.9747544
1417.0	  0.9747544
1419.0	  0.9747544
1421.0	  0.9747544
1423.0	  0.9747544
1425.0	  0.9747544
1427.0	  0.9747544
1429.0	  0.9747544
1431.0	  0.9747544
1433.0	  0.9747595
1435.0	  0.9747595
1437.0	  0.9747595
1439.0	  0.97568995
1441.0	  0.97568995
1443.0	  0.97568995
1445.0	  0.97568995
1447.0	  0.97568995
1449.0	  0.97568995
1451.0	  0.97568995
1453.0	  0.97568995
1455.0	  0.97568995
1457.0	  0.9756908
1459.0	  0.9756908
1461.0	  0.9756908
1463.0	  0.9756908
1465.0	  0.9756908
1467.0	  0.97619087
1469.0	  0.97619087
1471.0	  0.97619087
1473.0	  0.97619087
1475.0	  0.97620696
1477.0	  0.9765936
1479.0	  0.9765936
1481.0	  0.9765936
1483.0	  0.9765936
1485.0	  0.9765936
1487.0	  0.97686523
1489.0	  0.9771792
1491.0	  0.9771792
1493.0	  0.97746223
1495.0	  0.97746223
1497.0	  0.97746223
1499.0	  0.97746223
1501.0	  0.97746223
1503.0	  0.97746223
1505.0	  0.97746223
1507.0	  0.97746223
1509.0	  0.97746223
1511.0	  0.97746223
1513.0	  0.9774677
1515.0	  0.9774677
1517.0	  0.9774677
1519.0	  0.9774677
1521.0	  0.9774677
1523.0	  0.9774677
1525.0	  0.9774677
1527.0	  0.9774677
1529.0	  0.97757787
1531.0	  0.97757787
1533.0	  0.97757787
1535.0	  0.97757787
1537.0	  0.9784509
1539.0	  0.9784509
1541.0	  0.9784509
1543.0	  0.9784509
1545.0	  0.9784509
1547.0	  0.9784509
1549.0	  0.9784509
1551.0	  0.9785011
1553.0	  0.97852474
1555.0	  0.97852474
1557.0	  0.97852474
1559.0	  0.97852474
1561.0	  0.97852474
1563.0	  0.97852474
1565.0	  0.97852474
1567.0	  0.97852474
1569.0	  0.97852474
1571.0	  0.97852474
1573.0	  0.97852474
1575.0	  0.97852474
1577.0	  0.97852474
1579.0	  0.97852474
1581.0	  0.97852474
1583.0	  0.978542
1585.0	  0.978542
1587.0	  0.978542
1589.0	  0.978542
1591.0	  0.978542
1593.0	  0.978542
1595.0	  0.978542
1597.0	  0.978542
1599.0	  0.978542
1601.0	  0.978542
1603.0	  0.978542
1605.0	  0.97939295
1607.0	  0.97939295
1609.0	  0.97939295
1611.0	  0.97939295
1613.0	  0.97983205
1615.0	  0.9798414
1617.0	  0.9798414
1619.0	  0.9798414
1621.0	  0.9798681
1623.0	  0.9800283
1625.0	  0.9800283
1627.0	  0.9800283
1629.0	  0.9800283
1631.0	  0.9800283
1633.0	  0.9800283
1635.0	  0.9800283
1637.0	  0.98012555
1639.0	  0.98012555
1641.0	  0.98012555
1643.0	  0.98012555
1645.0	  0.98012555
1647.0	  0.98012555
1649.0	  0.98014575
1651.0	  0.98014575
1653.0	  0.98014575
1655.0	  0.98014575
1657.0	  0.98015916
1659.0	  0.98015916
1661.0	  0.98015916
1663.0	  0.98015916
1665.0	  0.98030823
1667.0	  0.98030823
1669.0	  0.98030823
1671.0	  0.98030823
1673.0	  0.98030823
1675.0	  0.980331
1677.0	  0.980331
1679.0	  0.980331
1681.0	  0.9803313
1683.0	  0.9803313
1685.0	  0.9803313
1687.0	  0.9803313
1689.0	  0.9803313
1691.0	  0.9803313
1693.0	  0.9803313
1695.0	  0.9803313
1697.0	  0.9803313
1699.0	  0.9803313
1701.0	  0.9803313
1703.0	  0.9803313
1705.0	  0.9803313
1707.0	  0.9803313
1709.0	  0.9803313
1711.0	  0.9803698
1713.0	  0.9803698
1715.0	  0.98070633
1717.0	  0.98070633
1719.0	  0.98070633
1721.0	  0.98070633
1723.0	  0.98070633
1725.0	  0.98070633
1727.0	  0.98070633
1729.0	  0.9808642
1731.0	  0.9808642
1733.0	  0.9808642
1735.0	  0.9808642
1737.0	  0.9808642
1739.0	  0.98092765
1741.0	  0.98092765
1743.0	  0.9815487
1745.0	  0.9815487
1747.0	  0.9815487
1749.0	  0.9815487
1751.0	  0.9815644
1753.0	  0.9815644
1755.0	  0.9815644
1757.0	  0.9815644
1759.0	  0.9815644
1761.0	  0.9815644
1763.0	  0.9815644
1765.0	  0.9822728
1767.0	  0.9822728
1769.0	  0.9822728
1771.0	  0.9822728
1773.0	  0.9822728
1775.0	  0.9822728
1777.0	  0.9822728
1779.0	  0.9822728
1781.0	  0.9822728
1783.0	  0.9822728
1785.0	  0.9822728
1787.0	  0.98227346
1789.0	  0.98227346
1791.0	  0.9823039
1793.0	  0.9823039
1795.0	  0.9828752
1797.0	  0.9828752
1799.0	  0.9828752
1801.0	  0.9828752
1803.0	  0.9828998
1805.0	  0.98290163
1807.0	  0.98290163
1809.0	  0.98290163
1811.0	  0.982907
1813.0	  0.982907
1815.0	  0.982907
1817.0	  0.982907
1819.0	  0.982907
1821.0	  0.982907
1823.0	  0.982907
1825.0	  0.982907
1827.0	  0.982907
1829.0	  0.982907
1831.0	  0.982907
1833.0	  0.982907
1835.0	  0.982907
1837.0	  0.982907
1839.0	  0.982907
1841.0	  0.982907
1843.0	  0.982907
1845.0	  0.982907
1847.0	  0.982907
1849.0	  0.982907
1851.0	  0.982907
1853.0	  0.982907
1855.0	  0.982907
1857.0	  0.982907
1859.0	  0.982907
1861.0	  0.982907
1863.0	  0.982907
1865.0	  0.98292214
1867.0	  0.98292214
1869.0	  0.98292303
1871.0	  0.98292303
1873.0	  0.98293275
1875.0	  0.98306584
1877.0	  0.98306584
1879.0	  0.98306584
1881.0	  0.9834097
1883.0	  0.9834097
1885.0	  0.9834097
1887.0	  0.9834097
1889.0	  0.9834097
1891.0	  0.9836299
1893.0	  0.9836299
1895.0	  0.9836299
1897.0	  0.9836299
1899.0	  0.9836299
1901.0	  0.9836299
1903.0	  0.9837768
1905.0	  0.9837768
1907.0	  0.9837768
1909.0	  0.9837768
1911.0	  0.9837768
1913.0	  0.9837768
1915.0	  0.9837824
1917.0	  0.9837824
1919.0	  0.9837824
1921.0	  0.9837824
1923.0	  0.9837824
1925.0	  0.98389536
1927.0	  0.98389536
1929.0	  0.98389536
1931.0	  0.98389536
1933.0	  0.98389536
1935.0	  0.98389536
1937.0	  0.98389536
1939.0	  0.98389536
1941.0	  0.98389953
1943.0	  0.98389953
1945.0	  0.98389953
1947.0	  0.98389953
1949.0	  0.98389953
1951.0	  0.98389953
1953.0	  0.98389953
1955.0	  0.98389953
1957.0	  0.98389953
1959.0	  0.98389953
1961.0	  0.98389953
1963.0	  0.98389953
1965.0	  0.98389953
1967.0	  0.98389953
1969.0	  0.98389953
1971.0	  0.98389953
1973.0	  0.98389953
1975.0	  0.98389953
1977.0	  0.9839015
1979.0	  0.9839015
1981.0	  0.9839015
1983.0	  0.9839015
1985.0	  0.9839015
1987.0	  0.9839015
1989.0	  0.9849772
1991.0	  0.9849772
1993.0	  0.98602235
1995.0	  0.98602235
1997.0	  0.98602307
1999.0	  0.98602307
2001.0	  0.9860247
2003.0	  0.9860247
2005.0	  0.9860247
2007.0	  0.9860247
2009.0	  0.9860307
2011.0	  0.9860307
2013.0	  0.9860307
2015.0	  0.9860307
2017.0	  0.9860307
2019.0	  0.98604155
2021.0	  0.98657835
2023.0	  0.98657835
2025.0	  0.98657835
2027.0	  0.98657835
2029.0	  0.98657835
2031.0	  0.98657835
2033.0	  0.98657835
2035.0	  0.9868855
2037.0	  0.9868855
2039.0	  0.9868855
2041.0	  0.98697996
2043.0	  0.98697996
2045.0	  0.98697996
2047.0	  0.98697996
2049.0	  0.98697996
2051.0	  0.98697996
2053.0	  0.98745453
2055.0	  0.98745453
2057.0	  0.98745453
2059.0	  0.98745453
2061.0	  0.98745453
2063.0	  0.98748827
2065.0	  0.98748827
2067.0	  0.98748827
2069.0	  0.98748827
2071.0	  0.98748827
2073.0	  0.98748827
2075.0	  0.98748827
2077.0	  0.98748827
2079.0	  0.98748827
2081.0	  0.9875299
2083.0	  0.9875299
2085.0	  0.9875299
2087.0	  0.9875299
2089.0	  0.9875299
2091.0	  0.9875299
2093.0	  0.9875299
2095.0	  0.9875299
2097.0	  0.9875299
2099.0	  0.9875299
2101.0	  0.9875307
2103.0	  0.9880347
2105.0	  0.9880347
2107.0	  0.9880347
2109.0	  0.9880347
2111.0	  0.9880347
2113.0	  0.9880347
2115.0	  0.9880347
2117.0	  0.9880352
2119.0	  0.9880352
2121.0	  0.9880352
2123.0	  0.9880352
2125.0	  0.9880352
2127.0	  0.98804635
2129.0	  0.98808193
2131.0	  0.9881345
2133.0	  0.9881345
2135.0	  0.9881345
2137.0	  0.9881345
2139.0	  0.9882166
2141.0	  0.9882166
2143.0	  0.9882166
2145.0	  0.9882166
2147.0	  0.9882166
2149.0	  0.9882171
2151.0	  0.9882171
2153.0	  0.9882171
2155.0	  0.9882171
2157.0	  0.9882332
2159.0	  0.9882826
2161.0	  0.9882826
2163.0	  0.9882826
2165.0	  0.9882826
2167.0	  0.9882826
2169.0	  0.9882826
2171.0	  0.9882826
2173.0	  0.9882826
2175.0	  0.9882826
2177.0	  0.988317
2179.0	  0.988317
2181.0	  0.98841053
2183.0	  0.98841053
2185.0	  0.98841053
2187.0	  0.98841053
2189.0	  0.98841053
2191.0	  0.98841053
2193.0	  0.98841053
2195.0	  0.98841053
2197.0	  0.98841053
2199.0	  0.98841053
2201.0	  0.98872703
2203.0	  0.98872703
2205.0	  0.98872703
2207.0	  0.98872703
2209.0	  0.98872703
2211.0	  0.98872703
2213.0	  0.98872703
2215.0	  0.98933274
2217.0	  0.98933285
2219.0	  0.98933285
2221.0	  0.98933285
2223.0	  0.98933285
2225.0	  0.98933285
2227.0	  0.98933285
2229.0	  0.98933285
2231.0	  0.98933285
2233.0	  0.98933285
2235.0	  0.98933285
2237.0	  0.98933285
2239.0	  0.98933476
2241.0	  0.98933476
2243.0	  0.98933476
2245.0	  0.98933476
2247.0	  0.98933476
2249.0	  0.98933476
2251.0	  0.9895876
2253.0	  0.9895876
2255.0	  0.9895876
2257.0	  0.9895876
2259.0	  0.9895876
2261.0	  0.9896004
2263.0	  0.9896004
2265.0	  0.9896004
2267.0	  0.9896008
2269.0	  0.9896008
2271.0	  0.98967713
2273.0	  0.98967713
2275.0	  0.9896774
2277.0	  0.9896774
2279.0	  0.9896774
2281.0	  0.9896774
2283.0	  0.9896774
2285.0	  0.9896774
2287.0	  0.9896774
2289.0	  0.9896774
2291.0	  0.9896774
2293.0	  0.9896774
2295.0	  0.98967826
2297.0	  0.98972756
2299.0	  0.9900162
2301.0	  0.9900162
2303.0	  0.9900162
2305.0	  0.9900162
2307.0	  0.9900162
2309.0	  0.99019855
2311.0	  0.99019855
2313.0	  0.99019855
2315.0	  0.99019855
2317.0	  0.99023867
2319.0	  0.99023867
2321.0	  0.99023867
2323.0	  0.99023867
2325.0	  0.99024963
2327.0	  0.99024963
2329.0	  0.99187857
2331.0	  0.99187857
2333.0	  0.99187857
2335.0	  0.99187857
2337.0	  0.99187857
2339.0	  0.992042
2341.0	  0.9920872
2343.0	  0.9920872
2345.0	  0.9920872
2347.0	  0.9920872
2349.0	  0.99234915
2351.0	  0.99234915
2353.0	  0.99234915
2355.0	  0.99234915
2357.0	  0.99237025
2359.0	  0.99237025
2361.0	  0.99237025
2363.0	  0.99237025
2365.0	  0.99237025
2367.0	  0.99237025
2369.0	  0.99237025
2371.0	  0.99237025
2373.0	  0.99237025
2375.0	  0.99237025
2377.0	  0.99237025
2379.0	  0.9926841
2381.0	  0.99276
2383.0	  0.99276
2385.0	  0.99276
2387.0	  0.99276
2389.0	  0.9927868
2391.0	  0.9927868
2393.0	  0.9927868
2395.0	  0.9927868
2397.0	  0.9927868
2399.0	  0.9928948
2401.0	  0.9928948
2403.0	  0.9928948
2405.0	  0.9928968
2407.0	  0.9928968
2409.0	  0.993211
2411.0	  0.9932485
2413.0	  0.9932485
2415.0	  0.9932919
2417.0	  0.9932919
2419.0	  0.9932919
2421.0	  0.9932919
2423.0	  0.9932919
2425.0	  0.9933199
2427.0	  0.99360526
2429.0	  0.99360526
2431.0	  0.99360526
2433.0	  0.99360526
2435.0	  0.99360526
2437.0	  0.99360526
2439.0	  0.99360526
2441.0	  0.99360526
2443.0	  0.99360526
2445.0	  0.99360526
2447.0	  0.99360526
2449.0	  0.99360526
2451.0	  0.99360526
2453.0	  0.99360526
2455.0	  0.99372345
2457.0	  0.99372345
2459.0	  0.99382496
2461.0	  0.99382496
2463.0	  0.99382496
2465.0	  0.99382496
2467.0	  0.99458706
2469.0	  0.99458706
2471.0	  0.99458706
2473.0	  0.99458706
2475.0	  0.99458706
2477.0	  0.9945939
2479.0	  0.9945939
2481.0	  0.9945939
2483.0	  0.9945939
2485.0	  0.9945939
2487.0	  0.9945939
2489.0	  0.9945939
2491.0	  0.9945939
2493.0	  0.9946106
2495.0	  0.99467534
2497.0	  0.99467534
2499.0	  0.9948438
2501.0	  0.9948617
2503.0	  0.9948617
2505.0	  0.9948617
2507.0	  0.9948617
2509.0	  0.9948617
2511.0	  0.9948617
2513.0	  0.9948617
2515.0	  0.9948617
2517.0	  0.9948617
2519.0	  0.9948617
2521.0	  0.9948617
2523.0	  0.9948617
2525.0	  0.9948617
2527.0	  0.9948617
2529.0	  0.9948617
2531.0	  0.9948617
2533.0	  0.9948617
2535.0	  0.9948617
2537.0	  0.9948617
2539.0	  0.99486196
2541.0	  0.9949943
2543.0	  0.9954313
2545.0	  0.9954313
2547.0	  0.9954379
2549.0	  0.9954379
2551.0	  0.9954379
2553.0	  0.9954379
2555.0	  0.9954379
2557.0	  0.9954379
2559.0	  0.9954405
2561.0	  0.9954405
2563.0	  0.9954405
2565.0	  0.9954405
2567.0	  0.9954405
2569.0	  0.9954405
2571.0	  0.9954405
2573.0	  0.9954405
2575.0	  0.9954405
2577.0	  0.9954405
2579.0	  0.9954405
2581.0	  0.9954405
2583.0	  0.9954405
2585.0	  0.9954405
2587.0	  0.9954405
2589.0	  0.9954405
2591.0	  0.9954405
2593.0	  0.9954417
2595.0	  0.9954417
2597.0	  0.9954417
2599.0	  0.9954417
2601.0	  0.9954417
2603.0	  0.9954417
2605.0	  0.9954898
2607.0	  0.9954898
2609.0	  0.9954898
2611.0	  0.9954898
2613.0	  0.9954961
2615.0	  0.9955156
2617.0	  0.9955156
2619.0	  0.9955156
2621.0	  0.99551564
2623.0	  0.99551564
2625.0	  0.99551564
2627.0	  0.99551564
2629.0	  0.99551564
2631.0	  0.99553716
2633.0	  0.99553716
2635.0	  0.99553716
2637.0	  0.99553716
2639.0	  0.99553716
2641.0	  0.99553716
2643.0	  0.99553716
2645.0	  0.99553716
2647.0	  0.99553716
2649.0	  0.99553716
2651.0	  0.99553716
2653.0	  0.99553716
2655.0	  0.99553716
2657.0	  0.9955422
2659.0	  0.9955422
2661.0	  0.9955422
2663.0	  0.9955422
2665.0	  0.9955422
2667.0	  0.9955422
2669.0	  0.9955422
2671.0	  0.9955422
2673.0	  0.9955422
2675.0	  0.9955422
2677.0	  0.99554527
2679.0	  0.99554527
2681.0	  0.99554527
2683.0	  0.99554527
2685.0	  0.99554527
2687.0	  0.9955505
2689.0	  0.9958755
2691.0	  0.99642754
2693.0	  0.99642754
2695.0	  0.99642754
2697.0	  0.99642754
2699.0	  0.99642754
2701.0	  0.99645627
2703.0	  0.99645627
2705.0	  0.99645627
2707.0	  0.99645627
2709.0	  0.9965866
2711.0	  0.9965866
2713.0	  0.9965866
2715.0	  0.9965866
2717.0	  0.9965866
2719.0	  0.9965866
2721.0	  0.9965866
2723.0	  0.9965866
2725.0	  0.99659747
2727.0	  0.99659747
2729.0	  0.99659747
2731.0	  0.99659747
2733.0	  0.99659747
2735.0	  0.99659747
2737.0	  0.99659747
2739.0	  0.99659747
2741.0	  0.99659747
2743.0	  0.99659747
2745.0	  0.9966022
2747.0	  0.9966022
2749.0	  0.9966022
2751.0	  0.9966022
2753.0	  0.9966022
2755.0	  0.9966022
2757.0	  0.9966022
2759.0	  0.9966022
2761.0	  0.9966022
2763.0	  0.99660623
2765.0	  0.99660623
2767.0	  0.99660623
2769.0	  0.99663204
2771.0	  0.99663204
2773.0	  0.99663204
2775.0	  0.99663204
2777.0	  0.99663204
2779.0	  0.99663204
2781.0	  0.99663204
2783.0	  0.99663925
2785.0	  0.99663925
2787.0	  0.99663925
2789.0	  0.99663925
2791.0	  0.99663925
2793.0	  0.99663925
2795.0	  0.996651
2797.0	  0.996651
2799.0	  0.996651
2801.0	  0.996651
2803.0	  0.996651
2805.0	  0.996651
2807.0	  0.996651
2809.0	  0.996651
2811.0	  0.996651
2813.0	  0.996651
2815.0	  0.996651
2817.0	  0.996651
2819.0	  0.9966527
2821.0	  0.9966527
2823.0	  0.9966527
2825.0	  0.9966527
2827.0	  0.9966527
2829.0	  0.9967436
2831.0	  0.9967436
2833.0	  0.9967436
2835.0	  0.9967436
2837.0	  0.9967436
2839.0	  0.9968599
2841.0	  0.9968599
2843.0	  0.9968599
2845.0	  0.99796635
2847.0	  0.99796635
2849.0	  0.99796635
2851.0	  0.998001
2853.0	  0.998001
2855.0	  0.998001
2857.0	  0.998001
2859.0	  0.998001
2861.0	  0.998001
2863.0	  0.998001
2865.0	  0.998001
2867.0	  0.998001
2869.0	  0.998001
2871.0	  0.998001
2873.0	  0.998001
2875.0	  0.998001
2877.0	  0.9980038
2879.0	  0.9980038
2881.0	  0.9980038
2883.0	  0.99826765
2885.0	  0.99826765
2887.0	  0.99826765
2889.0	  0.99826765
2891.0	  0.99826765
2893.0	  0.99826765
2895.0	  0.99826765
2897.0	  0.99826765
2899.0	  0.99826765
2901.0	  0.99826765
2903.0	  0.99826765
2905.0	  0.99826765
2907.0	  0.99829006
2909.0	  0.99829006
2911.0	  0.99829006
2913.0	  0.99829006
2915.0	  0.9984375
2917.0	  0.9984375
2919.0	  0.9984375
2921.0	  0.9984375
2923.0	  0.9984375
2925.0	  0.9984713
2927.0	  0.9984713
2929.0	  0.9984713
2931.0	  0.9984713
2933.0	  0.99850833
2935.0	  0.99850833
2937.0	  0.99850833
2939.0	  0.99850833
2941.0	  0.99850833
2943.0	  0.99850833
2945.0	  0.99850833
2947.0	  0.99850833
2949.0	  0.99850833
2951.0	  0.99850833
2953.0	  0.99850833
2955.0	  0.99850833
2957.0	  0.99850833
2959.0	  0.99850833
2961.0	  0.99850833
2963.0	  0.99850833
2965.0	  0.9985637
2967.0	  0.99885446
2969.0	  0.99885446
2971.0	  0.99885446
2973.0	  0.99885446
2975.0	  0.99885446
2977.0	  0.99885917
2979.0	  0.99885917
2981.0	  0.99885917
2983.0	  0.99885917
2985.0	  0.99885917
2987.0	  0.99885917
2989.0	  0.99885917
2991.0	  0.99885917
2993.0	  0.99885917
2995.0	  0.99885917
2997.0	  0.99885917
2999.0	  0.99928033
3001.0	  0.999281
3003.0	  0.999281
3005.0	  0.999281
3007.0	  0.999281
3009.0	  0.9992843
3011.0	  0.9992843
3013.0	  0.9992843
3015.0	  0.9992843
3017.0	  0.9992843
3019.0	  0.9992843
3021.0	  0.9992843
3023.0	  0.9992843
3025.0	  0.9992843
3027.0	  0.9992843
3029.0	  0.9992843
3031.0	  0.9992843
3033.0	  0.9992843
3035.0	  0.9992843
3037.0	  0.9992843
3039.0	  0.9992843
3041.0	  0.9992843
3043.0	  0.9992843
3045.0	  0.9993206
3047.0	  0.9993206
3049.0	  0.9993206
3051.0	  0.9993206
3053.0	  0.9993206
3055.0	  0.9993206
3057.0	  0.9993206
3059.0	  0.9993206
3061.0	  0.9993206
3063.0	  0.9993206
3065.0	  0.9993206
3067.0	  0.9993206
3069.0	  0.9993686
3071.0	  0.9993686
3073.0	  0.9993686
3075.0	  0.99940443
3077.0	  0.99940443
3079.0	  0.99940443
3081.0	  0.99940443
3083.0	  0.99940443
3085.0	  0.99940443
3087.0	  0.99940443
3089.0	  0.99941134
3091.0	  0.99941134
3093.0	  0.99941134
3095.0	  0.99941134
3097.0	  0.99941134
3099.0	  0.99941134
3101.0	  0.99941134
3103.0	  0.99941134
3105.0	  0.9994135
3107.0	  0.9994135
3109.0	  0.9994135
3111.0	  0.9994135
3113.0	  0.9994448
3115.0	  0.9994448
3117.0	  0.9994448
3119.0	  0.9994448
3121.0	  0.9994448
3123.0	  0.9994448
3125.0	  0.9994448
3127.0	  0.9994448
3129.0	  0.9994448
3131.0	  0.9994448
3133.0	  0.9994448
3135.0	  0.9994448
3137.0	  0.9994448
3139.0	  0.9994448
3141.0	  0.9994448
3143.0	  0.9994448
3145.0	  0.9994448
3147.0	  0.9994448
3149.0	  0.9994449
3151.0	  0.9994449
3153.0	  0.9994449
3155.0	  0.9994449
3157.0	  0.9994449
3159.0	  0.99944866
3161.0	  0.99944866
3163.0	  0.99944866
3165.0	  0.99944866
3167.0	  0.99944866
3169.0	  0.99944866
3171.0	  0.99944866
3173.0	  0.99944866
3175.0	  0.99944866
3177.0	  0.99944866
3179.0	  0.99944866
3181.0	  0.99944866
3183.0	  0.9994545
3185.0	  0.9994545
3187.0	  0.9994545
3189.0	  0.9994545
3191.0	  0.9994545
3193.0	  0.9994545
3195.0	  0.9994545
3197.0	  0.9994545
3199.0	  0.9994545
3201.0	  0.9994554
3203.0	  0.9994554
3205.0	  0.9994554
3207.0	  0.9994554
3209.0	  0.9994554
3211.0	  0.9994554
3213.0	  0.9994554
3215.0	  0.9995505
3217.0	  0.9995505
3219.0	  0.9995505
3221.0	  0.9995505
3223.0	  0.9995505
3225.0	  0.9995505
3227.0	  0.9995573
3229.0	  0.9995573
3231.0	  0.9995573
3233.0	  0.9995573
3235.0	  0.9995573
3237.0	  0.9995573
3239.0	  0.9995573
3241.0	  0.9995573
3243.0	  0.9995594
3245.0	  0.9995594
3247.0	  0.9995594
3249.0	  0.9995594
3251.0	  0.9995594
3253.0	  0.9995594
3255.0	  0.9995594
3257.0	  0.9995594
3259.0	  0.9995594
3261.0	  0.9995594
3263.0	  0.9995594
3265.0	  0.9995594
3267.0	  0.9995594
3269.0	  0.9995594
3271.0	  0.9995653
3273.0	  0.9995653
3275.0	  0.9995653
3277.0	  0.9995653
3279.0	  0.9995653
3281.0	  0.9995653
3283.0	  0.9995653
3285.0	  0.9995653
3287.0	  0.9995658
3289.0	  0.9995658
3291.0	  0.9995658
3293.0	  0.9995658
3295.0	  0.9995744
3297.0	  0.9995744
3299.0	  0.9995744
3301.0	  0.9995744
3303.0	  0.9995744
3305.0	  0.9995744
3307.0	  0.9995744
3309.0	  0.9995744
3311.0	  0.9995744
3313.0	  0.9995744
3315.0	  0.9995744
3317.0	  0.9995744
3319.0	  0.9995744
3321.0	  0.9995744
3323.0	  0.9995744
3325.0	  0.9995744
3327.0	  0.9995744
3329.0	  0.9995744
3331.0	  0.9995744
3333.0	  0.9995744
3335.0	  0.9995744
3337.0	  0.9995744
3339.0	  0.9996159
3341.0	  0.9996159
3343.0	  0.9996159
3345.0	  0.9996159
3347.0	  0.9996159
3349.0	  0.9996159
3351.0	  0.9996159
3353.0	  0.9996159
3355.0	  0.9996159
3357.0	  0.99978983
3359.0	  0.99978983
3361.0	  0.99978983
3363.0	  0.99978983
3365.0	  0.99978983
3367.0	  0.99978983
3369.0	  0.99978983
3371.0	  0.99978983
3373.0	  0.99978983
3375.0	  0.99978983
3377.0	  0.99978983
3379.0	  0.99978983
3381.0	  0.99978983
3383.0	  0.99978983
3385.0	  0.99978983
3387.0	  0.99978983
3389.0	  0.99978983
3391.0	  0.99978983
3393.0	  0.99978983
3395.0	  0.99978983
3397.0	  0.99978983
3399.0	  0.99978983
3401.0	  0.99978983
3403.0	  0.99978983
3405.0	  0.99978983
3407.0	  0.99978983
3409.0	  0.9997945
3411.0	  0.9997945
3413.0	  0.9997945
3415.0	  0.9997945
3417.0	  0.9997945
3419.0	  0.9997945
3421.0	  0.9997945
3423.0	  0.9997945
3425.0	  0.9998326
3427.0	  0.9998326
3429.0	  0.9998326
3431.0	  0.9998326
3433.0	  0.9998326
3435.0	  0.9998326
3437.0	  0.9998326
3439.0	  0.9998326
3441.0	  0.9998326
3443.0	  0.9998326
3445.0	  0.9998326
3447.0	  0.9998326
3449.0	  0.9998326
3451.0	  0.9998326
3453.0	  0.9998326
3455.0	  0.9998326
3457.0	  0.9998326
3459.0	  0.9998326
3461.0	  0.9998326
3463.0	  0.9998326
3465.0	  0.9998326
3467.0	  0.9998326
3469.0	  0.9998326
3471.0	  0.9998326
3473.0	  0.9998326
3475.0	  0.9998326
3477.0	  0.9998326
3479.0	  0.9998326
3481.0	  0.9998326
3483.0	  0.9998326
3485.0	  0.9998326
3487.0	  0.9998326
3489.0	  0.9998326
3491.0	  0.9998326
3493.0	  1.0
3495.0	  1.0
3497.0	  1.0
3499.0	  1.0



DATASET #3

     Name: Common
   Points: 1750
     Info: 

Data[x,y]:
1.0	  NaN
3.0	  NaN
5.0	  NaN
7.0	  NaN
9.0	  NaN
11.0	  NaN
13.0	  NaN
15.0	  NaN
17.0	  NaN
19.0	  NaN
21.0	  NaN
23.0	  NaN
25.0	  NaN
27.0	  NaN
29.0	  NaN
31.0	  NaN
33.0	  NaN
35.0	  NaN
37.0	  NaN
39.0	  NaN
41.0	  NaN
43.0	  NaN
45.0	  NaN
47.0	  NaN
49.0	  NaN
51.0	  NaN
53.0	  NaN
55.0	  NaN
57.0	  NaN
59.0	  NaN
61.0	  NaN
63.0	  NaN
65.0	  NaN
67.0	  NaN
69.0	  NaN
71.0	  NaN
73.0	  NaN
75.0	  NaN
77.0	  NaN
79.0	  NaN
81.0	  NaN
83.0	  NaN
85.0	  NaN
87.0	  NaN
89.0	  NaN
91.0	  NaN
93.0	  NaN
95.0	  NaN
97.0	  NaN
99.0	  NaN
101.0	  NaN
103.0	  NaN
105.0	  NaN
107.0	  NaN
109.0	  NaN
111.0	  NaN
113.0	  NaN
115.0	  NaN
117.0	  NaN
119.0	  NaN
121.0	  NaN
123.0	  NaN
125.0	  NaN
127.0	  NaN
129.0	  NaN
131.0	  NaN
133.0	  NaN
135.0	  NaN
137.0	  NaN
139.0	  NaN
141.0	  NaN
143.0	  NaN
145.0	  NaN
147.0	  NaN
149.0	  NaN
151.0	  NaN
153.0	  NaN
155.0	  NaN
157.0	  NaN
159.0	  NaN
161.0	  NaN
163.0	  NaN
165.0	  NaN
167.0	  NaN
169.0	  NaN
171.0	  NaN
173.0	  NaN
175.0	  NaN
177.0	  NaN
179.0	  NaN
181.0	  NaN
183.0	  NaN
185.0	  NaN
187.0	  NaN
189.0	  NaN
191.0	  NaN
193.0	  NaN
195.0	  NaN
197.0	  NaN
199.0	  NaN
201.0	  NaN
203.0	  NaN
205.0	  NaN
207.0	  NaN
209.0	  NaN
211.0	  NaN
213.0	  NaN
215.0	  NaN
217.0	  NaN
219.0	  NaN
221.0	  NaN
223.0	  NaN
225.0	  NaN
227.0	  NaN
229.0	  NaN
231.0	  NaN
233.0	  NaN
235.0	  NaN
237.0	  NaN
239.0	  NaN
241.0	  NaN
243.0	  NaN
245.0	  NaN
247.0	  NaN
249.0	  NaN
251.0	  NaN
253.0	  NaN
255.0	  NaN
257.0	  NaN
259.0	  NaN
261.0	  NaN
263.0	  NaN
265.0	  NaN
267.0	  NaN
269.0	  NaN
271.0	  NaN
273.0	  NaN
275.0	  NaN
277.0	  NaN
279.0	  NaN
281.0	  NaN
283.0	  NaN
285.0	  NaN
287.0	  NaN
289.0	  NaN
291.0	  NaN
293.0	  NaN
295.0	  NaN
297.0	  NaN
299.0	  NaN
301.0	  NaN
303.0	  NaN
305.0	  NaN
307.0	  NaN
309.0	  NaN
311.0	  NaN
313.0	  NaN
315.0	  NaN
317.0	  NaN
319.0	  NaN
321.0	  NaN
323.0	  NaN
325.0	  NaN
327.0	  NaN
329.0	  NaN
331.0	  NaN
333.0	  NaN
335.0	  NaN
337.0	  NaN
339.0	  NaN
341.0	  NaN
343.0	  NaN
345.0	  NaN
347.0	  NaN
349.0	  NaN
351.0	  NaN
353.0	  NaN
355.0	  NaN
357.0	  NaN
359.0	  NaN
361.0	  NaN
363.0	  NaN
365.0	  NaN
367.0	  NaN
369.0	  NaN
371.0	  NaN
373.0	  NaN
375.0	  NaN
377.0	  NaN
379.0	  NaN
381.0	  NaN
383.0	  NaN
385.0	  NaN
387.0	  NaN
389.0	  NaN
391.0	  NaN
393.0	  NaN
395.0	  NaN
397.0	  NaN
399.0	  NaN
401.0	  NaN
403.0	  NaN
405.0	  NaN
407.0	  NaN
409.0	  NaN
411.0	  NaN
413.0	  NaN
415.0	  NaN
417.0	  NaN
419.0	  NaN
421.0	  NaN
423.0	  NaN
425.0	  NaN
427.0	  NaN
429.0	  NaN
431.0	  NaN
433.0	  NaN
435.0	  NaN
437.0	  NaN
439.0	  NaN
441.0	  NaN
443.0	  NaN
445.0	  NaN
447.0	  NaN
449.0	  NaN
451.0	  NaN
453.0	  NaN
455.0	  NaN
457.0	  NaN
459.0	  NaN
461.0	  NaN
463.0	  NaN
465.0	  NaN
467.0	  NaN
469.0	  NaN
471.0	  NaN
473.0	  NaN
475.0	  NaN
477.0	  NaN
479.0	  NaN
481.0	  NaN
483.0	  NaN
485.0	  NaN
487.0	  NaN
489.0	  NaN
491.0	  NaN
493.0	  NaN
495.0	  NaN
497.0	  NaN
499.0	  NaN
501.0	  NaN
503.0	  NaN
505.0	  NaN
507.0	  NaN
509.0	  NaN
511.0	  NaN
513.0	  NaN
515.0	  NaN
517.0	  NaN
519.0	  NaN
521.0	  NaN
523.0	  NaN
525.0	  NaN
527.0	  NaN
529.0	  NaN
531.0	  NaN
533.0	  NaN
535.0	  NaN
537.0	  NaN
539.0	  NaN
541.0	  NaN
543.0	  NaN
545.0	  NaN
547.0	  NaN
549.0	  NaN
551.0	  NaN
553.0	  NaN
555.0	  NaN
557.0	  NaN
559.0	  NaN
561.0	  NaN
563.0	  NaN
565.0	  NaN
567.0	  NaN
569.0	  NaN
571.0	  NaN
573.0	  NaN
575.0	  NaN
577.0	  NaN
579.0	  NaN
581.0	  NaN
583.0	  NaN
585.0	  NaN
587.0	  NaN
589.0	  NaN
591.0	  NaN
593.0	  NaN
595.0	  NaN
597.0	  NaN
599.0	  NaN
601.0	  NaN
603.0	  NaN
605.0	  NaN
607.0	  NaN
609.0	  NaN
611.0	  NaN
613.0	  NaN
615.0	  NaN
617.0	  NaN
619.0	  NaN
621.0	  NaN
623.0	  NaN
625.0	  NaN
627.0	  NaN
629.0	  NaN
631.0	  NaN
633.0	  NaN
635.0	  NaN
637.0	  NaN
639.0	  NaN
641.0	  NaN
643.0	  NaN
645.0	  NaN
647.0	  NaN
649.0	  NaN
651.0	  NaN
653.0	  NaN
655.0	  NaN
657.0	  NaN
659.0	  NaN
661.0	  NaN
663.0	  NaN
665.0	  NaN
667.0	  NaN
669.0	  NaN
671.0	  NaN
673.0	  NaN
675.0	  NaN
677.0	  NaN
679.0	  NaN
681.0	  NaN
683.0	  NaN
685.0	  NaN
687.0	  NaN
689.0	  NaN
691.0	  NaN
693.0	  NaN
695.0	  NaN
697.0	  NaN
699.0	  NaN
701.0	  NaN
703.0	  NaN
705.0	  NaN
707.0	  NaN
709.0	  NaN
711.0	  NaN
713.0	  NaN
715.0	  NaN
717.0	  NaN
719.0	  NaN
721.0	  NaN
723.0	  NaN
725.0	  NaN
727.0	  NaN
729.0	  NaN
731.0	  NaN
733.0	  NaN
735.0	  NaN
737.0	  NaN
739.0	  NaN
741.0	  NaN
743.0	  NaN
745.0	  NaN
747.0	  NaN
749.0	  NaN
751.0	  NaN
753.0	  NaN
755.0	  NaN
757.0	  NaN
759.0	  NaN
761.0	  NaN
763.0	  NaN
765.0	  NaN
767.0	  NaN
769.0	  NaN
771.0	  NaN
773.0	  NaN
775.0	  NaN
777.0	  NaN
779.0	  NaN
781.0	  NaN
783.0	  NaN
785.0	  NaN
787.0	  NaN
789.0	  NaN
791.0	  NaN
793.0	  NaN
795.0	  NaN
797.0	  NaN
799.0	  NaN
801.0	  NaN
803.0	  NaN
805.0	  NaN
807.0	  NaN
809.0	  NaN
811.0	  NaN
813.0	  NaN
815.0	  NaN
817.0	  NaN
819.0	  NaN
821.0	  NaN
823.0	  NaN
825.0	  NaN
827.0	  NaN
829.0	  NaN
831.0	  NaN
833.0	  NaN
835.0	  NaN
837.0	  NaN
839.0	  NaN
841.0	  NaN
843.0	  NaN
845.0	  NaN
847.0	  NaN
849.0	  NaN
851.0	  NaN
853.0	  NaN
855.0	  NaN
857.0	  NaN
859.0	  NaN
861.0	  NaN
863.0	  NaN
865.0	  NaN
867.0	  NaN
869.0	  NaN
871.0	  NaN
873.0	  NaN
875.0	  NaN
877.0	  NaN
879.0	  NaN
881.0	  NaN
883.0	  NaN
885.0	  NaN
887.0	  NaN
889.0	  NaN
891.0	  NaN
893.0	  NaN
895.0	  NaN
897.0	  NaN
899.0	  NaN
901.0	  NaN
903.0	  NaN
905.0	  NaN
907.0	  NaN
909.0	  NaN
911.0	  NaN
913.0	  NaN
915.0	  NaN
917.0	  NaN
919.0	  NaN
921.0	  NaN
923.0	  NaN
925.0	  NaN
927.0	  NaN
929.0	  NaN
931.0	  NaN
933.0	  NaN
935.0	  NaN
937.0	  NaN
939.0	  NaN
941.0	  NaN
943.0	  NaN
945.0	  NaN
947.0	  NaN
949.0	  NaN
951.0	  NaN
953.0	  NaN
955.0	  NaN
957.0	  NaN
959.0	  NaN
961.0	  NaN
963.0	  NaN
965.0	  NaN
967.0	  NaN
969.0	  NaN
971.0	  NaN
973.0	  NaN
975.0	  NaN
977.0	  NaN
979.0	  NaN
981.0	  NaN
983.0	  NaN
985.0	  NaN
987.0	  NaN
989.0	  NaN
991.0	  NaN
993.0	  NaN
995.0	  NaN
997.0	  NaN
999.0	  NaN
1001.0	  NaN
1003.0	  NaN
1005.0	  NaN
1007.0	  NaN
1009.0	  NaN
1011.0	  NaN
1013.0	  NaN
1015.0	  NaN
1017.0	  NaN
1019.0	  NaN
1021.0	  NaN
1023.0	  NaN
1025.0	  NaN
1027.0	  NaN
1029.0	  NaN
1031.0	  NaN
1033.0	  NaN
1035.0	  NaN
1037.0	  NaN
1039.0	  NaN
1041.0	  NaN
1043.0	  NaN
1045.0	  NaN
1047.0	  NaN
1049.0	  NaN
1051.0	  NaN
1053.0	  NaN
1055.0	  NaN
1057.0	  NaN
1059.0	  NaN
1061.0	  NaN
1063.0	  NaN
1065.0	  NaN
1067.0	  NaN
1069.0	  NaN
1071.0	  NaN
1073.0	  NaN
1075.0	  NaN
1077.0	  NaN
1079.0	  NaN
1081.0	  NaN
1083.0	  NaN
1085.0	  NaN
1087.0	  NaN
1089.0	  NaN
1091.0	  NaN
1093.0	  NaN
1095.0	  NaN
1097.0	  NaN
1099.0	  NaN
1101.0	  NaN
1103.0	  NaN
1105.0	  NaN
1107.0	  NaN
1109.0	  NaN
1111.0	  NaN
1113.0	  NaN
1115.0	  NaN
1117.0	  NaN
1119.0	  NaN
1121.0	  NaN
1123.0	  NaN
1125.0	  NaN
1127.0	  NaN
1129.0	  NaN
1131.0	  NaN
1133.0	  NaN
1135.0	  NaN
1137.0	  NaN
1139.0	  NaN
1141.0	  NaN
1143.0	  NaN
1145.0	  NaN
1147.0	  NaN
1149.0	  NaN
1151.0	  NaN
1153.0	  NaN
1155.0	  NaN
1157.0	  NaN
1159.0	  NaN
1161.0	  NaN
1163.0	  NaN
1165.0	  NaN
1167.0	  NaN
1169.0	  NaN
1171.0	  NaN
1173.0	  NaN
1175.0	  NaN
1177.0	  NaN
1179.0	  NaN
1181.0	  NaN
1183.0	  NaN
1185.0	  NaN
1187.0	  NaN
1189.0	  NaN
1191.0	  NaN
1193.0	  NaN
1195.0	  NaN
1197.0	  NaN
1199.0	  NaN
1201.0	  NaN
1203.0	  NaN
1205.0	  NaN
1207.0	  NaN
1209.0	  NaN
1211.0	  NaN
1213.0	  NaN
1215.0	  NaN
1217.0	  NaN
1219.0	  NaN
1221.0	  NaN
1223.0	  NaN
1225.0	  NaN
1227.0	  NaN
1229.0	  NaN
1231.0	  NaN
1233.0	  NaN
1235.0	  NaN
1237.0	  NaN
1239.0	  NaN
1241.0	  NaN
1243.0	  NaN
1245.0	  NaN
1247.0	  NaN
1249.0	  NaN
1251.0	  NaN
1253.0	  NaN
1255.0	  NaN
1257.0	  NaN
1259.0	  NaN
1261.0	  NaN
1263.0	  NaN
1265.0	  NaN
1267.0	  NaN
1269.0	  NaN
1271.0	  NaN
1273.0	  NaN
1275.0	  NaN
1277.0	  NaN
1279.0	  NaN
1281.0	  NaN
1283.0	  NaN
1285.0	  NaN
1287.0	  NaN
1289.0	  NaN
1291.0	  NaN
1293.0	  NaN
1295.0	  NaN
1297.0	  NaN
1299.0	  NaN
1301.0	  NaN
1303.0	  NaN
1305.0	  NaN
1307.0	  NaN
1309.0	  NaN
1311.0	  NaN
1313.0	  NaN
1315.0	  NaN
1317.0	  NaN
1319.0	  NaN
1321.0	  NaN
1323.0	  NaN
1325.0	  NaN
1327.0	  NaN
1329.0	  NaN
1331.0	  NaN
1333.0	  NaN
1335.0	  NaN
1337.0	  NaN
1339.0	  NaN
1341.0	  NaN
1343.0	  NaN
1345.0	  NaN
1347.0	  NaN
1349.0	  NaN
1351.0	  NaN
1353.0	  NaN
1355.0	  NaN
1357.0	  NaN
1359.0	  NaN
1361.0	  NaN
1363.0	  NaN
1365.0	  NaN
1367.0	  NaN
1369.0	  NaN
1371.0	  NaN
1373.0	  NaN
1375.0	  NaN
1377.0	  NaN
1379.0	  NaN
1381.0	  NaN
1383.0	  NaN
1385.0	  NaN
1387.0	  NaN
1389.0	  NaN
1391.0	  NaN
1393.0	  NaN
1395.0	  NaN
1397.0	  NaN
1399.0	  NaN
1401.0	  NaN
1403.0	  NaN
1405.0	  NaN
1407.0	  NaN
1409.0	  NaN
1411.0	  NaN
1413.0	  NaN
1415.0	  NaN
1417.0	  NaN
1419.0	  NaN
1421.0	  NaN
1423.0	  NaN
1425.0	  NaN
1427.0	  NaN
1429.0	  NaN
1431.0	  NaN
1433.0	  NaN
1435.0	  NaN
1437.0	  NaN
1439.0	  NaN
1441.0	  NaN
1443.0	  NaN
1445.0	  NaN
1447.0	  NaN
1449.0	  NaN
1451.0	  NaN
1453.0	  NaN
1455.0	  NaN
1457.0	  NaN
1459.0	  NaN
1461.0	  NaN
1463.0	  NaN
1465.0	  NaN
1467.0	  NaN
1469.0	  NaN
1471.0	  NaN
1473.0	  NaN
1475.0	  NaN
1477.0	  NaN
1479.0	  NaN
1481.0	  NaN
1483.0	  NaN
1485.0	  NaN
1487.0	  NaN
1489.0	  NaN
1491.0	  NaN
1493.0	  NaN
1495.0	  NaN
1497.0	  NaN
1499.0	  NaN
1501.0	  NaN
1503.0	  NaN
1505.0	  NaN
1507.0	  NaN
1509.0	  NaN
1511.0	  NaN
1513.0	  NaN
1515.0	  NaN
1517.0	  NaN
1519.0	  NaN
1521.0	  NaN
1523.0	  NaN
1525.0	  NaN
1527.0	  NaN
1529.0	  NaN
1531.0	  NaN
1533.0	  NaN
1535.0	  NaN
1537.0	  NaN
1539.0	  NaN
1541.0	  NaN
1543.0	  NaN
1545.0	  NaN
1547.0	  NaN
1549.0	  NaN
1551.0	  NaN
1553.0	  NaN
1555.0	  NaN
1557.0	  NaN
1559.0	  NaN
1561.0	  NaN
1563.0	  NaN
1565.0	  NaN
1567.0	  NaN
1569.0	  NaN
1571.0	  NaN
1573.0	  NaN
1575.0	  NaN
1577.0	  NaN
1579.0	  NaN
1581.0	  NaN
1583.0	  NaN
1585.0	  NaN
1587.0	  NaN
1589.0	  NaN
1591.0	  NaN
1593.0	  NaN
1595.0	  NaN
1597.0	  NaN
1599.0	  NaN
1601.0	  NaN
1603.0	  NaN
1605.0	  NaN
1607.0	  NaN
1609.0	  NaN
1611.0	  NaN
1613.0	  NaN
1615.0	  NaN
1617.0	  NaN
1619.0	  NaN
1621.0	  NaN
1623.0	  NaN
1625.0	  NaN
1627.0	  NaN
1629.0	  NaN
1631.0	  NaN
1633.0	  NaN
1635.0	  NaN
1637.0	  NaN
1639.0	  NaN
1641.0	  NaN
1643.0	  NaN
1645.0	  NaN
1647.0	  NaN
1649.0	  NaN
1651.0	  NaN
1653.0	  NaN
1655.0	  NaN
1657.0	  NaN
1659.0	  NaN
1661.0	  NaN
1663.0	  NaN
1665.0	  NaN
1667.0	  NaN
1669.0	  NaN
1671.0	  NaN
1673.0	  NaN
1675.0	  NaN
1677.0	  NaN
1679.0	  NaN
1681.0	  NaN
1683.0	  NaN
1685.0	  NaN
1687.0	  NaN
1689.0	  NaN
1691.0	  NaN
1693.0	  NaN
1695.0	  NaN
1697.0	  NaN
1699.0	  NaN
1701.0	  NaN
1703.0	  NaN
1705.0	  NaN
1707.0	  NaN
1709.0	  NaN
1711.0	  NaN
1713.0	  NaN
1715.0	  NaN
1717.0	  NaN
1719.0	  NaN
1721.0	  NaN
1723.0	  NaN
1725.0	  NaN
1727.0	  NaN
1729.0	  NaN
1731.0	  NaN
1733.0	  NaN
1735.0	  NaN
1737.0	  NaN
1739.0	  NaN
1741.0	  NaN
1743.0	  NaN
1745.0	  NaN
1747.0	  NaN
1749.0	  NaN
1751.0	  NaN
1753.0	  NaN
1755.0	  NaN
1757.0	  NaN
1759.0	  NaN
1761.0	  NaN
1763.0	  NaN
1765.0	  NaN
1767.0	  NaN
1769.0	  NaN
1771.0	  NaN
1773.0	  NaN
1775.0	  NaN
1777.0	  NaN
1779.0	  NaN
1781.0	  NaN
1783.0	  NaN
1785.0	  NaN
1787.0	  NaN
1789.0	  NaN
1791.0	  NaN
1793.0	  NaN
1795.0	  NaN
1797.0	  NaN
1799.0	  NaN
1801.0	  NaN
1803.0	  NaN
1805.0	  NaN
1807.0	  NaN
1809.0	  NaN
1811.0	  NaN
1813.0	  NaN
1815.0	  NaN
1817.0	  NaN
1819.0	  NaN
1821.0	  NaN
1823.0	  NaN
1825.0	  NaN
1827.0	  NaN
1829.0	  NaN
1831.0	  NaN
1833.0	  NaN
1835.0	  NaN
1837.0	  NaN
1839.0	  NaN
1841.0	  NaN
1843.0	  NaN
1845.0	  NaN
1847.0	  NaN
1849.0	  NaN
1851.0	  NaN
1853.0	  NaN
1855.0	  NaN
1857.0	  NaN
1859.0	  NaN
1861.0	  NaN
1863.0	  NaN
1865.0	  NaN
1867.0	  NaN
1869.0	  NaN
1871.0	  NaN
1873.0	  NaN
1875.0	  NaN
1877.0	  NaN
1879.0	  NaN
1881.0	  NaN
1883.0	  NaN
1885.0	  NaN
1887.0	  NaN
1889.0	  NaN
1891.0	  NaN
1893.0	  NaN
1895.0	  NaN
1897.0	  NaN
1899.0	  NaN
1901.0	  NaN
1903.0	  NaN
1905.0	  NaN
1907.0	  NaN
1909.0	  NaN
1911.0	  NaN
1913.0	  NaN
1915.0	  NaN
1917.0	  NaN
1919.0	  NaN
1921.0	  NaN
1923.0	  NaN
1925.0	  NaN
1927.0	  NaN
1929.0	  NaN
1931.0	  NaN
1933.0	  NaN
1935.0	  NaN
1937.0	  NaN
1939.0	  NaN
1941.0	  NaN
1943.0	  NaN
1945.0	  NaN
1947.0	  NaN
1949.0	  NaN
1951.0	  NaN
1953.0	  NaN
1955.0	  NaN
1957.0	  NaN
1959.0	  NaN
1961.0	  NaN
1963.0	  NaN
1965.0	  NaN
1967.0	  NaN
1969.0	  NaN
1971.0	  NaN
1973.0	  NaN
1975.0	  NaN
1977.0	  NaN
1979.0	  NaN
1981.0	  NaN
1983.0	  NaN
1985.0	  NaN
1987.0	  NaN
1989.0	  NaN
1991.0	  NaN
1993.0	  NaN
1995.0	  NaN
1997.0	  NaN
1999.0	  NaN
2001.0	  NaN
2003.0	  NaN
2005.0	  NaN
2007.0	  NaN
2009.0	  NaN
2011.0	  NaN
2013.0	  NaN
2015.0	  NaN
2017.0	  NaN
2019.0	  NaN
2021.0	  NaN
2023.0	  NaN
2025.0	  NaN
2027.0	  NaN
2029.0	  NaN
2031.0	  NaN
2033.0	  NaN
2035.0	  NaN
2037.0	  NaN
2039.0	  NaN
2041.0	  NaN
2043.0	  NaN
2045.0	  NaN
2047.0	  NaN
2049.0	  NaN
2051.0	  NaN
2053.0	  NaN
2055.0	  NaN
2057.0	  NaN
2059.0	  NaN
2061.0	  NaN
2063.0	  NaN
2065.0	  NaN
2067.0	  NaN
2069.0	  NaN
2071.0	  NaN
2073.0	  NaN
2075.0	  NaN
2077.0	  NaN
2079.0	  NaN
2081.0	  NaN
2083.0	  NaN
2085.0	  NaN
2087.0	  NaN
2089.0	  NaN
2091.0	  NaN
2093.0	  NaN
2095.0	  NaN
2097.0	  NaN
2099.0	  NaN
2101.0	  NaN
2103.0	  NaN
2105.0	  NaN
2107.0	  NaN
2109.0	  NaN
2111.0	  NaN
2113.0	  NaN
2115.0	  NaN
2117.0	  NaN
2119.0	  NaN
2121.0	  NaN
2123.0	  NaN
2125.0	  NaN
2127.0	  NaN
2129.0	  NaN
2131.0	  NaN
2133.0	  NaN
2135.0	  NaN
2137.0	  NaN
2139.0	  NaN
2141.0	  NaN
2143.0	  NaN
2145.0	  NaN
2147.0	  NaN
2149.0	  NaN
2151.0	  NaN
2153.0	  NaN
2155.0	  NaN
2157.0	  NaN
2159.0	  NaN
2161.0	  NaN
2163.0	  NaN
2165.0	  NaN
2167.0	  NaN
2169.0	  NaN
2171.0	  NaN
2173.0	  NaN
2175.0	  NaN
2177.0	  NaN
2179.0	  NaN
2181.0	  NaN
2183.0	  NaN
2185.0	  NaN
2187.0	  NaN
2189.0	  NaN
2191.0	  NaN
2193.0	  NaN
2195.0	  NaN
2197.0	  NaN
2199.0	  NaN
2201.0	  NaN
2203.0	  NaN
2205.0	  NaN
2207.0	  NaN
2209.0	  NaN
2211.0	  NaN
2213.0	  NaN
2215.0	  NaN
2217.0	  NaN
2219.0	  NaN
2221.0	  NaN
2223.0	  NaN
2225.0	  NaN
2227.0	  NaN
2229.0	  NaN
2231.0	  NaN
2233.0	  NaN
2235.0	  NaN
2237.0	  NaN
2239.0	  NaN
2241.0	  NaN
2243.0	  NaN
2245.0	  NaN
2247.0	  NaN
2249.0	  NaN
2251.0	  NaN
2253.0	  NaN
2255.0	  NaN
2257.0	  NaN
2259.0	  NaN
2261.0	  NaN
2263.0	  NaN
2265.0	  NaN
2267.0	  NaN
2269.0	  NaN
2271.0	  NaN
2273.0	  NaN
2275.0	  NaN
2277.0	  NaN
2279.0	  NaN
2281.0	  NaN
2283.0	  NaN
2285.0	  NaN
2287.0	  NaN
2289.0	  NaN
2291.0	  NaN
2293.0	  NaN
2295.0	  NaN
2297.0	  NaN
2299.0	  NaN
2301.0	  NaN
2303.0	  NaN
2305.0	  NaN
2307.0	  NaN
2309.0	  NaN
2311.0	  NaN
2313.0	  NaN
2315.0	  NaN
2317.0	  NaN
2319.0	  NaN
2321.0	  NaN
2323.0	  NaN
2325.0	  NaN
2327.0	  NaN
2329.0	  NaN
2331.0	  NaN
2333.0	  NaN
2335.0	  NaN
2337.0	  NaN
2339.0	  NaN
2341.0	  NaN
2343.0	  NaN
2345.0	  NaN
2347.0	  NaN
2349.0	  NaN
2351.0	  NaN
2353.0	  NaN
2355.0	  NaN
2357.0	  NaN
2359.0	  NaN
2361.0	  NaN
2363.0	  NaN
2365.0	  NaN
2367.0	  NaN
2369.0	  NaN
2371.0	  NaN
2373.0	  NaN
2375.0	  NaN
2377.0	  NaN
2379.0	  NaN
2381.0	  NaN
2383.0	  NaN
2385.0	  NaN
2387.0	  NaN
2389.0	  NaN
2391.0	  NaN
2393.0	  NaN
2395.0	  NaN
2397.0	  NaN
2399.0	  NaN
2401.0	  NaN
2403.0	  NaN
2405.0	  NaN
2407.0	  NaN
2409.0	  NaN
2411.0	  NaN
2413.0	  NaN
2415.0	  NaN
2417.0	  NaN
2419.0	  NaN
2421.0	  NaN
2423.0	  NaN
2425.0	  NaN
2427.0	  NaN
2429.0	  NaN
2431.0	  NaN
2433.0	  NaN
2435.0	  NaN
2437.0	  NaN
2439.0	  NaN
2441.0	  NaN
2443.0	  NaN
2445.0	  NaN
2447.0	  NaN
2449.0	  NaN
2451.0	  NaN
2453.0	  NaN
2455.0	  NaN
2457.0	  NaN
2459.0	  NaN
2461.0	  NaN
2463.0	  NaN
2465.0	  NaN
2467.0	  NaN
2469.0	  NaN
2471.0	  NaN
2473.0	  NaN
2475.0	  NaN
2477.0	  NaN
2479.0	  NaN
2481.0	  NaN
2483.0	  NaN
2485.0	  NaN
2487.0	  NaN
2489.0	  NaN
2491.0	  NaN
2493.0	  NaN
2495.0	  NaN
2497.0	  NaN
2499.0	  NaN
2501.0	  NaN
2503.0	  NaN
2505.0	  NaN
2507.0	  NaN
2509.0	  NaN
2511.0	  NaN
2513.0	  NaN
2515.0	  NaN
2517.0	  NaN
2519.0	  NaN
2521.0	  NaN
2523.0	  NaN
2525.0	  NaN
2527.0	  NaN
2529.0	  NaN
2531.0	  NaN
2533.0	  NaN
2535.0	  NaN
2537.0	  NaN
2539.0	  NaN
2541.0	  NaN
2543.0	  NaN
2545.0	  NaN
2547.0	  NaN
2549.0	  NaN
2551.0	  NaN
2553.0	  NaN
2555.0	  NaN
2557.0	  NaN
2559.0	  NaN
2561.0	  NaN
2563.0	  NaN
2565.0	  NaN
2567.0	  NaN
2569.0	  NaN
2571.0	  NaN
2573.0	  NaN
2575.0	  NaN
2577.0	  NaN
2579.0	  NaN
2581.0	  NaN
2583.0	  NaN
2585.0	  NaN
2587.0	  NaN
2589.0	  NaN
2591.0	  NaN
2593.0	  NaN
2595.0	  NaN
2597.0	  NaN
2599.0	  NaN
2601.0	  NaN
2603.0	  NaN
2605.0	  NaN
2607.0	  NaN
2609.0	  NaN
2611.0	  NaN
2613.0	  NaN
2615.0	  NaN
2617.0	  NaN
2619.0	  NaN
2621.0	  NaN
2623.0	  NaN
2625.0	  NaN
2627.0	  NaN
2629.0	  NaN
2631.0	  NaN
2633.0	  NaN
2635.0	  NaN
2637.0	  NaN
2639.0	  NaN
2641.0	  NaN
2643.0	  NaN
2645.0	  NaN
2647.0	  NaN
2649.0	  NaN
2651.0	  NaN
2653.0	  NaN
2655.0	  NaN
2657.0	  NaN
2659.0	  NaN
2661.0	  NaN
2663.0	  NaN
2665.0	  NaN
2667.0	  NaN
2669.0	  NaN
2671.0	  NaN
2673.0	  NaN
2675.0	  NaN
2677.0	  NaN
2679.0	  NaN
2681.0	  NaN
2683.0	  NaN
2685.0	  NaN
2687.0	  NaN
2689.0	  NaN
2691.0	  NaN
2693.0	  NaN
2695.0	  NaN
2697.0	  NaN
2699.0	  NaN
2701.0	  NaN
2703.0	  NaN
2705.0	  NaN
2707.0	  NaN
2709.0	  NaN
2711.0	  NaN
2713.0	  NaN
2715.0	  NaN
2717.0	  NaN
2719.0	  NaN
2721.0	  NaN
2723.0	  NaN
2725.0	  NaN
2727.0	  NaN
2729.0	  NaN
2731.0	  NaN
2733.0	  NaN
2735.0	  NaN
2737.0	  NaN
2739.0	  NaN
2741.0	  NaN
2743.0	  NaN
2745.0	  NaN
2747.0	  NaN
2749.0	  NaN
2751.0	  NaN
2753.0	  NaN
2755.0	  NaN
2757.0	  NaN
2759.0	  NaN
2761.0	  NaN
2763.0	  NaN
2765.0	  NaN
2767.0	  NaN
2769.0	  NaN
2771.0	  NaN
2773.0	  NaN
2775.0	  NaN
2777.0	  NaN
2779.0	  NaN
2781.0	  NaN
2783.0	  NaN
2785.0	  NaN
2787.0	  NaN
2789.0	  NaN
2791.0	  NaN
2793.0	  NaN
2795.0	  NaN
2797.0	  NaN
2799.0	  NaN
2801.0	  NaN
2803.0	  NaN
2805.0	  NaN
2807.0	  NaN
2809.0	  NaN
2811.0	  NaN
2813.0	  NaN
2815.0	  NaN
2817.0	  NaN
2819.0	  NaN
2821.0	  NaN
2823.0	  NaN
2825.0	  NaN
2827.0	  NaN
2829.0	  NaN
2831.0	  NaN
2833.0	  NaN
2835.0	  NaN
2837.0	  NaN
2839.0	  NaN
2841.0	  NaN
2843.0	  NaN
2845.0	  NaN
2847.0	  NaN
2849.0	  NaN
2851.0	  NaN
2853.0	  NaN
2855.0	  NaN
2857.0	  NaN
2859.0	  NaN
2861.0	  NaN
2863.0	  NaN
2865.0	  NaN
2867.0	  NaN
2869.0	  NaN
2871.0	  NaN
2873.0	  NaN
2875.0	  NaN
2877.0	  NaN
2879.0	  NaN
2881.0	  NaN
2883.0	  NaN
2885.0	  NaN
2887.0	  NaN
2889.0	  NaN
2891.0	  NaN
2893.0	  NaN
2895.0	  NaN
2897.0	  NaN
2899.0	  NaN
2901.0	  NaN
2903.0	  NaN
2905.0	  NaN
2907.0	  NaN
2909.0	  NaN
2911.0	  NaN
2913.0	  NaN
2915.0	  NaN
2917.0	  NaN
2919.0	  NaN
2921.0	  NaN
2923.0	  NaN
2925.0	  NaN
2927.0	  NaN
2929.0	  NaN
2931.0	  NaN
2933.0	  NaN
2935.0	  NaN
2937.0	  NaN
2939.0	  NaN
2941.0	  NaN
2943.0	  NaN
2945.0	  NaN
2947.0	  NaN
2949.0	  NaN
2951.0	  NaN
2953.0	  NaN
2955.0	  NaN
2957.0	  NaN
2959.0	  NaN
2961.0	  NaN
2963.0	  NaN
2965.0	  NaN
2967.0	  NaN
2969.0	  NaN
2971.0	  NaN
2973.0	  NaN
2975.0	  NaN
2977.0	  NaN
2979.0	  NaN
2981.0	  NaN
2983.0	  NaN
2985.0	  NaN
2987.0	  NaN
2989.0	  NaN
2991.0	  NaN
2993.0	  NaN
2995.0	  NaN
2997.0	  NaN
2999.0	  NaN
3001.0	  NaN
3003.0	  NaN
3005.0	  NaN
3007.0	  NaN
3009.0	  NaN
3011.0	  NaN
3013.0	  NaN
3015.0	  NaN
3017.0	  NaN
3019.0	  NaN
3021.0	  NaN
3023.0	  NaN
3025.0	  NaN
3027.0	  NaN
3029.0	  NaN
3031.0	  NaN
3033.0	  NaN
3035.0	  NaN
3037.0	  NaN
3039.0	  NaN
3041.0	  NaN
3043.0	  NaN
3045.0	  NaN
3047.0	  NaN
3049.0	  NaN
3051.0	  NaN
3053.0	  NaN
3055.0	  NaN
3057.0	  NaN
3059.0	  NaN
3061.0	  NaN
3063.0	  NaN
3065.0	  NaN
3067.0	  NaN
3069.0	  NaN
3071.0	  NaN
3073.0	  NaN
3075.0	  NaN
3077.0	  NaN
3079.0	  NaN
3081.0	  NaN
3083.0	  NaN
3085.0	  NaN
3087.0	  NaN
3089.0	  NaN
3091.0	  NaN
3093.0	  NaN
3095.0	  NaN
3097.0	  NaN
3099.0	  NaN
3101.0	  NaN
3103.0	  NaN
3105.0	  NaN
3107.0	  NaN
3109.0	  NaN
3111.0	  NaN
3113.0	  NaN
3115.0	  NaN
3117.0	  NaN
3119.0	  NaN
3121.0	  NaN
3123.0	  NaN
3125.0	  NaN
3127.0	  NaN
3129.0	  NaN
3131.0	  NaN
3133.0	  NaN
3135.0	  NaN
3137.0	  NaN
3139.0	  NaN
3141.0	  NaN
3143.0	  NaN
3145.0	  NaN
3147.0	  NaN
3149.0	  NaN
3151.0	  NaN
3153.0	  NaN
3155.0	  NaN
3157.0	  NaN
3159.0	  NaN
3161.0	  NaN
3163.0	  NaN
3165.0	  NaN
3167.0	  NaN
3169.0	  NaN
3171.0	  NaN
3173.0	  NaN
3175.0	  NaN
3177.0	  NaN
3179.0	  NaN
3181.0	  NaN
3183.0	  NaN
3185.0	  NaN
3187.0	  NaN
3189.0	  NaN
3191.0	  NaN
3193.0	  NaN
3195.0	  NaN
3197.0	  NaN
3199.0	  NaN
3201.0	  NaN
3203.0	  NaN
3205.0	  NaN
3207.0	  NaN
3209.0	  NaN
3211.0	  NaN
3213.0	  NaN
3215.0	  NaN
3217.0	  NaN
3219.0	  NaN
3221.0	  NaN
3223.0	  NaN
3225.0	  NaN
3227.0	  NaN
3229.0	  NaN
3231.0	  NaN
3233.0	  NaN
3235.0	  NaN
3237.0	  NaN
3239.0	  NaN
3241.0	  NaN
3243.0	  NaN
3245.0	  NaN
3247.0	  NaN
3249.0	  NaN
3251.0	  NaN
3253.0	  NaN
3255.0	  NaN
3257.0	  NaN
3259.0	  NaN
3261.0	  NaN
3263.0	  NaN
3265.0	  NaN
3267.0	  NaN
3269.0	  NaN
3271.0	  NaN
3273.0	  NaN
3275.0	  NaN
3277.0	  NaN
3279.0	  NaN
3281.0	  NaN
3283.0	  NaN
3285.0	  NaN
3287.0	  NaN
3289.0	  NaN
3291.0	  NaN
3293.0	  NaN
3295.0	  NaN
3297.0	  NaN
3299.0	  NaN
3301.0	  NaN
3303.0	  NaN
3305.0	  NaN
3307.0	  NaN
3309.0	  NaN
3311.0	  NaN
3313.0	  NaN
3315.0	  NaN
3317.0	  NaN
3319.0	  NaN
3321.0	  NaN
3323.0	  NaN
3325.0	  NaN
3327.0	  NaN
3329.0	  NaN
3331.0	  NaN
3333.0	  NaN
3335.0	  NaN
3337.0	  NaN
3339.0	  NaN
3341.0	  NaN
3343.0	  NaN
3345.0	  NaN
3347.0	  NaN
3349.0	  NaN
3351.0	  NaN
3353.0	  NaN
3355.0	  NaN
3357.0	  NaN
3359.0	  NaN
3361.0	  NaN
3363.0	  NaN
3365.0	  NaN
3367.0	  NaN
3369.0	  NaN
3371.0	  NaN
3373.0	  NaN
3375.0	  NaN
3377.0	  NaN
3379.0	  NaN
3381.0	  NaN
3383.0	  NaN
3385.0	  NaN
3387.0	  NaN
3389.0	  NaN
3391.0	  NaN
3393.0	  NaN
3395.0	  NaN
3397.0	  NaN
3399.0	  NaN
3401.0	  NaN
3403.0	  NaN
3405.0	  NaN
3407.0	  NaN
3409.0	  NaN
3411.0	  NaN
3413.0	  NaN
3415.0	  NaN
3417.0	  NaN
3419.0	  NaN
3421.0	  NaN
3423.0	  NaN
3425.0	  NaN
3427.0	  NaN
3429.0	  NaN
3431.0	  NaN
3433.0	  NaN
3435.0	  NaN
3437.0	  NaN
3439.0	  NaN
3441.0	  NaN
3443.0	  NaN
3445.0	  NaN
3447.0	  NaN
3449.0	  NaN
3451.0	  NaN
3453.0	  NaN
3455.0	  NaN
3457.0	  NaN
3459.0	  NaN
3461.0	  NaN
3463.0	  NaN
3465.0	  NaN
3467.0	  NaN
3469.0	  NaN
3471.0	  NaN
3473.0	  NaN
3475.0	  NaN
3477.0	  NaN
3479.0	  NaN
3481.0	  NaN
3483.0	  NaN
3485.0	  NaN
3487.0	  NaN
3489.0	  NaN
3491.0	  NaN
3493.0	  NaN
3495.0	  NaN
3497.0	  NaN
3499.0	  NaN


