
X-Axis: Cumulative Azimuth Change (degrees)
Y-Axis: Cumulative Fraction
Number of Data Sets: 3


DATASET #1

     Name: As Discretized
   Points: 700
     Info: 

Data[x,y]:
0.2	  0.08277027
0.6	  0.089527026
1.0	  0.09966216
1.4	  0.1097973
1.8	  0.11148649
2.2	  0.11486486
2.6	  0.11486486
3.0	  0.11486486
3.4	  0.11655405
3.8	  0.11824324
4.2	  0.12331081
4.6	  0.12331081
5.0	  0.12331081
5.4	  0.12837838
5.8	  0.13175675
6.2	  0.14358108
6.6	  0.14358108
7.0	  0.14527027
7.4	  0.14527027
7.8	  0.15033785
8.2	  0.15033785
8.6	  0.15371622
9.0	  0.15371622
9.4	  0.1570946
9.8	  0.16047297
10.2	  0.16216215
10.6	  0.16385135
11.0	  0.16385135
11.4	  0.16722973
11.8	  0.16722973
12.2	  0.17736487
12.6	  0.18074325
13.0	  0.18074325
13.4	  0.18412162
13.8	  0.1891892
14.2	  0.19256757
14.6	  0.19932432
15.0	  0.20945945
15.4	  0.20945945
15.8	  0.21452703
16.2	  0.22128378
16.6	  0.22128378
17.0	  0.22128378
17.4	  0.22128378
17.8	  0.22297297
18.2	  0.22466215
18.6	  0.22466215
19.0	  0.22466215
19.4	  0.22635135
19.8	  0.23141892
20.2	  0.2347973
20.6	  0.23817568
21.0	  0.25506756
21.4	  0.25675675
21.8	  0.2635135
22.2	  0.2668919
22.6	  0.27027026
23.0	  0.27027026
23.4	  0.27195945
23.8	  0.28716215
24.2	  0.28716215
24.6	  0.28716215
25.0	  0.29222974
25.4	  0.29222974
25.8	  0.2972973
26.2	  0.3006757
26.6	  0.3006757
27.0	  0.3091216
27.4	  0.31756756
27.8	  0.31756756
28.2	  0.31925675
28.6	  0.32094595
29.0	  0.32094595
29.4	  0.32263514
29.8	  0.32263514
30.2	  0.32263514
30.6	  0.3243243
31.0	  0.3243243
31.4	  0.3293919
31.8	  0.3310811
32.2	  0.3310811
32.6	  0.3310811
33.0	  0.33277026
33.4	  0.33952704
33.8	  0.3412162
34.2	  0.3429054
34.6	  0.34797296
35.0	  0.3581081
35.4	  0.3581081
35.8	  0.36486486
36.2	  0.36824325
36.6	  0.36824325
37.0	  0.36824325
37.4	  0.36993244
37.8	  0.36993244
38.2	  0.36993244
38.6	  0.3733108
39.0	  0.3733108
39.4	  0.3766892
39.8	  0.3766892
40.2	  0.38175675
40.6	  0.38513514
41.0	  0.3918919
41.4	  0.3918919
41.8	  0.39864865
42.2	  0.39864865
42.6	  0.39864865
43.0	  0.40202704
43.4	  0.40202704
43.8	  0.40202704
44.2	  0.40202704
44.6	  0.4054054
45.0	  0.4054054
45.4	  0.4070946
45.8	  0.4087838
46.2	  0.41216215
46.6	  0.4189189
47.0	  0.4222973
47.4	  0.4239865
47.8	  0.4256757
48.2	  0.4256757
48.6	  0.42736486
49.0	  0.42736486
49.4	  0.43074325
49.8	  0.43074325
50.2	  0.43074325
50.6	  0.4358108
51.0	  0.4391892
51.4	  0.44256756
51.8	  0.44256756
52.2	  0.44256756
52.6	  0.44763514
53.0	  0.4493243
53.4	  0.4510135
53.8	  0.4510135
54.2	  0.46114865
54.6	  0.46114865
55.0	  0.46114865
55.4	  0.46283785
55.8	  0.4695946
56.2	  0.4695946
56.6	  0.4712838
57.0	  0.47804055
57.4	  0.47804055
57.8	  0.47804055
58.2	  0.47972974
58.6	  0.4847973
59.0	  0.4847973
59.4	  0.4847973
59.8	  0.5050676
60.2	  0.5118243
60.6	  0.5118243
61.0	  0.5202703
61.4	  0.5236486
61.8	  0.5253378
62.2	  0.5253378
62.6	  0.5253378
63.0	  0.527027
63.4	  0.527027
63.8	  0.5337838
64.2	  0.535473
64.6	  0.535473
65.0	  0.5422297
65.4	  0.5422297
65.8	  0.5439189
66.2	  0.5439189
66.6	  0.5456081
67.0	  0.5456081
67.4	  0.5489865
67.8	  0.5523649
68.2	  0.5523649
68.6	  0.5523649
69.0	  0.5557432
69.4	  0.5591216
69.8	  0.5591216
70.2	  0.5591216
70.6	  0.5625
71.0	  0.5658784
71.4	  0.5658784
71.8	  0.5658784
72.2	  0.5658784
72.6	  0.5692568
73.0	  0.5692568
73.4	  0.5810811
73.8	  0.5844595
74.2	  0.5861486
74.6	  0.6013514
75.0	  0.6131757
75.4	  0.6131757
75.8	  0.6199324
76.2	  0.6199324
76.6	  0.6199324
77.0	  0.6199324
77.4	  0.6216216
77.8	  0.6233108
78.2	  0.6233108
78.6	  0.6266892
79.0	  0.6300676
79.4	  0.6317568
79.8	  0.6317568
80.2	  0.6334459
80.6	  0.6452703
81.0	  0.6452703
81.4	  0.6554054
81.8	  0.660473
82.2	  0.660473
82.6	  0.660473
83.0	  0.6621622
83.4	  0.6672297
83.8	  0.6689189
84.2	  0.6689189
84.6	  0.6722973
85.0	  0.6739865
85.4	  0.6739865
85.8	  0.6739865
86.2	  0.6739865
86.6	  0.6739865
87.0	  0.6790541
87.4	  0.6824324
87.8	  0.6824324
88.2	  0.6824324
88.6	  0.6841216
89.0	  0.6858108
89.4	  0.6858108
89.8	  0.6858108
90.2	  0.6858108
90.6	  0.6891892
91.0	  0.6908784
91.4	  0.6925676
91.8	  0.6925676
92.2	  0.6925676
92.6	  0.6925676
93.0	  0.6925676
93.4	  0.6925676
93.8	  0.6925676
94.2	  0.6925676
94.6	  0.6976351
95.0	  0.6976351
95.4	  0.6993243
95.8	  0.6993243
96.2	  0.7027027
96.6	  0.7043919
97.0	  0.7077703
97.4	  0.7077703
97.8	  0.7077703
98.2	  0.7111486
98.6	  0.7128378
99.0	  0.7128378
99.4	  0.7128378
99.8	  0.7212838
100.2	  0.7212838
100.6	  0.7212838
101.0	  0.722973
101.4	  0.7263514
101.8	  0.7280405
102.2	  0.7314189
102.6	  0.7347973
103.0	  0.7364865
103.4	  0.7364865
103.8	  0.7364865
104.2	  0.7364865
104.6	  0.7398649
105.0	  0.7398649
105.4	  0.7398649
105.8	  0.7415541
106.2	  0.7449324
106.6	  0.7449324
107.0	  0.7449324
107.4	  0.7449324
107.8	  0.7449324
108.2	  0.7449324
108.6	  0.7449324
109.0	  0.7466216
109.4	  0.7466216
109.8	  0.75
110.2	  0.75
110.6	  0.7516892
111.0	  0.7533784
111.4	  0.7533784
111.8	  0.7533784
112.2	  0.7550676
112.6	  0.7567568
113.0	  0.7567568
113.4	  0.7567568
113.8	  0.7567568
114.2	  0.7567568
114.6	  0.7601351
115.0	  0.7601351
115.4	  0.7652027
115.8	  0.7668919
116.2	  0.7702703
116.6	  0.7719595
117.0	  0.7719595
117.4	  0.7719595
117.8	  0.7736486
118.2	  0.7736486
118.6	  0.7753378
119.0	  0.7753378
119.4	  0.777027
119.8	  0.777027
120.2	  0.777027
120.6	  0.7804054
121.0	  0.7804054
121.4	  0.7804054
121.8	  0.7804054
122.2	  0.7837838
122.6	  0.7837838
123.0	  0.7837838
123.4	  0.785473
123.8	  0.785473
124.2	  0.785473
124.6	  0.7922297
125.0	  0.7922297
125.4	  0.7939189
125.8	  0.7972973
126.2	  0.7972973
126.6	  0.7972973
127.0	  0.8006757
127.4	  0.8057432
127.8	  0.8057432
128.2	  0.8074324
128.6	  0.8074324
129.0	  0.8074324
129.4	  0.8074324
129.8	  0.8074324
130.2	  0.8074324
130.6	  0.8074324
131.0	  0.8074324
131.4	  0.8091216
131.8	  0.8091216
132.2	  0.8091216
132.6	  0.8091216
133.0	  0.8226351
133.4	  0.8226351
133.8	  0.8226351
134.2	  0.8293919
134.6	  0.8412162
135.0	  0.8412162
135.4	  0.8429054
135.8	  0.8462838
136.2	  0.8462838
136.6	  0.8462838
137.0	  0.8496622
137.4	  0.8547297
137.8	  0.8547297
138.2	  0.8564189
138.6	  0.8564189
139.0	  0.8581081
139.4	  0.8631757
139.8	  0.8631757
140.2	  0.8631757
140.6	  0.8631757
141.0	  0.8631757
141.4	  0.8631757
141.8	  0.8648649
142.2	  0.8648649
142.6	  0.8648649
143.0	  0.8648649
143.4	  0.8648649
143.8	  0.8648649
144.2	  0.8648649
144.6	  0.8648649
145.0	  0.8648649
145.4	  0.8682432
145.8	  0.8682432
146.2	  0.8682432
146.6	  0.8682432
147.0	  0.8682432
147.4	  0.8682432
147.8	  0.875
148.2	  0.875
148.6	  0.875
149.0	  0.8783784
149.4	  0.8834459
149.8	  0.8834459
150.2	  0.8834459
150.6	  0.8834459
151.0	  0.8851351
151.4	  0.8851351
151.8	  0.8868243
152.2	  0.8868243
152.6	  0.8868243
153.0	  0.8868243
153.4	  0.8885135
153.8	  0.8885135
154.2	  0.8952703
154.6	  0.8952703
155.0	  0.8952703
155.4	  0.9003378
155.8	  0.9037162
156.2	  0.9037162
156.6	  0.9037162
157.0	  0.9037162
157.4	  0.9037162
157.8	  0.9037162
158.2	  0.9037162
158.6	  0.9054054
159.0	  0.9054054
159.4	  0.9070946
159.8	  0.9070946
160.2	  0.910473
160.6	  0.910473
161.0	  0.9121622
161.4	  0.9138514
161.8	  0.9155405
162.2	  0.9155405
162.6	  0.9155405
163.0	  0.9189189
163.4	  0.9189189
163.8	  0.9189189
164.2	  0.9189189
164.6	  0.9189189
165.0	  0.9189189
165.4	  0.9189189
165.8	  0.9189189
166.2	  0.9189189
166.6	  0.9206081
167.0	  0.9206081
167.4	  0.9206081
167.8	  0.9206081
168.2	  0.9239865
168.6	  0.9256757
169.0	  0.9256757
169.4	  0.9273649
169.8	  0.9290541
170.2	  0.9290541
170.6	  0.9290541
171.0	  0.9290541
171.4	  0.9290541
171.8	  0.9290541
172.2	  0.9290541
172.6	  0.9290541
173.0	  0.9307432
173.4	  0.9307432
173.8	  0.9324324
174.2	  0.9324324
174.6	  0.9324324
175.0	  0.9358108
175.4	  0.9358108
175.8	  0.9358108
176.2	  0.9375
176.6	  0.9391892
177.0	  0.9391892
177.4	  0.9391892
177.8	  0.9391892
178.2	  0.9391892
178.6	  0.9391892
179.0	  0.9391892
179.4	  0.9391892
179.8	  0.9391892
180.2	  0.9408784
180.6	  0.9408784
181.0	  0.9408784
181.4	  0.9425676
181.8	  0.9425676
182.2	  0.9425676
182.6	  0.9425676
183.0	  0.9425676
183.4	  0.9425676
183.8	  0.9442568
184.2	  0.9442568
184.6	  0.9442568
185.0	  0.9442568
185.4	  0.9442568
185.8	  0.9442568
186.2	  0.9442568
186.6	  0.9442568
187.0	  0.9493243
187.4	  0.9510135
187.8	  0.9510135
188.2	  0.9510135
188.6	  0.9527027
189.0	  0.9543919
189.4	  0.9543919
189.8	  0.9560811
190.2	  0.9577703
190.6	  0.9577703
191.0	  0.9594595
191.4	  0.9611486
191.8	  0.9611486
192.2	  0.9611486
192.6	  0.9611486
193.0	  0.9611486
193.4	  0.9611486
193.8	  0.9611486
194.2	  0.9611486
194.6	  0.9611486
195.0	  0.9611486
195.4	  0.9611486
195.8	  0.9611486
196.2	  0.9611486
196.6	  0.9611486
197.0	  0.9662162
197.4	  0.9679054
197.8	  0.9679054
198.2	  0.9679054
198.6	  0.9679054
199.0	  0.9679054
199.4	  0.9679054
199.8	  0.9679054
200.2	  0.9679054
200.6	  0.9679054
201.0	  0.9695946
201.4	  0.9695946
201.8	  0.9695946
202.2	  0.9695946
202.6	  0.9695946
203.0	  0.9712838
203.4	  0.9712838
203.8	  0.9712838
204.2	  0.9712838
204.6	  0.9712838
205.0	  0.9712838
205.4	  0.9712838
205.8	  0.9712838
206.2	  0.9712838
206.6	  0.9712838
207.0	  0.9712838
207.4	  0.9712838
207.8	  0.9712838
208.2	  0.9712838
208.6	  0.9712838
209.0	  0.972973
209.4	  0.972973
209.8	  0.972973
210.2	  0.972973
210.6	  0.9746622
211.0	  0.9746622
211.4	  0.9746622
211.8	  0.9746622
212.2	  0.9746622
212.6	  0.9746622
213.0	  0.9763514
213.4	  0.9763514
213.8	  0.9763514
214.2	  0.9763514
214.6	  0.9763514
215.0	  0.9763514
215.4	  0.9763514
215.8	  0.9763514
216.2	  0.9763514
216.6	  0.9763514
217.0	  0.9763514
217.4	  0.9763514
217.8	  0.9763514
218.2	  0.9763514
218.6	  0.9780405
219.0	  0.9780405
219.4	  0.9780405
219.8	  0.9780405
220.2	  0.9780405
220.6	  0.9797297
221.0	  0.9797297
221.4	  0.9797297
221.8	  0.9797297
222.2	  0.9797297
222.6	  0.9797297
223.0	  0.9797297
223.4	  0.9797297
223.8	  0.9797297
224.2	  0.9797297
224.6	  0.9797297
225.0	  0.9797297
225.4	  0.9797297
225.8	  0.9797297
226.2	  0.9797297
226.6	  0.9797297
227.0	  0.9814189
227.4	  0.9814189
227.8	  0.9814189
228.2	  0.9814189
228.6	  0.9814189
229.0	  0.9814189
229.4	  0.9814189
229.8	  0.9814189
230.2	  0.9814189
230.6	  0.9814189
231.0	  0.9814189
231.4	  0.9814189
231.8	  0.9814189
232.2	  0.9814189
232.6	  0.9814189
233.0	  0.9814189
233.4	  0.9814189
233.8	  0.9814189
234.2	  0.9814189
234.6	  0.9814189
235.0	  0.9814189
235.4	  0.9814189
235.8	  0.9814189
236.2	  0.9814189
236.6	  0.9814189
237.0	  0.9831081
237.4	  0.9831081
237.8	  0.9831081
238.2	  0.9831081
238.6	  0.9831081
239.0	  0.9831081
239.4	  0.9831081
239.8	  0.9831081
240.2	  0.9831081
240.6	  0.9831081
241.0	  0.9831081
241.4	  0.9831081
241.8	  0.9831081
242.2	  0.9831081
242.6	  0.9831081
243.0	  0.9831081
243.4	  0.9831081
243.8	  0.9831081
244.2	  0.9831081
244.6	  0.9831081
245.0	  0.9831081
245.4	  0.9831081
245.8	  0.9831081
246.2	  0.9831081
246.6	  0.9831081
247.0	  0.9831081
247.4	  0.9831081
247.8	  0.9831081
248.2	  0.9831081
248.6	  0.9831081
249.0	  0.9831081
249.4	  0.9831081
249.8	  0.9831081
250.2	  0.9831081
250.6	  0.9831081
251.0	  0.9831081
251.4	  0.9831081
251.8	  0.9847973
252.2	  0.9847973
252.6	  0.9847973
253.0	  0.9847973
253.4	  0.9847973
253.8	  0.9847973
254.2	  0.9847973
254.6	  0.9847973
255.0	  0.9847973
255.4	  0.9847973
255.8	  0.9847973
256.2	  0.9847973
256.6	  0.9847973
257.0	  0.9847973
257.4	  0.9847973
257.8	  0.9847973
258.2	  0.9847973
258.6	  0.9847973
259.0	  0.9847973
259.4	  0.9847973
259.8	  0.9847973
260.2	  0.9881757
260.6	  0.9881757
261.0	  0.9881757
261.4	  0.9898649
261.8	  0.9932432
262.2	  0.9932432
262.6	  0.9932432
263.0	  0.9932432
263.4	  0.9932432
263.8	  0.9932432
264.2	  0.9932432
264.6	  0.9932432
265.0	  0.9932432
265.4	  0.9932432
265.8	  0.9932432
266.2	  0.9932432
266.6	  0.9932432
267.0	  0.9932432
267.4	  0.9932432
267.8	  0.9932432
268.2	  0.9932432
268.6	  0.9932432
269.0	  0.9932432
269.4	  0.9932432
269.8	  0.9932432
270.2	  0.9966216
270.6	  0.9966216
271.0	  0.9966216
271.4	  0.9983108
271.8	  1.0
272.2	  1.0
272.6	  1.0
273.0	  1.0
273.4	  1.0
273.8	  1.0
274.2	  1.0
274.6	  1.0
275.0	  1.0
275.4	  1.0
275.8	  1.0
276.2	  1.0
276.6	  1.0
277.0	  1.0
277.4	  1.0
277.8	  1.0
278.2	  1.0
278.6	  1.0
279.0	  1.0
279.4	  1.0
279.8	  1.0



DATASET #2

     Name: Rate-Weighted
   Points: 700
     Info: 

Data[x,y]:
0.2	  0.6445111
0.6	  0.6453542
1.0	  0.64536434
1.4	  0.72181535
1.8	  0.72181535
2.2	  0.7296904
2.6	  0.7296904
3.0	  0.7296904
3.4	  0.7297784
3.8	  0.7297784
4.2	  0.7297828
4.6	  0.7297828
5.0	  0.7297828
5.4	  0.73197526
5.8	  0.7357219
6.2	  0.7420247
6.6	  0.7420247
7.0	  0.7420247
7.4	  0.7420247
7.8	  0.742048
8.2	  0.742048
8.6	  0.7442627
9.0	  0.7442627
9.4	  0.74683845
9.8	  0.75663817
10.2	  0.7602154
10.6	  0.7719214
11.0	  0.7719214
11.4	  0.7719214
11.8	  0.7719214
12.2	  0.78519654
12.6	  0.78519654
13.0	  0.78519654
13.4	  0.7852706
13.8	  0.79854375
14.2	  0.81076616
14.6	  0.8107918
15.0	  0.8192867
15.4	  0.8192867
15.8	  0.81951106
16.2	  0.8267256
16.6	  0.8267256
17.0	  0.8267256
17.4	  0.8267256
17.8	  0.82948464
18.2	  0.82948464
18.6	  0.82948464
19.0	  0.82948464
19.4	  0.82948464
19.8	  0.8322095
20.2	  0.8322111
20.6	  0.85709006
21.0	  0.86831933
21.4	  0.87128323
21.8	  0.8713309
22.2	  0.8713387
22.6	  0.8718228
23.0	  0.8718228
23.4	  0.87182546
23.8	  0.8730063
24.2	  0.8730063
24.6	  0.8730063
25.0	  0.8739456
25.4	  0.8739456
25.8	  0.8759773
26.2	  0.88058484
26.6	  0.88058484
27.0	  0.88062304
27.4	  0.88383204
27.8	  0.88383204
28.2	  0.88383204
28.6	  0.88383204
29.0	  0.88383204
29.4	  0.8838512
29.8	  0.8838512
30.2	  0.8838512
30.6	  0.8838512
31.0	  0.8838512
31.4	  0.8838665
31.8	  0.8838665
32.2	  0.8838665
32.6	  0.8838665
33.0	  0.8848019
33.4	  0.8896299
33.8	  0.88963777
34.2	  0.89092916
34.6	  0.90469414
35.0	  0.9086061
35.4	  0.9086061
35.8	  0.9086123
36.2	  0.90861624
36.6	  0.90861624
37.0	  0.90861624
37.4	  0.9090669
37.8	  0.9090669
38.2	  0.9090669
38.6	  0.9090669
39.0	  0.9090669
39.4	  0.9090676
39.8	  0.9090676
40.2	  0.90908563
40.6	  0.90908563
41.0	  0.9095179
41.4	  0.9095179
41.8	  0.90952784
42.2	  0.90952784
42.6	  0.90952784
43.0	  0.9095532
43.4	  0.9095532
43.8	  0.9095532
44.2	  0.9095532
44.6	  0.9095565
45.0	  0.9095565
45.4	  0.90956724
45.8	  0.9095837
46.2	  0.9095837
46.6	  0.9147459
47.0	  0.9161267
47.4	  0.9161276
47.8	  0.92285043
48.2	  0.92285043
48.6	  0.92285043
49.0	  0.92285043
49.4	  0.9256759
49.8	  0.9256759
50.2	  0.9256759
50.6	  0.9256866
51.0	  0.9257032
51.4	  0.92572075
51.8	  0.92572075
52.2	  0.92572075
52.6	  0.92673993
53.0	  0.92673993
53.4	  0.9267404
53.8	  0.9267404
54.2	  0.9270113
54.6	  0.9270113
55.0	  0.9270113
55.4	  0.9270113
55.8	  0.9283202
56.2	  0.9283202
56.6	  0.92950094
57.0	  0.92952985
57.4	  0.92952985
57.8	  0.92952985
58.2	  0.92952985
58.6	  0.9295336
59.0	  0.9295336
59.4	  0.9295336
59.8	  0.92957014
60.2	  0.92957014
60.6	  0.92957014
61.0	  0.9326577
61.4	  0.93344575
61.8	  0.9334648
62.2	  0.9334648
62.6	  0.9334648
63.0	  0.9334648
63.4	  0.9334648
63.8	  0.9334817
64.2	  0.9334817
64.6	  0.9334817
65.0	  0.9334948
65.4	  0.9334948
65.8	  0.93349886
66.2	  0.93349886
66.6	  0.93351316
67.0	  0.93351316
67.4	  0.9346117
67.8	  0.93461764
68.2	  0.93461764
68.6	  0.93461764
69.0	  0.9346205
69.4	  0.9346205
69.8	  0.9346205
70.2	  0.9346205
70.6	  0.9351712
71.0	  0.938517
71.4	  0.938517
71.8	  0.938517
72.2	  0.938517
72.6	  0.9460803
73.0	  0.9460803
73.4	  0.94729435
73.8	  0.94731
74.2	  0.947319
74.6	  0.94733363
75.0	  0.9551975
75.4	  0.9551975
75.8	  0.9552167
76.2	  0.9552167
76.6	  0.9552167
77.0	  0.9552167
77.4	  0.9567128
77.8	  0.95672107
78.2	  0.95672107
78.6	  0.95672107
79.0	  0.95969707
79.4	  0.95970005
79.8	  0.95970005
80.2	  0.961961
80.6	  0.96522963
81.0	  0.96522963
81.4	  0.96586734
81.8	  0.9666987
82.2	  0.9666987
82.6	  0.9666987
83.0	  0.9666987
83.4	  0.96671396
83.8	  0.9667198
84.2	  0.9667198
84.6	  0.9667281
85.0	  0.9667281
85.4	  0.9667281
85.8	  0.9667281
86.2	  0.9667281
86.6	  0.9667281
87.0	  0.9667291
87.4	  0.96764874
87.8	  0.96764874
88.2	  0.96764874
88.6	  0.96817833
89.0	  0.9681837
89.4	  0.9681837
89.8	  0.9681837
90.2	  0.9681837
90.6	  0.96818805
91.0	  0.96818805
91.4	  0.9702035
91.8	  0.9702035
92.2	  0.9702035
92.6	  0.9702035
93.0	  0.9702035
93.4	  0.9702035
93.8	  0.9702035
94.2	  0.9702035
94.6	  0.9706198
95.0	  0.9706198
95.4	  0.97062075
95.8	  0.97062075
96.2	  0.9706332
96.6	  0.9706341
97.0	  0.9709199
97.4	  0.9709199
97.8	  0.9709199
98.2	  0.9709283
98.6	  0.9709283
99.0	  0.9709283
99.4	  0.9709283
99.8	  0.9794362
100.2	  0.9794362
100.6	  0.9794362
101.0	  0.97944814
101.4	  0.97944826
101.8	  0.97946036
102.2	  0.9800561
102.6	  0.9804714
103.0	  0.9804715
103.4	  0.9804715
103.8	  0.9804715
104.2	  0.9804715
104.6	  0.980906
105.0	  0.980906
105.4	  0.980906
105.8	  0.980906
106.2	  0.98650026
106.6	  0.98650026
107.0	  0.98650026
107.4	  0.98650026
107.8	  0.98650026
108.2	  0.98650026
108.6	  0.98650026
109.0	  0.9865016
109.4	  0.9865016
109.8	  0.98652315
110.2	  0.98652315
110.6	  0.98652786
111.0	  0.98652786
111.4	  0.98652786
111.8	  0.98652786
112.2	  0.98652905
112.6	  0.9865981
113.0	  0.9865981
113.4	  0.9865981
113.8	  0.9865981
114.2	  0.9865981
114.6	  0.9865987
115.0	  0.9865987
115.4	  0.98677665
115.8	  0.98677665
116.2	  0.98934567
116.6	  0.98934567
117.0	  0.98934567
117.4	  0.98934567
117.8	  0.98934567
118.2	  0.98934567
118.6	  0.98935246
119.0	  0.98935246
119.4	  0.98935246
119.8	  0.98935246
120.2	  0.98935246
120.6	  0.98935246
121.0	  0.98935246
121.4	  0.98935246
121.8	  0.98935246
122.2	  0.98946685
122.6	  0.98946685
123.0	  0.98946685
123.4	  0.98946685
123.8	  0.98946685
124.2	  0.98946685
124.6	  0.98947066
125.0	  0.98947066
125.4	  0.9894716
125.8	  0.9895198
126.2	  0.9895198
126.6	  0.9895198
127.0	  0.98952365
127.4	  0.9901093
127.8	  0.9901093
128.2	  0.9907011
128.6	  0.9907011
129.0	  0.9907011
129.4	  0.9907011
129.8	  0.9907011
130.2	  0.9907011
130.6	  0.9907011
131.0	  0.9907011
131.4	  0.990887
131.8	  0.990887
132.2	  0.990887
132.6	  0.990887
133.0	  0.9910335
133.4	  0.9910335
133.8	  0.9910335
134.2	  0.9910786
134.6	  0.9914314
135.0	  0.9914314
135.4	  0.9915766
135.8	  0.992807
136.2	  0.992807
136.6	  0.992807
137.0	  0.99286455
137.4	  0.99380785
137.8	  0.99380785
138.2	  0.99380785
138.6	  0.99380785
139.0	  0.99398565
139.4	  0.99398565
139.8	  0.99398565
140.2	  0.99398565
140.6	  0.99398565
141.0	  0.99398565
141.4	  0.99398565
141.8	  0.99399126
142.2	  0.99399126
142.6	  0.99399126
143.0	  0.99399126
143.4	  0.99399126
143.8	  0.99399126
144.2	  0.99399126
144.6	  0.99399126
145.0	  0.99399126
145.4	  0.99399126
145.8	  0.99399126
146.2	  0.99399126
146.6	  0.99399126
147.0	  0.99399126
147.4	  0.99399126
147.8	  0.99399585
148.2	  0.99399585
148.6	  0.99399585
149.0	  0.9939963
149.4	  0.9940037
149.8	  0.9940037
150.2	  0.9940037
150.6	  0.9940037
151.0	  0.9940108
151.4	  0.9940108
151.8	  0.9940112
152.2	  0.9940112
152.6	  0.9940112
153.0	  0.9940112
153.4	  0.99423057
153.8	  0.99423057
154.2	  0.99431556
154.6	  0.99431556
155.0	  0.99431556
155.4	  0.99432254
155.8	  0.99473107
156.2	  0.99473107
156.6	  0.99473107
157.0	  0.99473107
157.4	  0.99473107
157.8	  0.99473107
158.2	  0.99473107
158.6	  0.9952815
159.0	  0.9952815
159.4	  0.9952815
159.8	  0.9952815
160.2	  0.9952815
160.6	  0.9952815
161.0	  0.9952974
161.4	  0.9952984
161.8	  0.9952984
162.2	  0.9952984
162.6	  0.9952984
163.0	  0.99577135
163.4	  0.99577135
163.8	  0.99577135
164.2	  0.99577135
164.6	  0.99577135
165.0	  0.99577135
165.4	  0.99577135
165.8	  0.99577135
166.2	  0.99577135
166.6	  0.99577343
167.0	  0.99577343
167.4	  0.99577343
167.8	  0.99577343
168.2	  0.9957888
168.6	  0.9957903
169.0	  0.9957903
169.4	  0.9957913
169.8	  0.9957938
170.2	  0.9957938
170.6	  0.9957938
171.0	  0.9957938
171.4	  0.9957938
171.8	  0.9957938
172.2	  0.9957938
172.6	  0.9957938
173.0	  0.99601054
173.4	  0.99601054
173.8	  0.99702203
174.2	  0.99702203
174.6	  0.99702203
175.0	  0.997036
175.4	  0.997036
175.8	  0.997036
176.2	  0.997036
176.6	  0.9971032
177.0	  0.9971032
177.4	  0.9971032
177.8	  0.9971032
178.2	  0.9971032
178.6	  0.9971032
179.0	  0.9971032
179.4	  0.9971032
179.8	  0.9971032
180.2	  0.9971032
180.6	  0.9971032
181.0	  0.9971032
181.4	  0.99710476
181.8	  0.99710476
182.2	  0.99710476
182.6	  0.99710476
183.0	  0.99710476
183.4	  0.99710476
183.8	  0.9985745
184.2	  0.9985745
184.6	  0.9985745
185.0	  0.9985745
185.4	  0.9985745
185.8	  0.9985745
186.2	  0.9985745
186.6	  0.9985745
187.0	  0.99860066
187.4	  0.99860066
187.8	  0.99860066
188.2	  0.99860066
188.6	  0.99862397
189.0	  0.9987568
189.4	  0.9987568
189.8	  0.998776
190.2	  0.9988334
190.6	  0.9988334
191.0	  0.9988355
191.4	  0.99885094
191.8	  0.99885094
192.2	  0.99885094
192.6	  0.99885094
193.0	  0.99885094
193.4	  0.99885094
193.8	  0.99885094
194.2	  0.99885094
194.6	  0.99885094
195.0	  0.99885094
195.4	  0.99885094
195.8	  0.99885094
196.2	  0.99885094
196.6	  0.99885094
197.0	  0.99885315
197.4	  0.99885315
197.8	  0.99885315
198.2	  0.99885315
198.6	  0.99885315
199.0	  0.99885315
199.4	  0.99885315
199.8	  0.99885315
200.2	  0.99885315
200.6	  0.99885315
201.0	  0.99885345
201.4	  0.99885345
201.8	  0.99885345
202.2	  0.99885345
202.6	  0.99885345
203.0	  0.99885345
203.4	  0.99885345
203.8	  0.99885345
204.2	  0.99885345
204.6	  0.99885345
205.0	  0.99885345
205.4	  0.99885345
205.8	  0.99885345
206.2	  0.99885345
206.6	  0.99885345
207.0	  0.99885345
207.4	  0.99885345
207.8	  0.99885345
208.2	  0.99885345
208.6	  0.99885345
209.0	  0.99886173
209.4	  0.99886173
209.8	  0.99886173
210.2	  0.99886173
210.6	  0.9988917
211.0	  0.9988917
211.4	  0.9988917
211.8	  0.9988917
212.2	  0.9988917
212.6	  0.9988917
213.0	  0.9990687
213.4	  0.9990687
213.8	  0.9990687
214.2	  0.9990687
214.6	  0.9990687
215.0	  0.9990687
215.4	  0.9990687
215.8	  0.9990687
216.2	  0.9990687
216.6	  0.9990687
217.0	  0.9990687
217.4	  0.9990687
217.8	  0.9990687
218.2	  0.9990687
218.6	  0.999496
219.0	  0.999496
219.4	  0.999496
219.8	  0.999496
220.2	  0.999496
220.6	  0.9995006
221.0	  0.9995006
221.4	  0.9995006
221.8	  0.9995006
222.2	  0.9995006
222.6	  0.9995006
223.0	  0.9995006
223.4	  0.9995006
223.8	  0.9995006
224.2	  0.9995006
224.6	  0.9995006
225.0	  0.9995006
225.4	  0.9995006
225.8	  0.9995006
226.2	  0.9995006
226.6	  0.9995006
227.0	  0.99950665
227.4	  0.99950665
227.8	  0.99950665
228.2	  0.99950665
228.6	  0.99950665
229.0	  0.99950665
229.4	  0.99950665
229.8	  0.99950665
230.2	  0.99950665
230.6	  0.99950665
231.0	  0.99950665
231.4	  0.99950665
231.8	  0.99950665
232.2	  0.99950665
232.6	  0.99950665
233.0	  0.99950665
233.4	  0.99950665
233.8	  0.99950665
234.2	  0.99950665
234.6	  0.99950665
235.0	  0.99950665
235.4	  0.99950665
235.8	  0.99950665
236.2	  0.99950665
236.6	  0.99950665
237.0	  0.99951214
237.4	  0.99951214
237.8	  0.99951214
238.2	  0.99951214
238.6	  0.99951214
239.0	  0.99951214
239.4	  0.99951214
239.8	  0.99951214
240.2	  0.99951214
240.6	  0.99951214
241.0	  0.99951214
241.4	  0.99951214
241.8	  0.99951214
242.2	  0.99951214
242.6	  0.99951214
243.0	  0.99951214
243.4	  0.99951214
243.8	  0.99951214
244.2	  0.99951214
244.6	  0.99951214
245.0	  0.99951214
245.4	  0.99951214
245.8	  0.99951214
246.2	  0.99951214
246.6	  0.99951214
247.0	  0.99951214
247.4	  0.99951214
247.8	  0.99951214
248.2	  0.99951214
248.6	  0.99951214
249.0	  0.99951214
249.4	  0.99951214
249.8	  0.99951214
250.2	  0.99951214
250.6	  0.99951214
251.0	  0.99951214
251.4	  0.99951214
251.8	  0.999516
252.2	  0.999516
252.6	  0.999516
253.0	  0.999516
253.4	  0.999516
253.8	  0.999516
254.2	  0.999516
254.6	  0.999516
255.0	  0.999516
255.4	  0.999516
255.8	  0.999516
256.2	  0.999516
256.6	  0.999516
257.0	  0.999516
257.4	  0.999516
257.8	  0.999516
258.2	  0.999516
258.6	  0.999516
259.0	  0.999516
259.4	  0.999516
259.8	  0.999516
260.2	  0.9995356
260.6	  0.9995356
261.0	  0.9995356
261.4	  0.99954647
261.8	  0.99961495
262.2	  0.99961495
262.6	  0.99961495
263.0	  0.99961495
263.4	  0.99961495
263.8	  0.99961495
264.2	  0.99961495
264.6	  0.99961495
265.0	  0.99961495
265.4	  0.99961495
265.8	  0.99961495
266.2	  0.99961495
266.6	  0.99961495
267.0	  0.99961495
267.4	  0.99961495
267.8	  0.99961495
268.2	  0.99961495
268.6	  0.99961495
269.0	  0.99961495
269.4	  0.99961495
269.8	  0.99961495
270.2	  0.9998894
270.6	  0.9998894
271.0	  0.9998894
271.4	  0.9999046
271.8	  1.0
272.2	  1.0
272.6	  1.0
273.0	  1.0
273.4	  1.0
273.8	  1.0
274.2	  1.0
274.6	  1.0
275.0	  1.0
275.4	  1.0
275.8	  1.0
276.2	  1.0
276.6	  1.0
277.0	  1.0
277.4	  1.0
277.8	  1.0
278.2	  1.0
278.6	  1.0
279.0	  1.0
279.4	  1.0
279.8	  1.0



DATASET #3

     Name: Common
   Points: 700
     Info: 

Data[x,y]:
0.2	  NaN
0.6	  NaN
1.0	  NaN
1.4	  NaN
1.8	  NaN
2.2	  NaN
2.6	  NaN
3.0	  NaN
3.4	  NaN
3.8	  NaN
4.2	  NaN
4.6	  NaN
5.0	  NaN
5.4	  NaN
5.8	  NaN
6.2	  NaN
6.6	  NaN
7.0	  NaN
7.4	  NaN
7.8	  NaN
8.2	  NaN
8.6	  NaN
9.0	  NaN
9.4	  NaN
9.8	  NaN
10.2	  NaN
10.6	  NaN
11.0	  NaN
11.4	  NaN
11.8	  NaN
12.2	  NaN
12.6	  NaN
13.0	  NaN
13.4	  NaN
13.8	  NaN
14.2	  NaN
14.6	  NaN
15.0	  NaN
15.4	  NaN
15.8	  NaN
16.2	  NaN
16.6	  NaN
17.0	  NaN
17.4	  NaN
17.8	  NaN
18.2	  NaN
18.6	  NaN
19.0	  NaN
19.4	  NaN
19.8	  NaN
20.2	  NaN
20.6	  NaN
21.0	  NaN
21.4	  NaN
21.8	  NaN
22.2	  NaN
22.6	  NaN
23.0	  NaN
23.4	  NaN
23.8	  NaN
24.2	  NaN
24.6	  NaN
25.0	  NaN
25.4	  NaN
25.8	  NaN
26.2	  NaN
26.6	  NaN
27.0	  NaN
27.4	  NaN
27.8	  NaN
28.2	  NaN
28.6	  NaN
29.0	  NaN
29.4	  NaN
29.8	  NaN
30.2	  NaN
30.6	  NaN
31.0	  NaN
31.4	  NaN
31.8	  NaN
32.2	  NaN
32.6	  NaN
33.0	  NaN
33.4	  NaN
33.8	  NaN
34.2	  NaN
34.6	  NaN
35.0	  NaN
35.4	  NaN
35.8	  NaN
36.2	  NaN
36.6	  NaN
37.0	  NaN
37.4	  NaN
37.8	  NaN
38.2	  NaN
38.6	  NaN
39.0	  NaN
39.4	  NaN
39.8	  NaN
40.2	  NaN
40.6	  NaN
41.0	  NaN
41.4	  NaN
41.8	  NaN
42.2	  NaN
42.6	  NaN
43.0	  NaN
43.4	  NaN
43.8	  NaN
44.2	  NaN
44.6	  NaN
45.0	  NaN
45.4	  NaN
45.8	  NaN
46.2	  NaN
46.6	  NaN
47.0	  NaN
47.4	  NaN
47.8	  NaN
48.2	  NaN
48.6	  NaN
49.0	  NaN
49.4	  NaN
49.8	  NaN
50.2	  NaN
50.6	  NaN
51.0	  NaN
51.4	  NaN
51.8	  NaN
52.2	  NaN
52.6	  NaN
53.0	  NaN
53.4	  NaN
53.8	  NaN
54.2	  NaN
54.6	  NaN
55.0	  NaN
55.4	  NaN
55.8	  NaN
56.2	  NaN
56.6	  NaN
57.0	  NaN
57.4	  NaN
57.8	  NaN
58.2	  NaN
58.6	  NaN
59.0	  NaN
59.4	  NaN
59.8	  NaN
60.2	  NaN
60.6	  NaN
61.0	  NaN
61.4	  NaN
61.8	  NaN
62.2	  NaN
62.6	  NaN
63.0	  NaN
63.4	  NaN
63.8	  NaN
64.2	  NaN
64.6	  NaN
65.0	  NaN
65.4	  NaN
65.8	  NaN
66.2	  NaN
66.6	  NaN
67.0	  NaN
67.4	  NaN
67.8	  NaN
68.2	  NaN
68.6	  NaN
69.0	  NaN
69.4	  NaN
69.8	  NaN
70.2	  NaN
70.6	  NaN
71.0	  NaN
71.4	  NaN
71.8	  NaN
72.2	  NaN
72.6	  NaN
73.0	  NaN
73.4	  NaN
73.8	  NaN
74.2	  NaN
74.6	  NaN
75.0	  NaN
75.4	  NaN
75.8	  NaN
76.2	  NaN
76.6	  NaN
77.0	  NaN
77.4	  NaN
77.8	  NaN
78.2	  NaN
78.6	  NaN
79.0	  NaN
79.4	  NaN
79.8	  NaN
80.2	  NaN
80.6	  NaN
81.0	  NaN
81.4	  NaN
81.8	  NaN
82.2	  NaN
82.6	  NaN
83.0	  NaN
83.4	  NaN
83.8	  NaN
84.2	  NaN
84.6	  NaN
85.0	  NaN
85.4	  NaN
85.8	  NaN
86.2	  NaN
86.6	  NaN
87.0	  NaN
87.4	  NaN
87.8	  NaN
88.2	  NaN
88.6	  NaN
89.0	  NaN
89.4	  NaN
89.8	  NaN
90.2	  NaN
90.6	  NaN
91.0	  NaN
91.4	  NaN
91.8	  NaN
92.2	  NaN
92.6	  NaN
93.0	  NaN
93.4	  NaN
93.8	  NaN
94.2	  NaN
94.6	  NaN
95.0	  NaN
95.4	  NaN
95.8	  NaN
96.2	  NaN
96.6	  NaN
97.0	  NaN
97.4	  NaN
97.8	  NaN
98.2	  NaN
98.6	  NaN
99.0	  NaN
99.4	  NaN
99.8	  NaN
100.2	  NaN
100.6	  NaN
101.0	  NaN
101.4	  NaN
101.8	  NaN
102.2	  NaN
102.6	  NaN
103.0	  NaN
103.4	  NaN
103.8	  NaN
104.2	  NaN
104.6	  NaN
105.0	  NaN
105.4	  NaN
105.8	  NaN
106.2	  NaN
106.6	  NaN
107.0	  NaN
107.4	  NaN
107.8	  NaN
108.2	  NaN
108.6	  NaN
109.0	  NaN
109.4	  NaN
109.8	  NaN
110.2	  NaN
110.6	  NaN
111.0	  NaN
111.4	  NaN
111.8	  NaN
112.2	  NaN
112.6	  NaN
113.0	  NaN
113.4	  NaN
113.8	  NaN
114.2	  NaN
114.6	  NaN
115.0	  NaN
115.4	  NaN
115.8	  NaN
116.2	  NaN
116.6	  NaN
117.0	  NaN
117.4	  NaN
117.8	  NaN
118.2	  NaN
118.6	  NaN
119.0	  NaN
119.4	  NaN
119.8	  NaN
120.2	  NaN
120.6	  NaN
121.0	  NaN
121.4	  NaN
121.8	  NaN
122.2	  NaN
122.6	  NaN
123.0	  NaN
123.4	  NaN
123.8	  NaN
124.2	  NaN
124.6	  NaN
125.0	  NaN
125.4	  NaN
125.8	  NaN
126.2	  NaN
126.6	  NaN
127.0	  NaN
127.4	  NaN
127.8	  NaN
128.2	  NaN
128.6	  NaN
129.0	  NaN
129.4	  NaN
129.8	  NaN
130.2	  NaN
130.6	  NaN
131.0	  NaN
131.4	  NaN
131.8	  NaN
132.2	  NaN
132.6	  NaN
133.0	  NaN
133.4	  NaN
133.8	  NaN
134.2	  NaN
134.6	  NaN
135.0	  NaN
135.4	  NaN
135.8	  NaN
136.2	  NaN
136.6	  NaN
137.0	  NaN
137.4	  NaN
137.8	  NaN
138.2	  NaN
138.6	  NaN
139.0	  NaN
139.4	  NaN
139.8	  NaN
140.2	  NaN
140.6	  NaN
141.0	  NaN
141.4	  NaN
141.8	  NaN
142.2	  NaN
142.6	  NaN
143.0	  NaN
143.4	  NaN
143.8	  NaN
144.2	  NaN
144.6	  NaN
145.0	  NaN
145.4	  NaN
145.8	  NaN
146.2	  NaN
146.6	  NaN
147.0	  NaN
147.4	  NaN
147.8	  NaN
148.2	  NaN
148.6	  NaN
149.0	  NaN
149.4	  NaN
149.8	  NaN
150.2	  NaN
150.6	  NaN
151.0	  NaN
151.4	  NaN
151.8	  NaN
152.2	  NaN
152.6	  NaN
153.0	  NaN
153.4	  NaN
153.8	  NaN
154.2	  NaN
154.6	  NaN
155.0	  NaN
155.4	  NaN
155.8	  NaN
156.2	  NaN
156.6	  NaN
157.0	  NaN
157.4	  NaN
157.8	  NaN
158.2	  NaN
158.6	  NaN
159.0	  NaN
159.4	  NaN
159.8	  NaN
160.2	  NaN
160.6	  NaN
161.0	  NaN
161.4	  NaN
161.8	  NaN
162.2	  NaN
162.6	  NaN
163.0	  NaN
163.4	  NaN
163.8	  NaN
164.2	  NaN
164.6	  NaN
165.0	  NaN
165.4	  NaN
165.8	  NaN
166.2	  NaN
166.6	  NaN
167.0	  NaN
167.4	  NaN
167.8	  NaN
168.2	  NaN
168.6	  NaN
169.0	  NaN
169.4	  NaN
169.8	  NaN
170.2	  NaN
170.6	  NaN
171.0	  NaN
171.4	  NaN
171.8	  NaN
172.2	  NaN
172.6	  NaN
173.0	  NaN
173.4	  NaN
173.8	  NaN
174.2	  NaN
174.6	  NaN
175.0	  NaN
175.4	  NaN
175.8	  NaN
176.2	  NaN
176.6	  NaN
177.0	  NaN
177.4	  NaN
177.8	  NaN
178.2	  NaN
178.6	  NaN
179.0	  NaN
179.4	  NaN
179.8	  NaN
180.2	  NaN
180.6	  NaN
181.0	  NaN
181.4	  NaN
181.8	  NaN
182.2	  NaN
182.6	  NaN
183.0	  NaN
183.4	  NaN
183.8	  NaN
184.2	  NaN
184.6	  NaN
185.0	  NaN
185.4	  NaN
185.8	  NaN
186.2	  NaN
186.6	  NaN
187.0	  NaN
187.4	  NaN
187.8	  NaN
188.2	  NaN
188.6	  NaN
189.0	  NaN
189.4	  NaN
189.8	  NaN
190.2	  NaN
190.6	  NaN
191.0	  NaN
191.4	  NaN
191.8	  NaN
192.2	  NaN
192.6	  NaN
193.0	  NaN
193.4	  NaN
193.8	  NaN
194.2	  NaN
194.6	  NaN
195.0	  NaN
195.4	  NaN
195.8	  NaN
196.2	  NaN
196.6	  NaN
197.0	  NaN
197.4	  NaN
197.8	  NaN
198.2	  NaN
198.6	  NaN
199.0	  NaN
199.4	  NaN
199.8	  NaN
200.2	  NaN
200.6	  NaN
201.0	  NaN
201.4	  NaN
201.8	  NaN
202.2	  NaN
202.6	  NaN
203.0	  NaN
203.4	  NaN
203.8	  NaN
204.2	  NaN
204.6	  NaN
205.0	  NaN
205.4	  NaN
205.8	  NaN
206.2	  NaN
206.6	  NaN
207.0	  NaN
207.4	  NaN
207.8	  NaN
208.2	  NaN
208.6	  NaN
209.0	  NaN
209.4	  NaN
209.8	  NaN
210.2	  NaN
210.6	  NaN
211.0	  NaN
211.4	  NaN
211.8	  NaN
212.2	  NaN
212.6	  NaN
213.0	  NaN
213.4	  NaN
213.8	  NaN
214.2	  NaN
214.6	  NaN
215.0	  NaN
215.4	  NaN
215.8	  NaN
216.2	  NaN
216.6	  NaN
217.0	  NaN
217.4	  NaN
217.8	  NaN
218.2	  NaN
218.6	  NaN
219.0	  NaN
219.4	  NaN
219.8	  NaN
220.2	  NaN
220.6	  NaN
221.0	  NaN
221.4	  NaN
221.8	  NaN
222.2	  NaN
222.6	  NaN
223.0	  NaN
223.4	  NaN
223.8	  NaN
224.2	  NaN
224.6	  NaN
225.0	  NaN
225.4	  NaN
225.8	  NaN
226.2	  NaN
226.6	  NaN
227.0	  NaN
227.4	  NaN
227.8	  NaN
228.2	  NaN
228.6	  NaN
229.0	  NaN
229.4	  NaN
229.8	  NaN
230.2	  NaN
230.6	  NaN
231.0	  NaN
231.4	  NaN
231.8	  NaN
232.2	  NaN
232.6	  NaN
233.0	  NaN
233.4	  NaN
233.8	  NaN
234.2	  NaN
234.6	  NaN
235.0	  NaN
235.4	  NaN
235.8	  NaN
236.2	  NaN
236.6	  NaN
237.0	  NaN
237.4	  NaN
237.8	  NaN
238.2	  NaN
238.6	  NaN
239.0	  NaN
239.4	  NaN
239.8	  NaN
240.2	  NaN
240.6	  NaN
241.0	  NaN
241.4	  NaN
241.8	  NaN
242.2	  NaN
242.6	  NaN
243.0	  NaN
243.4	  NaN
243.8	  NaN
244.2	  NaN
244.6	  NaN
245.0	  NaN
245.4	  NaN
245.8	  NaN
246.2	  NaN
246.6	  NaN
247.0	  NaN
247.4	  NaN
247.8	  NaN
248.2	  NaN
248.6	  NaN
249.0	  NaN
249.4	  NaN
249.8	  NaN
250.2	  NaN
250.6	  NaN
251.0	  NaN
251.4	  NaN
251.8	  NaN
252.2	  NaN
252.6	  NaN
253.0	  NaN
253.4	  NaN
253.8	  NaN
254.2	  NaN
254.6	  NaN
255.0	  NaN
255.4	  NaN
255.8	  NaN
256.2	  NaN
256.6	  NaN
257.0	  NaN
257.4	  NaN
257.8	  NaN
258.2	  NaN
258.6	  NaN
259.0	  NaN
259.4	  NaN
259.8	  NaN
260.2	  NaN
260.6	  NaN
261.0	  NaN
261.4	  NaN
261.8	  NaN
262.2	  NaN
262.6	  NaN
263.0	  NaN
263.4	  NaN
263.8	  NaN
264.2	  NaN
264.6	  NaN
265.0	  NaN
265.4	  NaN
265.8	  NaN
266.2	  NaN
266.6	  NaN
267.0	  NaN
267.4	  NaN
267.8	  NaN
268.2	  NaN
268.6	  NaN
269.0	  NaN
269.4	  NaN
269.8	  NaN
270.2	  NaN
270.6	  NaN
271.0	  NaN
271.4	  NaN
271.8	  NaN
272.2	  NaN
272.6	  NaN
273.0	  NaN
273.4	  NaN
273.8	  NaN
274.2	  NaN
274.6	  NaN
275.0	  NaN
275.4	  NaN
275.8	  NaN
276.2	  NaN
276.6	  NaN
277.0	  NaN
277.4	  NaN
277.8	  NaN
278.2	  NaN
278.6	  NaN
279.0	  NaN
279.4	  NaN
279.8	  NaN


