
X-Axis: Maximum Jump Distance (km)
Y-Axis: Cumulative Fraction
Number of Data Sets: 3


DATASET #1

     Name: As Discretized
   Points: 200
     Info: 

Data[x,y]:
0.01	  0.5625
0.03	  0.5625
0.05	  0.5625
0.07	  0.5625
0.09	  0.5625
0.11	  0.6199324
0.13	  0.6199324
0.15	  0.6199324
0.17	  0.6199324
0.19	  0.6199324
0.21	  0.6199324
0.23	  0.6199324
0.25	  0.6199324
0.27	  0.6199324
0.29	  0.6199324
0.31	  0.6199324
0.33	  0.6199324
0.35	  0.6199324
0.37	  0.6199324
0.39	  0.6199324
0.41	  0.6199324
0.43	  0.6199324
0.45	  0.6199324
0.47	  0.6199324
0.49	  0.6199324
0.51	  0.6199324
0.53	  0.6199324
0.55	  0.6199324
0.57	  0.6199324
0.59	  0.6199324
0.61	  0.6199324
0.63	  0.6199324
0.65	  0.6199324
0.67	  0.6199324
0.69	  0.6199324
0.71	  0.6199324
0.73	  0.6199324
0.75	  0.6199324
0.77	  0.6199324
0.79	  0.6199324
0.81	  0.6199324
0.83	  0.6199324
0.85	  0.6199324
0.87	  0.6199324
0.89	  0.6199324
0.91	  0.6199324
0.93	  0.6199324
0.95	  0.6199324
0.97	  0.6199324
0.99	  0.6199324
1.01	  0.6199324
1.03	  0.6199324
1.05	  0.6199324
1.07	  0.6199324
1.09	  0.6199324
1.11	  0.6199324
1.13	  0.6199324
1.15	  0.6199324
1.17	  0.6199324
1.19	  0.6199324
1.21	  0.6199324
1.23	  0.6199324
1.25	  0.6199324
1.27	  0.6199324
1.29	  0.6199324
1.31	  0.6199324
1.33	  0.6199324
1.35	  0.6199324
1.37	  0.6199324
1.39	  0.6199324
1.41	  0.6199324
1.43	  0.6199324
1.45	  0.6199324
1.47	  0.6199324
1.49	  0.6199324
1.51	  0.6199324
1.53	  0.6199324
1.55	  0.6199324
1.57	  0.6199324
1.59	  0.6199324
1.61	  0.6199324
1.63	  0.6199324
1.65	  0.6199324
1.67	  0.6199324
1.69	  0.6199324
1.71	  0.6199324
1.73	  0.6199324
1.75	  0.6199324
1.77	  0.6199324
1.79	  0.6199324
1.81	  0.6199324
1.83	  0.6199324
1.85	  0.6199324
1.87	  0.6199324
1.89	  0.6199324
1.91	  0.6199324
1.93	  0.6199324
1.95	  0.6199324
1.97	  0.6199324
1.99	  0.6199324
2.01	  0.6199324
2.03	  0.6199324
2.05	  0.6199324
2.07	  0.6199324
2.09	  0.6199324
2.11	  0.6199324
2.13	  0.6199324
2.15	  0.6199324
2.17	  0.6199324
2.19	  0.6199324
2.21	  0.6199324
2.23	  0.6199324
2.25	  0.6199324
2.27	  0.6199324
2.29	  0.6199324
2.31	  0.6199324
2.33	  0.6199324
2.35	  0.6199324
2.37	  0.6199324
2.39	  0.6199324
2.41	  0.6199324
2.43	  0.6199324
2.45	  0.6199324
2.47	  0.6199324
2.49	  0.6199324
2.51	  0.6199324
2.53	  0.6199324
2.55	  0.6199324
2.57	  0.6199324
2.59	  0.6199324
2.61	  0.6199324
2.63	  0.6199324
2.65	  0.6199324
2.67	  0.6199324
2.69	  0.6199324
2.71	  0.6199324
2.73	  0.6199324
2.75	  0.6199324
2.77	  0.6199324
2.79	  0.6199324
2.81	  0.6199324
2.83	  0.6199324
2.85	  0.6199324
2.87	  0.6199324
2.89	  0.6199324
2.91	  0.6199324
2.93	  0.6199324
2.95	  0.6199324
2.97	  0.6199324
2.99	  0.6199324
3.01	  0.6199324
3.03	  0.6199324
3.05	  0.6199324
3.07	  0.6199324
3.09	  0.6199324
3.11	  0.6199324
3.13	  0.6199324
3.15	  0.6199324
3.17	  0.6199324
3.19	  0.6199324
3.21	  0.6199324
3.23	  0.6199324
3.25	  0.6199324
3.27	  0.6199324
3.29	  0.6199324
3.31	  0.6199324
3.33	  0.6199324
3.35	  0.6199324
3.37	  0.6199324
3.39	  0.6199324
3.41	  0.6199324
3.43	  0.6199324
3.45	  0.6199324
3.47	  0.6199324
3.49	  1.0
3.51	  1.0
3.53	  1.0
3.55	  1.0
3.57	  1.0
3.59	  1.0
3.61	  1.0
3.63	  1.0
3.65	  1.0
3.67	  1.0
3.69	  1.0
3.71	  1.0
3.73	  1.0
3.75	  1.0
3.77	  1.0
3.79	  1.0
3.81	  1.0
3.83	  1.0
3.85	  1.0
3.87	  1.0
3.89	  1.0
3.91	  1.0
3.93	  1.0
3.95	  1.0
3.97	  1.0
3.99	  1.0



DATASET #2

     Name: Rate-Weighted
   Points: 200
     Info: 

Data[x,y]:
0.01	  0.965825
0.03	  0.965825
0.05	  0.965825
0.07	  0.965825
0.09	  0.965825
0.11	  0.9888055
0.13	  0.9888055
0.15	  0.9888055
0.17	  0.9888055
0.19	  0.9888055
0.21	  0.9888055
0.23	  0.9888055
0.25	  0.9888055
0.27	  0.9888055
0.29	  0.9888055
0.31	  0.9888055
0.33	  0.9888055
0.35	  0.9888055
0.37	  0.9888055
0.39	  0.9888055
0.41	  0.9888055
0.43	  0.9888055
0.45	  0.9888055
0.47	  0.9888055
0.49	  0.9888055
0.51	  0.9888055
0.53	  0.9888055
0.55	  0.9888055
0.57	  0.9888055
0.59	  0.9888055
0.61	  0.9888055
0.63	  0.9888055
0.65	  0.9888055
0.67	  0.9888055
0.69	  0.9888055
0.71	  0.9888055
0.73	  0.9888055
0.75	  0.9888055
0.77	  0.9888055
0.79	  0.9888055
0.81	  0.9888055
0.83	  0.9888055
0.85	  0.9888055
0.87	  0.9888055
0.89	  0.9888055
0.91	  0.9888055
0.93	  0.9888055
0.95	  0.9888055
0.97	  0.9888055
0.99	  0.9888055
1.01	  0.9888055
1.03	  0.9888055
1.05	  0.9888055
1.07	  0.9888055
1.09	  0.9888055
1.11	  0.9888055
1.13	  0.9888055
1.15	  0.9888055
1.17	  0.9888055
1.19	  0.9888055
1.21	  0.9888055
1.23	  0.9888055
1.25	  0.9888055
1.27	  0.9888055
1.29	  0.9888055
1.31	  0.9888055
1.33	  0.9888055
1.35	  0.9888055
1.37	  0.9888055
1.39	  0.9888055
1.41	  0.9888055
1.43	  0.9888055
1.45	  0.9888055
1.47	  0.9888055
1.49	  0.9888055
1.51	  0.9888055
1.53	  0.9888055
1.55	  0.9888055
1.57	  0.9888055
1.59	  0.9888055
1.61	  0.9888055
1.63	  0.9888055
1.65	  0.9888055
1.67	  0.9888055
1.69	  0.9888055
1.71	  0.9888055
1.73	  0.9888055
1.75	  0.9888055
1.77	  0.9888055
1.79	  0.9888055
1.81	  0.9888055
1.83	  0.9888055
1.85	  0.9888055
1.87	  0.9888055
1.89	  0.9888055
1.91	  0.9888055
1.93	  0.9888055
1.95	  0.9888055
1.97	  0.9888055
1.99	  0.9888055
2.01	  0.9888055
2.03	  0.9888055
2.05	  0.9888055
2.07	  0.9888055
2.09	  0.9888055
2.11	  0.9888055
2.13	  0.9888055
2.15	  0.9888055
2.17	  0.9888055
2.19	  0.9888055
2.21	  0.9888055
2.23	  0.9888055
2.25	  0.9888055
2.27	  0.9888055
2.29	  0.9888055
2.31	  0.9888055
2.33	  0.9888055
2.35	  0.9888055
2.37	  0.9888055
2.39	  0.9888055
2.41	  0.9888055
2.43	  0.9888055
2.45	  0.9888055
2.47	  0.9888055
2.49	  0.9888055
2.51	  0.9888055
2.53	  0.9888055
2.55	  0.9888055
2.57	  0.9888055
2.59	  0.9888055
2.61	  0.9888055
2.63	  0.9888055
2.65	  0.9888055
2.67	  0.9888055
2.69	  0.9888055
2.71	  0.9888055
2.73	  0.9888055
2.75	  0.9888055
2.77	  0.9888055
2.79	  0.9888055
2.81	  0.9888055
2.83	  0.9888055
2.85	  0.9888055
2.87	  0.9888055
2.89	  0.9888055
2.91	  0.9888055
2.93	  0.9888055
2.95	  0.9888055
2.97	  0.9888055
2.99	  0.9888055
3.01	  0.9888055
3.03	  0.9888055
3.05	  0.9888055
3.07	  0.9888055
3.09	  0.9888055
3.11	  0.9888055
3.13	  0.9888055
3.15	  0.9888055
3.17	  0.9888055
3.19	  0.9888055
3.21	  0.9888055
3.23	  0.9888055
3.25	  0.9888055
3.27	  0.9888055
3.29	  0.9888055
3.31	  0.9888055
3.33	  0.9888055
3.35	  0.9888055
3.37	  0.9888055
3.39	  0.9888055
3.41	  0.9888055
3.43	  0.9888055
3.45	  0.9888055
3.47	  0.9888055
3.49	  1.0
3.51	  1.0
3.53	  1.0
3.55	  1.0
3.57	  1.0
3.59	  1.0
3.61	  1.0
3.63	  1.0
3.65	  1.0
3.67	  1.0
3.69	  1.0
3.71	  1.0
3.73	  1.0
3.75	  1.0
3.77	  1.0
3.79	  1.0
3.81	  1.0
3.83	  1.0
3.85	  1.0
3.87	  1.0
3.89	  1.0
3.91	  1.0
3.93	  1.0
3.95	  1.0
3.97	  1.0
3.99	  1.0



DATASET #3

     Name: Common
   Points: 200
     Info: 

Data[x,y]:
0.01	  NaN
0.03	  NaN
0.05	  NaN
0.07	  NaN
0.09	  NaN
0.11	  NaN
0.13	  NaN
0.15	  NaN
0.17	  NaN
0.19	  NaN
0.21	  NaN
0.23	  NaN
0.25	  NaN
0.27	  NaN
0.29	  NaN
0.31	  NaN
0.33	  NaN
0.35	  NaN
0.37	  NaN
0.39	  NaN
0.41	  NaN
0.43	  NaN
0.45	  NaN
0.47	  NaN
0.49	  NaN
0.51	  NaN
0.53	  NaN
0.55	  NaN
0.57	  NaN
0.59	  NaN
0.61	  NaN
0.63	  NaN
0.65	  NaN
0.67	  NaN
0.69	  NaN
0.71	  NaN
0.73	  NaN
0.75	  NaN
0.77	  NaN
0.79	  NaN
0.81	  NaN
0.83	  NaN
0.85	  NaN
0.87	  NaN
0.89	  NaN
0.91	  NaN
0.93	  NaN
0.95	  NaN
0.97	  NaN
0.99	  NaN
1.01	  NaN
1.03	  NaN
1.05	  NaN
1.07	  NaN
1.09	  NaN
1.11	  NaN
1.13	  NaN
1.15	  NaN
1.17	  NaN
1.19	  NaN
1.21	  NaN
1.23	  NaN
1.25	  NaN
1.27	  NaN
1.29	  NaN
1.31	  NaN
1.33	  NaN
1.35	  NaN
1.37	  NaN
1.39	  NaN
1.41	  NaN
1.43	  NaN
1.45	  NaN
1.47	  NaN
1.49	  NaN
1.51	  NaN
1.53	  NaN
1.55	  NaN
1.57	  NaN
1.59	  NaN
1.61	  NaN
1.63	  NaN
1.65	  NaN
1.67	  NaN
1.69	  NaN
1.71	  NaN
1.73	  NaN
1.75	  NaN
1.77	  NaN
1.79	  NaN
1.81	  NaN
1.83	  NaN
1.85	  NaN
1.87	  NaN
1.89	  NaN
1.91	  NaN
1.93	  NaN
1.95	  NaN
1.97	  NaN
1.99	  NaN
2.01	  NaN
2.03	  NaN
2.05	  NaN
2.07	  NaN
2.09	  NaN
2.11	  NaN
2.13	  NaN
2.15	  NaN
2.17	  NaN
2.19	  NaN
2.21	  NaN
2.23	  NaN
2.25	  NaN
2.27	  NaN
2.29	  NaN
2.31	  NaN
2.33	  NaN
2.35	  NaN
2.37	  NaN
2.39	  NaN
2.41	  NaN
2.43	  NaN
2.45	  NaN
2.47	  NaN
2.49	  NaN
2.51	  NaN
2.53	  NaN
2.55	  NaN
2.57	  NaN
2.59	  NaN
2.61	  NaN
2.63	  NaN
2.65	  NaN
2.67	  NaN
2.69	  NaN
2.71	  NaN
2.73	  NaN
2.75	  NaN
2.77	  NaN
2.79	  NaN
2.81	  NaN
2.83	  NaN
2.85	  NaN
2.87	  NaN
2.89	  NaN
2.91	  NaN
2.93	  NaN
2.95	  NaN
2.97	  NaN
2.99	  NaN
3.01	  NaN
3.03	  NaN
3.05	  NaN
3.07	  NaN
3.09	  NaN
3.11	  NaN
3.13	  NaN
3.15	  NaN
3.17	  NaN
3.19	  NaN
3.21	  NaN
3.23	  NaN
3.25	  NaN
3.27	  NaN
3.29	  NaN
3.31	  NaN
3.33	  NaN
3.35	  NaN
3.37	  NaN
3.39	  NaN
3.41	  NaN
3.43	  NaN
3.45	  NaN
3.47	  NaN
3.49	  NaN
3.51	  NaN
3.53	  NaN
3.55	  NaN
3.57	  NaN
3.59	  NaN
3.61	  NaN
3.63	  NaN
3.65	  NaN
3.67	  NaN
3.69	  NaN
3.71	  NaN
3.73	  NaN
3.75	  NaN
3.77	  NaN
3.79	  NaN
3.81	  NaN
3.83	  NaN
3.85	  NaN
3.87	  NaN
3.89	  NaN
3.91	  NaN
3.93	  NaN
3.95	  NaN
3.97	  NaN
3.99	  NaN


