
X-Axis: Area (km^2)
Y-Axis: Cumulative Fraction
Number of Data Sets: 3


DATASET #1

     Name: As Discretized
   Points: 1750
     Info: 

Data[x,y]:
1.0	  0.0
3.0	  0.0
5.0	  0.0
7.0	  0.0
9.0	  0.0
11.0	  0.0
13.0	  0.0
15.0	  0.0
17.0	  0.0
19.0	  0.0
21.0	  0.0
23.0	  0.0
25.0	  0.0
27.0	  0.0
29.0	  0.0
31.0	  0.0
33.0	  0.0
35.0	  0.0
37.0	  0.0
39.0	  0.0
41.0	  0.0
43.0	  0.0
45.0	  0.0
47.0	  0.0
49.0	  0.0
51.0	  0.0
53.0	  0.0
55.0	  0.0
57.0	  0.0
59.0	  0.0
61.0	  0.0
63.0	  0.0
65.0	  0.0
67.0	  0.0
69.0	  0.0
71.0	  0.0
73.0	  0.0
75.0	  0.0
77.0	  0.0
79.0	  0.0
81.0	  0.0
83.0	  0.0
85.0	  0.0
87.0	  0.0
89.0	  0.0
91.0	  0.0
93.0	  0.0
95.0	  0.0
97.0	  0.0
99.0	  0.0
101.0	  0.0
103.0	  0.0
105.0	  0.0
107.0	  0.0
109.0	  0.0
111.0	  0.0
113.0	  0.0
115.0	  0.0
117.0	  0.0
119.0	  0.0
121.0	  0.0
123.0	  0.0
125.0	  0.0
127.0	  0.0
129.0	  0.0
131.0	  0.0
133.0	  0.0
135.0	  0.0
137.0	  0.006756757
139.0	  0.006756757
141.0	  0.006756757
143.0	  0.006756757
145.0	  0.006756757
147.0	  0.006756757
149.0	  0.015202703
151.0	  0.015202703
153.0	  0.015202703
155.0	  0.015202703
157.0	  0.015202703
159.0	  0.015202703
161.0	  0.025337838
163.0	  0.025337838
165.0	  0.025337838
167.0	  0.025337838
169.0	  0.025337838
171.0	  0.025337838
173.0	  0.025337838
175.0	  0.025337838
177.0	  0.025337838
179.0	  0.025337838
181.0	  0.025337838
183.0	  0.025337838
185.0	  0.025337838
187.0	  0.025337838
189.0	  0.025337838
191.0	  0.025337838
193.0	  0.025337838
195.0	  0.025337838
197.0	  0.025337838
199.0	  0.028716216
201.0	  0.028716216
203.0	  0.028716216
205.0	  0.028716216
207.0	  0.033783782
209.0	  0.033783782
211.0	  0.033783782
213.0	  0.033783782
215.0	  0.033783782
217.0	  0.033783782
219.0	  0.033783782
221.0	  0.033783782
223.0	  0.033783782
225.0	  0.0472973
227.0	  0.0472973
229.0	  0.0472973
231.0	  0.0472973
233.0	  0.0472973
235.0	  0.0472973
237.0	  0.0472973
239.0	  0.0472973
241.0	  0.055743244
243.0	  0.055743244
245.0	  0.055743244
247.0	  0.055743244
249.0	  0.055743244
251.0	  0.055743244
253.0	  0.055743244
255.0	  0.055743244
257.0	  0.055743244
259.0	  0.06418919
261.0	  0.06418919
263.0	  0.06418919
265.0	  0.06418919
267.0	  0.06418919
269.0	  0.06418919
271.0	  0.06418919
273.0	  0.06418919
275.0	  0.067567565
277.0	  0.08277027
279.0	  0.08277027
281.0	  0.08277027
283.0	  0.08614865
285.0	  0.08614865
287.0	  0.08783784
289.0	  0.08783784
291.0	  0.08783784
293.0	  0.08783784
295.0	  0.08783784
297.0	  0.089527026
299.0	  0.0945946
301.0	  0.0945946
303.0	  0.0945946
305.0	  0.0945946
307.0	  0.0945946
309.0	  0.0945946
311.0	  0.096283786
313.0	  0.096283786
315.0	  0.096283786
317.0	  0.096283786
319.0	  0.096283786
321.0	  0.10304054
323.0	  0.10304054
325.0	  0.10304054
327.0	  0.10304054
329.0	  0.10304054
331.0	  0.10304054
333.0	  0.10304054
335.0	  0.10304054
337.0	  0.10304054
339.0	  0.10810811
341.0	  0.10810811
343.0	  0.10810811
345.0	  0.1097973
347.0	  0.1097973
349.0	  0.1097973
351.0	  0.1097973
353.0	  0.1097973
355.0	  0.1097973
357.0	  0.11148649
359.0	  0.11148649
361.0	  0.11148649
363.0	  0.113175675
365.0	  0.113175675
367.0	  0.113175675
369.0	  0.113175675
371.0	  0.113175675
373.0	  0.113175675
375.0	  0.11655405
377.0	  0.11655405
379.0	  0.11655405
381.0	  0.11655405
383.0	  0.11655405
385.0	  0.11824324
387.0	  0.125
389.0	  0.125
391.0	  0.1266892
393.0	  0.1266892
395.0	  0.1266892
397.0	  0.1266892
399.0	  0.1266892
401.0	  0.13175675
403.0	  0.13175675
405.0	  0.13175675
407.0	  0.13175675
409.0	  0.13175675
411.0	  0.13175675
413.0	  0.13175675
415.0	  0.14358108
417.0	  0.14358108
419.0	  0.14527027
421.0	  0.14527027
423.0	  0.14695945
425.0	  0.15033785
427.0	  0.15033785
429.0	  0.15033785
431.0	  0.15202703
433.0	  0.15202703
435.0	  0.15202703
437.0	  0.15371622
439.0	  0.15371622
441.0	  0.15371622
443.0	  0.15371622
445.0	  0.15371622
447.0	  0.15371622
449.0	  0.1554054
451.0	  0.15878378
453.0	  0.15878378
455.0	  0.15878378
457.0	  0.15878378
459.0	  0.16047297
461.0	  0.16047297
463.0	  0.16047297
465.0	  0.16216215
467.0	  0.16216215
469.0	  0.16216215
471.0	  0.16385135
473.0	  0.16385135
475.0	  0.16554055
477.0	  0.16554055
479.0	  0.16554055
481.0	  0.16891892
483.0	  0.16891892
485.0	  0.16891892
487.0	  0.16891892
489.0	  0.16891892
491.0	  0.16891892
493.0	  0.16891892
495.0	  0.1706081
497.0	  0.1706081
499.0	  0.17398648
501.0	  0.17398648
503.0	  0.17398648
505.0	  0.17567568
507.0	  0.17567568
509.0	  0.17736487
511.0	  0.17905405
513.0	  0.17905405
515.0	  0.17905405
517.0	  0.18412162
519.0	  0.18412162
521.0	  0.18412162
523.0	  0.1858108
525.0	  0.1858108
527.0	  0.1858108
529.0	  0.1858108
531.0	  0.1858108
533.0	  0.1858108
535.0	  0.19087838
537.0	  0.19256757
539.0	  0.19256757
541.0	  0.19425675
543.0	  0.19425675
545.0	  0.19594595
547.0	  0.19594595
549.0	  0.19763513
551.0	  0.19932432
553.0	  0.20777027
555.0	  0.20777027
557.0	  0.20777027
559.0	  0.20777027
561.0	  0.20945945
563.0	  0.20945945
565.0	  0.21114865
567.0	  0.21114865
569.0	  0.21283785
571.0	  0.21283785
573.0	  0.21283785
575.0	  0.21621622
577.0	  0.21621622
579.0	  0.2179054
581.0	  0.2195946
583.0	  0.2195946
585.0	  0.2195946
587.0	  0.22128378
589.0	  0.22128378
591.0	  0.22128378
593.0	  0.22128378
595.0	  0.22128378
597.0	  0.22128378
599.0	  0.22128378
601.0	  0.22128378
603.0	  0.22128378
605.0	  0.22128378
607.0	  0.22128378
609.0	  0.22297297
611.0	  0.22297297
613.0	  0.22466215
615.0	  0.22635135
617.0	  0.22635135
619.0	  0.22635135
621.0	  0.22804055
623.0	  0.22804055
625.0	  0.22972973
627.0	  0.22972973
629.0	  0.23141892
631.0	  0.2331081
633.0	  0.2331081
635.0	  0.2331081
637.0	  0.2347973
639.0	  0.2347973
641.0	  0.2347973
643.0	  0.23648648
645.0	  0.23648648
647.0	  0.23986487
649.0	  0.24324325
651.0	  0.24493243
653.0	  0.24493243
655.0	  0.24662162
657.0	  0.24662162
659.0	  0.24662162
661.0	  0.2483108
663.0	  0.2483108
665.0	  0.2516892
667.0	  0.2516892
669.0	  0.2516892
671.0	  0.2516892
673.0	  0.2533784
675.0	  0.25506756
677.0	  0.25675675
679.0	  0.25675675
681.0	  0.25675675
683.0	  0.25675675
685.0	  0.25675675
687.0	  0.25675675
689.0	  0.25844595
691.0	  0.2652027
693.0	  0.2652027
695.0	  0.2668919
697.0	  0.2668919
699.0	  0.2668919
701.0	  0.2685811
703.0	  0.2685811
705.0	  0.2685811
707.0	  0.27195945
709.0	  0.27364865
711.0	  0.27533785
713.0	  0.27702704
715.0	  0.27702704
717.0	  0.27702704
719.0	  0.2787162
721.0	  0.2787162
723.0	  0.2787162
725.0	  0.2804054
727.0	  0.2804054
729.0	  0.2804054
731.0	  0.2804054
733.0	  0.2804054
735.0	  0.2804054
737.0	  0.2804054
739.0	  0.2804054
741.0	  0.2820946
743.0	  0.2820946
745.0	  0.2820946
747.0	  0.2837838
749.0	  0.28547296
751.0	  0.28547296
753.0	  0.28547296
755.0	  0.28547296
757.0	  0.28547296
759.0	  0.28716215
761.0	  0.28716215
763.0	  0.28885135
765.0	  0.28885135
767.0	  0.28885135
769.0	  0.29054055
771.0	  0.29054055
773.0	  0.29054055
775.0	  0.2939189
777.0	  0.2939189
779.0	  0.2939189
781.0	  0.2956081
783.0	  0.2956081
785.0	  0.2956081
787.0	  0.2972973
789.0	  0.2989865
791.0	  0.2989865
793.0	  0.30236486
795.0	  0.30405405
797.0	  0.30405405
799.0	  0.30405405
801.0	  0.30574325
803.0	  0.3091216
805.0	  0.3108108
807.0	  0.3125
809.0	  0.3125
811.0	  0.3141892
813.0	  0.3141892
815.0	  0.3141892
817.0	  0.3158784
819.0	  0.3158784
821.0	  0.31756756
823.0	  0.31756756
825.0	  0.31756756
827.0	  0.31925675
829.0	  0.3243243
831.0	  0.3243243
833.0	  0.3243243
835.0	  0.3243243
837.0	  0.3243243
839.0	  0.3260135
841.0	  0.3260135
843.0	  0.3260135
845.0	  0.3260135
847.0	  0.3260135
849.0	  0.3277027
851.0	  0.3293919
853.0	  0.3293919
855.0	  0.3310811
857.0	  0.3310811
859.0	  0.3310811
861.0	  0.33277026
863.0	  0.33445945
865.0	  0.33445945
867.0	  0.33445945
869.0	  0.33614865
871.0	  0.33614865
873.0	  0.33783785
875.0	  0.33783785
877.0	  0.33783785
879.0	  0.33783785
881.0	  0.33783785
883.0	  0.33783785
885.0	  0.33952704
887.0	  0.3412162
889.0	  0.3412162
891.0	  0.3412162
893.0	  0.3412162
895.0	  0.3412162
897.0	  0.3429054
899.0	  0.3429054
901.0	  0.3429054
903.0	  0.3429054
905.0	  0.3429054
907.0	  0.3445946
909.0	  0.3445946
911.0	  0.3445946
913.0	  0.3462838
915.0	  0.3462838
917.0	  0.3462838
919.0	  0.34797296
921.0	  0.34797296
923.0	  0.35135135
925.0	  0.35135135
927.0	  0.35135135
929.0	  0.35135135
931.0	  0.35472974
933.0	  0.3564189
935.0	  0.3581081
937.0	  0.3597973
939.0	  0.3614865
941.0	  0.3631757
943.0	  0.3631757
945.0	  0.3631757
947.0	  0.36486486
949.0	  0.36824325
951.0	  0.36824325
953.0	  0.36993244
955.0	  0.36993244
957.0	  0.36993244
959.0	  0.36993244
961.0	  0.36993244
963.0	  0.36993244
965.0	  0.3716216
967.0	  0.3766892
969.0	  0.3766892
971.0	  0.38006756
973.0	  0.38006756
975.0	  0.38006756
977.0	  0.38175675
979.0	  0.38175675
981.0	  0.38175675
983.0	  0.38175675
985.0	  0.38175675
987.0	  0.38344595
989.0	  0.38344595
991.0	  0.38344595
993.0	  0.38344595
995.0	  0.38344595
997.0	  0.38344595
999.0	  0.38513514
1001.0	  0.3868243
1003.0	  0.3868243
1005.0	  0.3868243
1007.0	  0.3868243
1009.0	  0.3868243
1011.0	  0.3885135
1013.0	  0.3885135
1015.0	  0.3885135
1017.0	  0.3902027
1019.0	  0.3902027
1021.0	  0.3902027
1023.0	  0.3902027
1025.0	  0.3902027
1027.0	  0.3918919
1029.0	  0.3918919
1031.0	  0.3918919
1033.0	  0.3918919
1035.0	  0.3935811
1037.0	  0.3935811
1039.0	  0.3935811
1041.0	  0.3935811
1043.0	  0.3935811
1045.0	  0.39695945
1047.0	  0.39864865
1049.0	  0.39864865
1051.0	  0.40033785
1053.0	  0.4037162
1055.0	  0.4037162
1057.0	  0.4054054
1059.0	  0.4054054
1061.0	  0.4070946
1063.0	  0.4087838
1065.0	  0.4087838
1067.0	  0.4087838
1069.0	  0.41216215
1071.0	  0.41216215
1073.0	  0.41216215
1075.0	  0.41216215
1077.0	  0.41216215
1079.0	  0.41554055
1081.0	  0.41554055
1083.0	  0.41722974
1085.0	  0.41722974
1087.0	  0.4189189
1089.0	  0.4189189
1091.0	  0.4189189
1093.0	  0.4189189
1095.0	  0.4189189
1097.0	  0.4206081
1099.0	  0.4222973
1101.0	  0.4239865
1103.0	  0.4239865
1105.0	  0.4256757
1107.0	  0.4256757
1109.0	  0.4256757
1111.0	  0.4256757
1113.0	  0.4256757
1115.0	  0.42736486
1117.0	  0.42736486
1119.0	  0.42905405
1121.0	  0.42905405
1123.0	  0.42905405
1125.0	  0.43074325
1127.0	  0.43074325
1129.0	  0.43243244
1131.0	  0.4341216
1133.0	  0.4341216
1135.0	  0.4341216
1137.0	  0.4358108
1139.0	  0.4375
1141.0	  0.4375
1143.0	  0.4375
1145.0	  0.4375
1147.0	  0.4375
1149.0	  0.4391892
1151.0	  0.4391892
1153.0	  0.4391892
1155.0	  0.4391892
1157.0	  0.4391892
1159.0	  0.4391892
1161.0	  0.4391892
1163.0	  0.4391892
1165.0	  0.4408784
1167.0	  0.4408784
1169.0	  0.4408784
1171.0	  0.4408784
1173.0	  0.4408784
1175.0	  0.44256756
1177.0	  0.44425675
1179.0	  0.44425675
1181.0	  0.44425675
1183.0	  0.44425675
1185.0	  0.44425675
1187.0	  0.44425675
1189.0	  0.44425675
1191.0	  0.44763514
1193.0	  0.44763514
1195.0	  0.4510135
1197.0	  0.4527027
1199.0	  0.4543919
1201.0	  0.4543919
1203.0	  0.4543919
1205.0	  0.4543919
1207.0	  0.45777026
1209.0	  0.45945945
1211.0	  0.45945945
1213.0	  0.46114865
1215.0	  0.46114865
1217.0	  0.46452704
1219.0	  0.46452704
1221.0	  0.4662162
1223.0	  0.4662162
1225.0	  0.4695946
1227.0	  0.4695946
1229.0	  0.4712838
1231.0	  0.47297296
1233.0	  0.47297296
1235.0	  0.47297296
1237.0	  0.47297296
1239.0	  0.47297296
1241.0	  0.47297296
1243.0	  0.47297296
1245.0	  0.47297296
1247.0	  0.47297296
1249.0	  0.47466215
1251.0	  0.47466215
1253.0	  0.47466215
1255.0	  0.47466215
1257.0	  0.47635135
1259.0	  0.47635135
1261.0	  0.47804055
1263.0	  0.47804055
1265.0	  0.47804055
1267.0	  0.47804055
1269.0	  0.47972974
1271.0	  0.47972974
1273.0	  0.47972974
1275.0	  0.4814189
1277.0	  0.4831081
1279.0	  0.4831081
1281.0	  0.4831081
1283.0	  0.4831081
1285.0	  0.4831081
1287.0	  0.4847973
1289.0	  0.4847973
1291.0	  0.4847973
1293.0	  0.4864865
1295.0	  0.4864865
1297.0	  0.4864865
1299.0	  0.4864865
1301.0	  0.4864865
1303.0	  0.4881757
1305.0	  0.4881757
1307.0	  0.4881757
1309.0	  0.4881757
1311.0	  0.48986486
1313.0	  0.48986486
1315.0	  0.48986486
1317.0	  0.48986486
1319.0	  0.48986486
1321.0	  0.48986486
1323.0	  0.49155405
1325.0	  0.49155405
1327.0	  0.49324325
1329.0	  0.4966216
1331.0	  0.4966216
1333.0	  0.4966216
1335.0	  0.4966216
1337.0	  0.5
1339.0	  0.5
1341.0	  0.5
1343.0	  0.5
1345.0	  0.5
1347.0	  0.5016892
1349.0	  0.5016892
1351.0	  0.5033784
1353.0	  0.5033784
1355.0	  0.5067568
1357.0	  0.5067568
1359.0	  0.5101351
1361.0	  0.5101351
1363.0	  0.5135135
1365.0	  0.5135135
1367.0	  0.5135135
1369.0	  0.5135135
1371.0	  0.5135135
1373.0	  0.5152027
1375.0	  0.5152027
1377.0	  0.5152027
1379.0	  0.5168919
1381.0	  0.5168919
1383.0	  0.5168919
1385.0	  0.5168919
1387.0	  0.5168919
1389.0	  0.5185811
1391.0	  0.5185811
1393.0	  0.5185811
1395.0	  0.5185811
1397.0	  0.5185811
1399.0	  0.5202703
1401.0	  0.5202703
1403.0	  0.5202703
1405.0	  0.5202703
1407.0	  0.5219595
1409.0	  0.5219595
1411.0	  0.5219595
1413.0	  0.5219595
1415.0	  0.5219595
1417.0	  0.5219595
1419.0	  0.5219595
1421.0	  0.5219595
1423.0	  0.5236486
1425.0	  0.5236486
1427.0	  0.5236486
1429.0	  0.5236486
1431.0	  0.5236486
1433.0	  0.527027
1435.0	  0.527027
1437.0	  0.527027
1439.0	  0.5287162
1441.0	  0.5287162
1443.0	  0.5287162
1445.0	  0.5287162
1447.0	  0.5287162
1449.0	  0.5287162
1451.0	  0.5287162
1453.0	  0.5304054
1455.0	  0.5320946
1457.0	  0.5337838
1459.0	  0.5337838
1461.0	  0.5337838
1463.0	  0.5337838
1465.0	  0.5337838
1467.0	  0.5388514
1469.0	  0.5388514
1471.0	  0.5388514
1473.0	  0.5388514
1475.0	  0.5405405
1477.0	  0.5422297
1479.0	  0.5422297
1481.0	  0.5439189
1483.0	  0.5439189
1485.0	  0.5456081
1487.0	  0.5472973
1489.0	  0.5489865
1491.0	  0.5489865
1493.0	  0.5506757
1495.0	  0.5506757
1497.0	  0.5506757
1499.0	  0.5506757
1501.0	  0.5506757
1503.0	  0.5506757
1505.0	  0.5506757
1507.0	  0.5523649
1509.0	  0.5523649
1511.0	  0.5523649
1513.0	  0.5540541
1515.0	  0.5540541
1517.0	  0.5540541
1519.0	  0.5540541
1521.0	  0.5540541
1523.0	  0.5540541
1525.0	  0.5540541
1527.0	  0.5540541
1529.0	  0.5557432
1531.0	  0.5557432
1533.0	  0.5557432
1535.0	  0.5574324
1537.0	  0.5608108
1539.0	  0.5608108
1541.0	  0.5608108
1543.0	  0.5608108
1545.0	  0.5625
1547.0	  0.5625
1549.0	  0.5625
1551.0	  0.5641892
1553.0	  0.5658784
1555.0	  0.5658784
1557.0	  0.5658784
1559.0	  0.5658784
1561.0	  0.5658784
1563.0	  0.5675676
1565.0	  0.5675676
1567.0	  0.5675676
1569.0	  0.5692568
1571.0	  0.5692568
1573.0	  0.5692568
1575.0	  0.5692568
1577.0	  0.5692568
1579.0	  0.5692568
1581.0	  0.5692568
1583.0	  0.5709459
1585.0	  0.5726351
1587.0	  0.5726351
1589.0	  0.5726351
1591.0	  0.5726351
1593.0	  0.5743243
1595.0	  0.5743243
1597.0	  0.5743243
1599.0	  0.5743243
1601.0	  0.5743243
1603.0	  0.5743243
1605.0	  0.5810811
1607.0	  0.5810811
1609.0	  0.5827703
1611.0	  0.5827703
1613.0	  0.5861486
1615.0	  0.5878378
1617.0	  0.5878378
1619.0	  0.5878378
1621.0	  0.589527
1623.0	  0.5912162
1625.0	  0.5912162
1627.0	  0.5912162
1629.0	  0.5912162
1631.0	  0.5929054
1633.0	  0.5929054
1635.0	  0.5929054
1637.0	  0.5945946
1639.0	  0.5945946
1641.0	  0.5945946
1643.0	  0.5945946
1645.0	  0.5945946
1647.0	  0.5945946
1649.0	  0.5962838
1651.0	  0.5962838
1653.0	  0.5962838
1655.0	  0.5962838
1657.0	  0.597973
1659.0	  0.597973
1661.0	  0.597973
1663.0	  0.597973
1665.0	  0.6030405
1667.0	  0.6030405
1669.0	  0.6030405
1671.0	  0.6030405
1673.0	  0.6047297
1675.0	  0.6064189
1677.0	  0.6064189
1679.0	  0.6064189
1681.0	  0.6081081
1683.0	  0.6081081
1685.0	  0.6081081
1687.0	  0.6081081
1689.0	  0.6081081
1691.0	  0.6081081
1693.0	  0.6081081
1695.0	  0.6081081
1697.0	  0.6081081
1699.0	  0.6097973
1701.0	  0.6097973
1703.0	  0.6097973
1705.0	  0.6097973
1707.0	  0.6097973
1709.0	  0.6097973
1711.0	  0.6131757
1713.0	  0.6131757
1715.0	  0.6148649
1717.0	  0.6148649
1719.0	  0.6148649
1721.0	  0.6148649
1723.0	  0.6148649
1725.0	  0.6148649
1727.0	  0.6148649
1729.0	  0.6165541
1731.0	  0.6165541
1733.0	  0.6165541
1735.0	  0.6182432
1737.0	  0.6182432
1739.0	  0.6199324
1741.0	  0.6199324
1743.0	  0.6266892
1745.0	  0.6266892
1747.0	  0.6266892
1749.0	  0.6266892
1751.0	  0.6300676
1753.0	  0.6317568
1755.0	  0.6317568
1757.0	  0.6317568
1759.0	  0.6317568
1761.0	  0.6317568
1763.0	  0.6317568
1765.0	  0.6351351
1767.0	  0.6351351
1769.0	  0.6351351
1771.0	  0.6351351
1773.0	  0.6351351
1775.0	  0.6351351
1777.0	  0.6351351
1779.0	  0.6351351
1781.0	  0.6351351
1783.0	  0.6351351
1785.0	  0.6351351
1787.0	  0.6368243
1789.0	  0.6368243
1791.0	  0.6385135
1793.0	  0.6385135
1795.0	  0.6418919
1797.0	  0.6418919
1799.0	  0.6418919
1801.0	  0.6418919
1803.0	  0.6435811
1805.0	  0.6452703
1807.0	  0.6452703
1809.0	  0.6469595
1811.0	  0.6486486
1813.0	  0.6486486
1815.0	  0.6486486
1817.0	  0.6486486
1819.0	  0.6486486
1821.0	  0.6486486
1823.0	  0.6486486
1825.0	  0.6486486
1827.0	  0.6503378
1829.0	  0.6503378
1831.0	  0.6503378
1833.0	  0.6503378
1835.0	  0.6503378
1837.0	  0.6503378
1839.0	  0.652027
1841.0	  0.652027
1843.0	  0.652027
1845.0	  0.652027
1847.0	  0.652027
1849.0	  0.652027
1851.0	  0.652027
1853.0	  0.652027
1855.0	  0.652027
1857.0	  0.652027
1859.0	  0.652027
1861.0	  0.652027
1863.0	  0.652027
1865.0	  0.6537162
1867.0	  0.6537162
1869.0	  0.6554054
1871.0	  0.6570946
1873.0	  0.6587838
1875.0	  0.660473
1877.0	  0.660473
1879.0	  0.660473
1881.0	  0.6672297
1883.0	  0.6672297
1885.0	  0.6672297
1887.0	  0.6672297
1889.0	  0.6672297
1891.0	  0.6689189
1893.0	  0.6689189
1895.0	  0.6689189
1897.0	  0.6689189
1899.0	  0.6689189
1901.0	  0.6689189
1903.0	  0.6722973
1905.0	  0.6722973
1907.0	  0.6722973
1909.0	  0.6722973
1911.0	  0.6722973
1913.0	  0.6722973
1915.0	  0.6739865
1917.0	  0.6739865
1919.0	  0.6739865
1921.0	  0.6739865
1923.0	  0.6739865
1925.0	  0.6773649
1927.0	  0.6773649
1929.0	  0.6773649
1931.0	  0.6773649
1933.0	  0.6790541
1935.0	  0.6790541
1937.0	  0.6790541
1939.0	  0.6790541
1941.0	  0.6807432
1943.0	  0.6824324
1945.0	  0.6824324
1947.0	  0.6824324
1949.0	  0.6824324
1951.0	  0.6841216
1953.0	  0.6841216
1955.0	  0.6858108
1957.0	  0.6858108
1959.0	  0.6858108
1961.0	  0.6858108
1963.0	  0.6858108
1965.0	  0.6858108
1967.0	  0.6858108
1969.0	  0.6858108
1971.0	  0.6875
1973.0	  0.6875
1975.0	  0.6875
1977.0	  0.6891892
1979.0	  0.6891892
1981.0	  0.6891892
1983.0	  0.6891892
1985.0	  0.6891892
1987.0	  0.6891892
1989.0	  0.6925676
1991.0	  0.6942568
1993.0	  0.6959459
1995.0	  0.6959459
1997.0	  0.6976351
1999.0	  0.6976351
2001.0	  0.6993243
2003.0	  0.6993243
2005.0	  0.6993243
2007.0	  0.6993243
2009.0	  0.7010135
2011.0	  0.7010135
2013.0	  0.7010135
2015.0	  0.7010135
2017.0	  0.7010135
2019.0	  0.7027027
2021.0	  0.7043919
2023.0	  0.7043919
2025.0	  0.7043919
2027.0	  0.7043919
2029.0	  0.7043919
2031.0	  0.7043919
2033.0	  0.7043919
2035.0	  0.7060811
2037.0	  0.7060811
2039.0	  0.7060811
2041.0	  0.7077703
2043.0	  0.7077703
2045.0	  0.7077703
2047.0	  0.7077703
2049.0	  0.7077703
2051.0	  0.7094595
2053.0	  0.7128378
2055.0	  0.7128378
2057.0	  0.7128378
2059.0	  0.7128378
2061.0	  0.7128378
2063.0	  0.7162162
2065.0	  0.7162162
2067.0	  0.7162162
2069.0	  0.7179054
2071.0	  0.7179054
2073.0	  0.7179054
2075.0	  0.7179054
2077.0	  0.7179054
2079.0	  0.7179054
2081.0	  0.7195946
2083.0	  0.7195946
2085.0	  0.7195946
2087.0	  0.7195946
2089.0	  0.7195946
2091.0	  0.7195946
2093.0	  0.7195946
2095.0	  0.7195946
2097.0	  0.7195946
2099.0	  0.7195946
2101.0	  0.722973
2103.0	  0.7246622
2105.0	  0.7246622
2107.0	  0.7246622
2109.0	  0.7246622
2111.0	  0.7246622
2113.0	  0.7246622
2115.0	  0.7246622
2117.0	  0.7263514
2119.0	  0.7263514
2121.0	  0.7263514
2123.0	  0.7263514
2125.0	  0.7263514
2127.0	  0.7280405
2129.0	  0.7297297
2131.0	  0.7314189
2133.0	  0.7314189
2135.0	  0.7314189
2137.0	  0.7314189
2139.0	  0.7331081
2141.0	  0.7331081
2143.0	  0.7331081
2145.0	  0.7331081
2147.0	  0.7331081
2149.0	  0.7347973
2151.0	  0.7347973
2153.0	  0.7347973
2155.0	  0.7347973
2157.0	  0.7381757
2159.0	  0.7398649
2161.0	  0.7398649
2163.0	  0.7398649
2165.0	  0.7398649
2167.0	  0.7398649
2169.0	  0.7398649
2171.0	  0.7398649
2173.0	  0.7398649
2175.0	  0.7398649
2177.0	  0.7415541
2179.0	  0.7432432
2181.0	  0.7449324
2183.0	  0.7449324
2185.0	  0.7449324
2187.0	  0.7449324
2189.0	  0.7449324
2191.0	  0.7449324
2193.0	  0.7449324
2195.0	  0.7449324
2197.0	  0.7466216
2199.0	  0.7466216
2201.0	  0.75
2203.0	  0.7516892
2205.0	  0.7516892
2207.0	  0.7516892
2209.0	  0.7516892
2211.0	  0.7516892
2213.0	  0.7516892
2215.0	  0.7533784
2217.0	  0.7550676
2219.0	  0.7567568
2221.0	  0.7567568
2223.0	  0.7567568
2225.0	  0.7567568
2227.0	  0.7567568
2229.0	  0.7584459
2231.0	  0.7584459
2233.0	  0.7584459
2235.0	  0.7584459
2237.0	  0.7584459
2239.0	  0.7601351
2241.0	  0.7618243
2243.0	  0.7618243
2245.0	  0.7618243
2247.0	  0.7618243
2249.0	  0.7618243
2251.0	  0.7635135
2253.0	  0.7635135
2255.0	  0.7635135
2257.0	  0.7635135
2259.0	  0.7635135
2261.0	  0.7652027
2263.0	  0.7652027
2265.0	  0.7652027
2267.0	  0.7668919
2269.0	  0.7668919
2271.0	  0.7685811
2273.0	  0.7702703
2275.0	  0.7719595
2277.0	  0.7736486
2279.0	  0.7736486
2281.0	  0.7736486
2283.0	  0.7736486
2285.0	  0.7736486
2287.0	  0.7736486
2289.0	  0.7736486
2291.0	  0.7736486
2293.0	  0.7736486
2295.0	  0.7753378
2297.0	  0.777027
2299.0	  0.7787162
2301.0	  0.7787162
2303.0	  0.7787162
2305.0	  0.7787162
2307.0	  0.7787162
2309.0	  0.7804054
2311.0	  0.7804054
2313.0	  0.7804054
2315.0	  0.7804054
2317.0	  0.7820946
2319.0	  0.7837838
2321.0	  0.7837838
2323.0	  0.7837838
2325.0	  0.785473
2327.0	  0.785473
2329.0	  0.7871622
2331.0	  0.7871622
2333.0	  0.7871622
2335.0	  0.7871622
2337.0	  0.7871622
2339.0	  0.7905405
2341.0	  0.7922297
2343.0	  0.7922297
2345.0	  0.7922297
2347.0	  0.7922297
2349.0	  0.7939189
2351.0	  0.7939189
2353.0	  0.7939189
2355.0	  0.7956081
2357.0	  0.7972973
2359.0	  0.7972973
2361.0	  0.7972973
2363.0	  0.7972973
2365.0	  0.7972973
2367.0	  0.7972973
2369.0	  0.7972973
2371.0	  0.7972973
2373.0	  0.7972973
2375.0	  0.7989865
2377.0	  0.7989865
2379.0	  0.8006757
2381.0	  0.8023649
2383.0	  0.8023649
2385.0	  0.8023649
2387.0	  0.8023649
2389.0	  0.8040541
2391.0	  0.8040541
2393.0	  0.8040541
2395.0	  0.8040541
2397.0	  0.8040541
2399.0	  0.8057432
2401.0	  0.8074324
2403.0	  0.8074324
2405.0	  0.8091216
2407.0	  0.8091216
2409.0	  0.8125
2411.0	  0.8141892
2413.0	  0.8141892
2415.0	  0.8158784
2417.0	  0.8158784
2419.0	  0.8158784
2421.0	  0.8158784
2423.0	  0.8175676
2425.0	  0.8192568
2427.0	  0.8209459
2429.0	  0.8209459
2431.0	  0.8209459
2433.0	  0.8209459
2435.0	  0.8209459
2437.0	  0.8209459
2439.0	  0.8209459
2441.0	  0.8209459
2443.0	  0.8209459
2445.0	  0.8209459
2447.0	  0.8209459
2449.0	  0.8209459
2451.0	  0.8209459
2453.0	  0.8209459
2455.0	  0.8243243
2457.0	  0.8243243
2459.0	  0.8260135
2461.0	  0.8260135
2463.0	  0.8260135
2465.0	  0.8260135
2467.0	  0.8277027
2469.0	  0.8277027
2471.0	  0.8277027
2473.0	  0.8277027
2475.0	  0.8277027
2477.0	  0.8293919
2479.0	  0.8310811
2481.0	  0.8310811
2483.0	  0.8310811
2485.0	  0.8310811
2487.0	  0.8310811
2489.0	  0.8310811
2491.0	  0.8310811
2493.0	  0.8327703
2495.0	  0.8344595
2497.0	  0.8344595
2499.0	  0.8361486
2501.0	  0.8378378
2503.0	  0.839527
2505.0	  0.839527
2507.0	  0.839527
2509.0	  0.839527
2511.0	  0.839527
2513.0	  0.839527
2515.0	  0.839527
2517.0	  0.839527
2519.0	  0.8412162
2521.0	  0.8412162
2523.0	  0.8412162
2525.0	  0.8412162
2527.0	  0.8412162
2529.0	  0.8412162
2531.0	  0.8412162
2533.0	  0.8412162
2535.0	  0.8429054
2537.0	  0.8429054
2539.0	  0.8462838
2541.0	  0.847973
2543.0	  0.8496622
2545.0	  0.8496622
2547.0	  0.8513514
2549.0	  0.8530405
2551.0	  0.8530405
2553.0	  0.8547297
2555.0	  0.8547297
2557.0	  0.8547297
2559.0	  0.8564189
2561.0	  0.8564189
2563.0	  0.8564189
2565.0	  0.8564189
2567.0	  0.8564189
2569.0	  0.8564189
2571.0	  0.8564189
2573.0	  0.8564189
2575.0	  0.8581081
2577.0	  0.8581081
2579.0	  0.8581081
2581.0	  0.8581081
2583.0	  0.8581081
2585.0	  0.8581081
2587.0	  0.8581081
2589.0	  0.8581081
2591.0	  0.8581081
2593.0	  0.8597973
2595.0	  0.8597973
2597.0	  0.8597973
2599.0	  0.8597973
2601.0	  0.8597973
2603.0	  0.8597973
2605.0	  0.8614865
2607.0	  0.8631757
2609.0	  0.8631757
2611.0	  0.8631757
2613.0	  0.8648649
2615.0	  0.8665541
2617.0	  0.8665541
2619.0	  0.8665541
2621.0	  0.8682432
2623.0	  0.8682432
2625.0	  0.8682432
2627.0	  0.8682432
2629.0	  0.8682432
2631.0	  0.8699324
2633.0	  0.8699324
2635.0	  0.8699324
2637.0	  0.8716216
2639.0	  0.8716216
2641.0	  0.8716216
2643.0	  0.8716216
2645.0	  0.8716216
2647.0	  0.8716216
2649.0	  0.8716216
2651.0	  0.8733108
2653.0	  0.875
2655.0	  0.875
2657.0	  0.8766892
2659.0	  0.8766892
2661.0	  0.8766892
2663.0	  0.8766892
2665.0	  0.8766892
2667.0	  0.8766892
2669.0	  0.8766892
2671.0	  0.8766892
2673.0	  0.8766892
2675.0	  0.8766892
2677.0	  0.8783784
2679.0	  0.8783784
2681.0	  0.8800676
2683.0	  0.8800676
2685.0	  0.8800676
2687.0	  0.8817568
2689.0	  0.8834459
2691.0	  0.8851351
2693.0	  0.8851351
2695.0	  0.8851351
2697.0	  0.8851351
2699.0	  0.8851351
2701.0	  0.8868243
2703.0	  0.8868243
2705.0	  0.8868243
2707.0	  0.8885135
2709.0	  0.8902027
2711.0	  0.8902027
2713.0	  0.8902027
2715.0	  0.8902027
2717.0	  0.8902027
2719.0	  0.8902027
2721.0	  0.8902027
2723.0	  0.8902027
2725.0	  0.8918919
2727.0	  0.8935811
2729.0	  0.8935811
2731.0	  0.8935811
2733.0	  0.8935811
2735.0	  0.8935811
2737.0	  0.8935811
2739.0	  0.8935811
2741.0	  0.8935811
2743.0	  0.8935811
2745.0	  0.8969595
2747.0	  0.8969595
2749.0	  0.8969595
2751.0	  0.8969595
2753.0	  0.8969595
2755.0	  0.8969595
2757.0	  0.8969595
2759.0	  0.8969595
2761.0	  0.8969595
2763.0	  0.8986486
2765.0	  0.9003378
2767.0	  0.9003378
2769.0	  0.902027
2771.0	  0.902027
2773.0	  0.902027
2775.0	  0.9037162
2777.0	  0.9037162
2779.0	  0.9037162
2781.0	  0.9037162
2783.0	  0.9054054
2785.0	  0.9054054
2787.0	  0.9054054
2789.0	  0.9054054
2791.0	  0.9054054
2793.0	  0.9054054
2795.0	  0.9070946
2797.0	  0.9070946
2799.0	  0.9070946
2801.0	  0.9087838
2803.0	  0.9087838
2805.0	  0.9087838
2807.0	  0.9087838
2809.0	  0.9087838
2811.0	  0.9087838
2813.0	  0.9087838
2815.0	  0.9087838
2817.0	  0.9087838
2819.0	  0.910473
2821.0	  0.910473
2823.0	  0.910473
2825.0	  0.910473
2827.0	  0.9121622
2829.0	  0.9138514
2831.0	  0.9138514
2833.0	  0.9138514
2835.0	  0.9138514
2837.0	  0.9138514
2839.0	  0.9172297
2841.0	  0.9172297
2843.0	  0.9172297
2845.0	  0.9189189
2847.0	  0.9189189
2849.0	  0.9189189
2851.0	  0.9206081
2853.0	  0.9206081
2855.0	  0.9206081
2857.0	  0.9206081
2859.0	  0.9222973
2861.0	  0.9222973
2863.0	  0.9239865
2865.0	  0.9239865
2867.0	  0.9239865
2869.0	  0.9239865
2871.0	  0.9239865
2873.0	  0.9239865
2875.0	  0.9239865
2877.0	  0.9256757
2879.0	  0.9256757
2881.0	  0.9256757
2883.0	  0.9273649
2885.0	  0.9273649
2887.0	  0.9273649
2889.0	  0.9273649
2891.0	  0.9273649
2893.0	  0.9273649
2895.0	  0.9273649
2897.0	  0.9273649
2899.0	  0.9273649
2901.0	  0.9273649
2903.0	  0.9273649
2905.0	  0.9273649
2907.0	  0.9290541
2909.0	  0.9290541
2911.0	  0.9290541
2913.0	  0.9290541
2915.0	  0.9307432
2917.0	  0.9307432
2919.0	  0.9307432
2921.0	  0.9307432
2923.0	  0.9307432
2925.0	  0.9324324
2927.0	  0.9324324
2929.0	  0.9324324
2931.0	  0.9324324
2933.0	  0.9375
2935.0	  0.9375
2937.0	  0.9375
2939.0	  0.9375
2941.0	  0.9375
2943.0	  0.9375
2945.0	  0.9375
2947.0	  0.9375
2949.0	  0.9375
2951.0	  0.9391892
2953.0	  0.9391892
2955.0	  0.9391892
2957.0	  0.9391892
2959.0	  0.9391892
2961.0	  0.9391892
2963.0	  0.9391892
2965.0	  0.9408784
2967.0	  0.9425676
2969.0	  0.9425676
2971.0	  0.9425676
2973.0	  0.9425676
2975.0	  0.9425676
2977.0	  0.9442568
2979.0	  0.9442568
2981.0	  0.9442568
2983.0	  0.9442568
2985.0	  0.9442568
2987.0	  0.9442568
2989.0	  0.9459459
2991.0	  0.9459459
2993.0	  0.9459459
2995.0	  0.9459459
2997.0	  0.9459459
2999.0	  0.9476351
3001.0	  0.9493243
3003.0	  0.9493243
3005.0	  0.9493243
3007.0	  0.9493243
3009.0	  0.9510135
3011.0	  0.9510135
3013.0	  0.9510135
3015.0	  0.9510135
3017.0	  0.9510135
3019.0	  0.9510135
3021.0	  0.9527027
3023.0	  0.9527027
3025.0	  0.9527027
3027.0	  0.9527027
3029.0	  0.9527027
3031.0	  0.9527027
3033.0	  0.9527027
3035.0	  0.9527027
3037.0	  0.9527027
3039.0	  0.9527027
3041.0	  0.9527027
3043.0	  0.9527027
3045.0	  0.9560811
3047.0	  0.9560811
3049.0	  0.9560811
3051.0	  0.9560811
3053.0	  0.9560811
3055.0	  0.9560811
3057.0	  0.9560811
3059.0	  0.9560811
3061.0	  0.9560811
3063.0	  0.9560811
3065.0	  0.9577703
3067.0	  0.9577703
3069.0	  0.9594595
3071.0	  0.9594595
3073.0	  0.9594595
3075.0	  0.9611486
3077.0	  0.9611486
3079.0	  0.9611486
3081.0	  0.9611486
3083.0	  0.9611486
3085.0	  0.9611486
3087.0	  0.9611486
3089.0	  0.9628378
3091.0	  0.9628378
3093.0	  0.9628378
3095.0	  0.9628378
3097.0	  0.9628378
3099.0	  0.9628378
3101.0	  0.9628378
3103.0	  0.964527
3105.0	  0.9662162
3107.0	  0.9662162
3109.0	  0.9662162
3111.0	  0.9662162
3113.0	  0.9679054
3115.0	  0.9679054
3117.0	  0.9679054
3119.0	  0.9679054
3121.0	  0.9679054
3123.0	  0.9679054
3125.0	  0.9679054
3127.0	  0.9679054
3129.0	  0.9679054
3131.0	  0.9679054
3133.0	  0.9679054
3135.0	  0.9679054
3137.0	  0.9679054
3139.0	  0.9679054
3141.0	  0.9679054
3143.0	  0.9679054
3145.0	  0.9695946
3147.0	  0.9695946
3149.0	  0.9712838
3151.0	  0.9712838
3153.0	  0.9712838
3155.0	  0.9712838
3157.0	  0.972973
3159.0	  0.9746622
3161.0	  0.9746622
3163.0	  0.9746622
3165.0	  0.9746622
3167.0	  0.9746622
3169.0	  0.9746622
3171.0	  0.9746622
3173.0	  0.9746622
3175.0	  0.9746622
3177.0	  0.9746622
3179.0	  0.9746622
3181.0	  0.9746622
3183.0	  0.9763514
3185.0	  0.9763514
3187.0	  0.9763514
3189.0	  0.9763514
3191.0	  0.9763514
3193.0	  0.9763514
3195.0	  0.9763514
3197.0	  0.9763514
3199.0	  0.9763514
3201.0	  0.9780405
3203.0	  0.9780405
3205.0	  0.9780405
3207.0	  0.9780405
3209.0	  0.9780405
3211.0	  0.9780405
3213.0	  0.9780405
3215.0	  0.9797297
3217.0	  0.9797297
3219.0	  0.9797297
3221.0	  0.9797297
3223.0	  0.9797297
3225.0	  0.9797297
3227.0	  0.9814189
3229.0	  0.9814189
3231.0	  0.9814189
3233.0	  0.9814189
3235.0	  0.9814189
3237.0	  0.9814189
3239.0	  0.9814189
3241.0	  0.9814189
3243.0	  0.9831081
3245.0	  0.9831081
3247.0	  0.9831081
3249.0	  0.9831081
3251.0	  0.9831081
3253.0	  0.9831081
3255.0	  0.9831081
3257.0	  0.9831081
3259.0	  0.9831081
3261.0	  0.9831081
3263.0	  0.9831081
3265.0	  0.9831081
3267.0	  0.9831081
3269.0	  0.9831081
3271.0	  0.9847973
3273.0	  0.9847973
3275.0	  0.9847973
3277.0	  0.9847973
3279.0	  0.9847973
3281.0	  0.9847973
3283.0	  0.9864865
3285.0	  0.9864865
3287.0	  0.9881757
3289.0	  0.9881757
3291.0	  0.9881757
3293.0	  0.9881757
3295.0	  0.9898649
3297.0	  0.9898649
3299.0	  0.9898649
3301.0	  0.9898649
3303.0	  0.9898649
3305.0	  0.9898649
3307.0	  0.9898649
3309.0	  0.9898649
3311.0	  0.9898649
3313.0	  0.9898649
3315.0	  0.9898649
3317.0	  0.9898649
3319.0	  0.9898649
3321.0	  0.9898649
3323.0	  0.9898649
3325.0	  0.9898649
3327.0	  0.9898649
3329.0	  0.9898649
3331.0	  0.9898649
3333.0	  0.9898649
3335.0	  0.9898649
3337.0	  0.9898649
3339.0	  0.9915541
3341.0	  0.9915541
3343.0	  0.9915541
3345.0	  0.9915541
3347.0	  0.9915541
3349.0	  0.9915541
3351.0	  0.9915541
3353.0	  0.9932432
3355.0	  0.9932432
3357.0	  0.9949324
3359.0	  0.9949324
3361.0	  0.9949324
3363.0	  0.9949324
3365.0	  0.9949324
3367.0	  0.9949324
3369.0	  0.9949324
3371.0	  0.9949324
3373.0	  0.9949324
3375.0	  0.9949324
3377.0	  0.9949324
3379.0	  0.9949324
3381.0	  0.9949324
3383.0	  0.9949324
3385.0	  0.9949324
3387.0	  0.9949324
3389.0	  0.9949324
3391.0	  0.9949324
3393.0	  0.9949324
3395.0	  0.9949324
3397.0	  0.9949324
3399.0	  0.9949324
3401.0	  0.9949324
3403.0	  0.9949324
3405.0	  0.9949324
3407.0	  0.9949324
3409.0	  0.9966216
3411.0	  0.9966216
3413.0	  0.9966216
3415.0	  0.9966216
3417.0	  0.9966216
3419.0	  0.9966216
3421.0	  0.9966216
3423.0	  0.9966216
3425.0	  0.9983108
3427.0	  0.9983108
3429.0	  0.9983108
3431.0	  0.9983108
3433.0	  0.9983108
3435.0	  0.9983108
3437.0	  0.9983108
3439.0	  0.9983108
3441.0	  0.9983108
3443.0	  0.9983108
3445.0	  0.9983108
3447.0	  0.9983108
3449.0	  0.9983108
3451.0	  0.9983108
3453.0	  0.9983108
3455.0	  0.9983108
3457.0	  0.9983108
3459.0	  0.9983108
3461.0	  0.9983108
3463.0	  0.9983108
3465.0	  0.9983108
3467.0	  0.9983108
3469.0	  0.9983108
3471.0	  0.9983108
3473.0	  0.9983108
3475.0	  0.9983108
3477.0	  0.9983108
3479.0	  0.9983108
3481.0	  0.9983108
3483.0	  0.9983108
3485.0	  0.9983108
3487.0	  0.9983108
3489.0	  0.9983108
3491.0	  0.9983108
3493.0	  1.0
3495.0	  1.0
3497.0	  1.0
3499.0	  1.0



DATASET #2

     Name: Rate-Weighted
   Points: 1750
     Info: 

Data[x,y]:
1.0	  0.0
3.0	  0.0
5.0	  0.0
7.0	  0.0
9.0	  0.0
11.0	  0.0
13.0	  0.0
15.0	  0.0
17.0	  0.0
19.0	  0.0
21.0	  0.0
23.0	  0.0
25.0	  0.0
27.0	  0.0
29.0	  0.0
31.0	  0.0
33.0	  0.0
35.0	  0.0
37.0	  0.0
39.0	  0.0
41.0	  0.0
43.0	  0.0
45.0	  0.0
47.0	  0.0
49.0	  0.0
51.0	  0.0
53.0	  0.0
55.0	  0.0
57.0	  0.0
59.0	  0.0
61.0	  0.0
63.0	  0.0
65.0	  0.0
67.0	  0.0
69.0	  0.0
71.0	  0.0
73.0	  0.0
75.0	  0.0
77.0	  0.0
79.0	  0.0
81.0	  0.0
83.0	  0.0
85.0	  0.0
87.0	  0.0
89.0	  0.0
91.0	  0.0
93.0	  0.0
95.0	  0.0
97.0	  0.0
99.0	  0.0
101.0	  0.0
103.0	  0.0
105.0	  0.0
107.0	  0.0
109.0	  0.0
111.0	  0.0
113.0	  0.0
115.0	  0.0
117.0	  0.0
119.0	  0.0
121.0	  0.0
123.0	  0.0
125.0	  0.0
127.0	  0.0
129.0	  0.0
131.0	  0.0
133.0	  0.0
135.0	  0.0
137.0	  0.077308066
139.0	  0.077308066
141.0	  0.077308066
143.0	  0.077308066
145.0	  0.077308066
147.0	  0.077308066
149.0	  0.11007632
151.0	  0.11007632
153.0	  0.11007632
155.0	  0.11007632
157.0	  0.11007632
159.0	  0.11007632
161.0	  0.210974
163.0	  0.210974
165.0	  0.210974
167.0	  0.210974
169.0	  0.210974
171.0	  0.210974
173.0	  0.210974
175.0	  0.210974
177.0	  0.210974
179.0	  0.210974
181.0	  0.210974
183.0	  0.210974
185.0	  0.210974
187.0	  0.210974
189.0	  0.210974
191.0	  0.210974
193.0	  0.210974
195.0	  0.210974
197.0	  0.210974
199.0	  0.37772405
201.0	  0.37772405
203.0	  0.37772405
205.0	  0.37772405
207.0	  0.3785574
209.0	  0.3785574
211.0	  0.3785574
213.0	  0.3785574
215.0	  0.3785574
217.0	  0.3785574
219.0	  0.3785574
221.0	  0.3785574
223.0	  0.3785574
225.0	  0.4268116
227.0	  0.4268116
229.0	  0.4268116
231.0	  0.4268116
233.0	  0.4268116
235.0	  0.4268116
237.0	  0.4268116
239.0	  0.4268116
241.0	  0.42710376
243.0	  0.42710376
245.0	  0.42710376
247.0	  0.42710376
249.0	  0.42710376
251.0	  0.42710376
253.0	  0.42710376
255.0	  0.42710376
257.0	  0.42710376
259.0	  0.511666
261.0	  0.511666
263.0	  0.511666
265.0	  0.511666
267.0	  0.511666
269.0	  0.511666
271.0	  0.511666
273.0	  0.511666
275.0	  0.5117324
277.0	  0.58094245
279.0	  0.58094245
281.0	  0.58094245
283.0	  0.58094317
285.0	  0.58094317
287.0	  0.5828788
289.0	  0.5828788
291.0	  0.5828788
293.0	  0.5828788
295.0	  0.5828788
297.0	  0.6158438
299.0	  0.6158438
301.0	  0.6158438
303.0	  0.6158438
305.0	  0.6158438
307.0	  0.6158438
309.0	  0.6158438
311.0	  0.61739755
313.0	  0.61739755
315.0	  0.61739755
317.0	  0.61739755
319.0	  0.61739755
321.0	  0.6189319
323.0	  0.6189319
325.0	  0.6189319
327.0	  0.6189319
329.0	  0.6189319
331.0	  0.6189319
333.0	  0.6189319
335.0	  0.6189319
337.0	  0.6189319
339.0	  0.6282384
341.0	  0.6282384
343.0	  0.6282384
345.0	  0.66932756
347.0	  0.66932756
349.0	  0.66932756
351.0	  0.66932756
353.0	  0.66932756
355.0	  0.66932756
357.0	  0.66960657
359.0	  0.66960657
361.0	  0.66960657
363.0	  0.670814
365.0	  0.670814
367.0	  0.670814
369.0	  0.670814
371.0	  0.670814
373.0	  0.670814
375.0	  0.670814
377.0	  0.670814
379.0	  0.670814
381.0	  0.670814
383.0	  0.670814
385.0	  0.6735731
387.0	  0.7041453
389.0	  0.7041453
391.0	  0.7043697
393.0	  0.7043697
395.0	  0.7043697
397.0	  0.7043697
399.0	  0.7043697
401.0	  0.70813775
403.0	  0.70813775
405.0	  0.70813775
407.0	  0.70813775
409.0	  0.70813775
411.0	  0.70813775
413.0	  0.70813775
415.0	  0.7228456
417.0	  0.7228456
419.0	  0.722897
421.0	  0.722897
423.0	  0.7326967
425.0	  0.7377269
427.0	  0.7377269
429.0	  0.7377269
431.0	  0.74079555
433.0	  0.74079555
435.0	  0.74079555
437.0	  0.74362105
439.0	  0.74362105
441.0	  0.74362105
443.0	  0.74362105
445.0	  0.74362105
447.0	  0.74362105
449.0	  0.74362105
451.0	  0.7552673
453.0	  0.7552673
455.0	  0.7552673
457.0	  0.7552673
459.0	  0.7579723
461.0	  0.7579723
463.0	  0.7579723
465.0	  0.7609362
467.0	  0.7609362
469.0	  0.7609362
471.0	  0.76810396
473.0	  0.76810396
475.0	  0.76810396
477.0	  0.76810396
479.0	  0.76810396
481.0	  0.76810396
483.0	  0.76810396
485.0	  0.76810396
487.0	  0.76810396
489.0	  0.76810396
491.0	  0.76810396
493.0	  0.76810396
495.0	  0.77168113
497.0	  0.77168113
499.0	  0.77933484
501.0	  0.77933484
503.0	  0.77933484
505.0	  0.77933484
507.0	  0.77933484
509.0	  0.78782463
511.0	  0.7878421
513.0	  0.7878421
515.0	  0.7878421
517.0	  0.80615145
519.0	  0.80615145
521.0	  0.80615145
523.0	  0.80615497
525.0	  0.80615497
527.0	  0.80615497
529.0	  0.80615497
531.0	  0.80615497
533.0	  0.80615497
535.0	  0.806229
537.0	  0.8064417
539.0	  0.8064417
541.0	  0.8064444
543.0	  0.8064444
545.0	  0.8064444
547.0	  0.8064444
549.0	  0.8064444
551.0	  0.80645066
553.0	  0.81336915
555.0	  0.81336915
557.0	  0.81336915
559.0	  0.81336915
561.0	  0.81336915
563.0	  0.81336915
565.0	  0.81336915
567.0	  0.81336915
569.0	  0.8172402
571.0	  0.8172402
573.0	  0.8172402
575.0	  0.8210956
577.0	  0.8210956
579.0	  0.8210956
581.0	  0.8210956
583.0	  0.8210956
585.0	  0.8210956
587.0	  0.8211192
589.0	  0.8211192
591.0	  0.8211192
593.0	  0.8211192
595.0	  0.8211192
597.0	  0.8211192
599.0	  0.8211192
601.0	  0.8211192
603.0	  0.8211192
605.0	  0.8211192
607.0	  0.8211192
609.0	  0.8211257
611.0	  0.8211257
613.0	  0.8211257
615.0	  0.8211257
617.0	  0.8211257
619.0	  0.8211257
621.0	  0.82116634
623.0	  0.82116634
625.0	  0.82119083
627.0	  0.82119083
629.0	  0.8211928
631.0	  0.8212331
633.0	  0.8212331
635.0	  0.8212331
637.0	  0.8332428
639.0	  0.8332428
641.0	  0.8332428
643.0	  0.8332464
645.0	  0.8332464
647.0	  0.8453381
649.0	  0.84534657
651.0	  0.8457268
653.0	  0.8457268
655.0	  0.8457268
657.0	  0.8457268
659.0	  0.8457268
661.0	  0.8457268
663.0	  0.8457268
665.0	  0.8457268
667.0	  0.8457268
669.0	  0.8457268
671.0	  0.8457268
673.0	  0.8457268
675.0	  0.8457268
677.0	  0.8457268
679.0	  0.8457268
681.0	  0.8457268
683.0	  0.8457268
685.0	  0.8457268
687.0	  0.8457268
689.0	  0.8457268
691.0	  0.858985
693.0	  0.858985
695.0	  0.8589861
697.0	  0.8589861
699.0	  0.8589861
701.0	  0.8589861
703.0	  0.8589861
705.0	  0.8589861
707.0	  0.86317796
709.0	  0.86318994
711.0	  0.8632132
713.0	  0.8632132
715.0	  0.8632132
717.0	  0.8632132
719.0	  0.8632132
721.0	  0.8632132
723.0	  0.8632132
725.0	  0.8632132
727.0	  0.8632132
729.0	  0.8632132
731.0	  0.8632132
733.0	  0.8632132
735.0	  0.8632132
737.0	  0.8632132
739.0	  0.8632132
741.0	  0.8632132
743.0	  0.8632132
745.0	  0.8632132
747.0	  0.8632132
749.0	  0.8701603
751.0	  0.8701603
753.0	  0.8701603
755.0	  0.8701603
757.0	  0.8701603
759.0	  0.87016517
761.0	  0.87016517
763.0	  0.87184113
765.0	  0.87184113
767.0	  0.87184113
769.0	  0.87184113
771.0	  0.87184113
773.0	  0.87184113
775.0	  0.8777965
777.0	  0.8777965
779.0	  0.8777965
781.0	  0.8778105
783.0	  0.8778105
785.0	  0.8778105
787.0	  0.87781304
789.0	  0.87781304
791.0	  0.87781304
793.0	  0.87781423
795.0	  0.87781423
797.0	  0.87781423
799.0	  0.87781423
801.0	  0.87781423
803.0	  0.88952357
805.0	  0.890926
807.0	  0.890926
809.0	  0.890926
811.0	  0.890926
813.0	  0.890926
815.0	  0.890926
817.0	  0.890926
819.0	  0.890926
821.0	  0.890926
823.0	  0.890926
825.0	  0.890926
827.0	  0.89094865
829.0	  0.89142895
831.0	  0.89142895
833.0	  0.89142895
835.0	  0.89142895
837.0	  0.89142895
839.0	  0.89142895
841.0	  0.89142895
843.0	  0.89142895
845.0	  0.89142895
847.0	  0.89142895
849.0	  0.8921935
851.0	  0.89219844
853.0	  0.89219844
855.0	  0.8922038
857.0	  0.8922038
859.0	  0.8922038
861.0	  0.8922229
863.0	  0.8966581
865.0	  0.8966581
867.0	  0.8966581
869.0	  0.8966581
871.0	  0.8966581
873.0	  0.8966581
875.0	  0.8966581
877.0	  0.8966581
879.0	  0.8966581
881.0	  0.8966581
883.0	  0.8966581
885.0	  0.89720315
887.0	  0.897216
889.0	  0.897216
891.0	  0.897216
893.0	  0.897216
895.0	  0.897216
897.0	  0.9047567
899.0	  0.9047567
901.0	  0.9047567
903.0	  0.9047567
905.0	  0.9047567
907.0	  0.90489167
909.0	  0.90489167
911.0	  0.90489167
913.0	  0.90489167
915.0	  0.90489167
917.0	  0.90489167
919.0	  0.9048965
921.0	  0.9048965
923.0	  0.9048982
925.0	  0.9048982
927.0	  0.9048982
929.0	  0.9048982
931.0	  0.9049103
933.0	  0.9049103
935.0	  0.9049268
937.0	  0.9049268
939.0	  0.9049268
941.0	  0.90495664
943.0	  0.90495664
945.0	  0.90495664
947.0	  0.906761
949.0	  0.90681654
951.0	  0.90681654
953.0	  0.9081122
955.0	  0.9081122
957.0	  0.9081122
959.0	  0.9081122
961.0	  0.9081122
963.0	  0.9081122
965.0	  0.9081243
967.0	  0.9094157
969.0	  0.9094157
971.0	  0.9094357
973.0	  0.9094357
975.0	  0.9094357
977.0	  0.90947646
979.0	  0.90947646
981.0	  0.90947646
983.0	  0.90947646
985.0	  0.90947646
987.0	  0.9104795
989.0	  0.9104795
991.0	  0.9104795
993.0	  0.9104795
995.0	  0.9104795
997.0	  0.9104795
999.0	  0.9104795
1001.0	  0.9104795
1003.0	  0.9104795
1005.0	  0.9104795
1007.0	  0.9104795
1009.0	  0.9104795
1011.0	  0.9104852
1013.0	  0.9104852
1015.0	  0.9104852
1017.0	  0.9128017
1019.0	  0.9128017
1021.0	  0.9128017
1023.0	  0.9128017
1025.0	  0.9128017
1027.0	  0.9128313
1029.0	  0.9128313
1031.0	  0.9128313
1033.0	  0.9128313
1035.0	  0.9128403
1037.0	  0.9128403
1039.0	  0.9128403
1041.0	  0.9128403
1043.0	  0.9128403
1045.0	  0.9128431
1047.0	  0.9128431
1049.0	  0.9128431
1051.0	  0.91284466
1053.0	  0.92015755
1055.0	  0.92015755
1057.0	  0.920176
1059.0	  0.920176
1061.0	  0.920176
1063.0	  0.920176
1065.0	  0.920176
1067.0	  0.920176
1069.0	  0.92124957
1071.0	  0.92124957
1073.0	  0.92124957
1075.0	  0.92124957
1077.0	  0.92124957
1079.0	  0.9232426
1081.0	  0.9232426
1083.0	  0.9232438
1085.0	  0.9232438
1087.0	  0.9232482
1089.0	  0.9232482
1091.0	  0.9232482
1093.0	  0.9232482
1095.0	  0.9232482
1097.0	  0.92338455
1099.0	  0.92338455
1101.0	  0.9237874
1103.0	  0.9237874
1105.0	  0.92379814
1107.0	  0.92379814
1109.0	  0.92379814
1111.0	  0.92379814
1113.0	  0.92379814
1115.0	  0.92927814
1117.0	  0.92927814
1119.0	  0.9292821
1121.0	  0.9292821
1123.0	  0.9292821
1125.0	  0.9292821
1127.0	  0.9292821
1129.0	  0.9292821
1131.0	  0.9292821
1133.0	  0.9292821
1135.0	  0.9292821
1137.0	  0.9292821
1139.0	  0.9296504
1141.0	  0.9296504
1143.0	  0.9296504
1145.0	  0.9296504
1147.0	  0.9296504
1149.0	  0.93164796
1151.0	  0.93164796
1153.0	  0.93164796
1155.0	  0.93164796
1157.0	  0.93164796
1159.0	  0.93164796
1161.0	  0.93164796
1163.0	  0.93164796
1165.0	  0.93164796
1167.0	  0.93164796
1169.0	  0.93164796
1171.0	  0.93164796
1173.0	  0.93164796
1175.0	  0.93166655
1177.0	  0.9322948
1179.0	  0.9322948
1181.0	  0.9322948
1183.0	  0.9322948
1185.0	  0.9322948
1187.0	  0.9322948
1189.0	  0.9322948
1191.0	  0.9360538
1193.0	  0.9360538
1195.0	  0.93843615
1197.0	  0.93843615
1199.0	  0.93846786
1201.0	  0.93846786
1203.0	  0.93846786
1205.0	  0.93846786
1207.0	  0.94208676
1209.0	  0.94208676
1211.0	  0.94208676
1213.0	  0.9420896
1215.0	  0.9420896
1217.0	  0.94307905
1219.0	  0.94307905
1221.0	  0.943148
1223.0	  0.943148
1225.0	  0.943148
1227.0	  0.943148
1229.0	  0.9431599
1231.0	  0.9441945
1233.0	  0.9441945
1235.0	  0.9441945
1237.0	  0.9441945
1239.0	  0.9441945
1241.0	  0.9441945
1243.0	  0.9441945
1245.0	  0.9441945
1247.0	  0.9441945
1249.0	  0.9442022
1251.0	  0.9442022
1253.0	  0.9442022
1255.0	  0.9442022
1257.0	  0.94422126
1259.0	  0.94422126
1261.0	  0.94422126
1263.0	  0.94422126
1265.0	  0.94422126
1267.0	  0.94422126
1269.0	  0.94422126
1271.0	  0.94422126
1273.0	  0.94422126
1275.0	  0.94422126
1277.0	  0.9442852
1279.0	  0.9442852
1281.0	  0.9442852
1283.0	  0.9442852
1285.0	  0.9442852
1287.0	  0.9465461
1289.0	  0.9465461
1291.0	  0.9465461
1293.0	  0.94654673
1295.0	  0.94654673
1297.0	  0.94654673
1299.0	  0.94654673
1301.0	  0.94654673
1303.0	  0.94660115
1305.0	  0.94660115
1307.0	  0.94660115
1309.0	  0.94660115
1311.0	  0.9466091
1313.0	  0.9466091
1315.0	  0.9466091
1317.0	  0.9466091
1319.0	  0.9466091
1321.0	  0.9466091
1323.0	  0.9466091
1325.0	  0.9466091
1327.0	  0.9466091
1329.0	  0.9475484
1331.0	  0.9475484
1333.0	  0.9475484
1335.0	  0.9475484
1337.0	  0.94855124
1339.0	  0.94855124
1341.0	  0.94855124
1343.0	  0.94855124
1345.0	  0.94855124
1347.0	  0.94855124
1349.0	  0.94855124
1351.0	  0.94855124
1353.0	  0.94855124
1355.0	  0.95172507
1357.0	  0.95172507
1359.0	  0.9517499
1361.0	  0.9517499
1363.0	  0.9525605
1365.0	  0.9525605
1367.0	  0.9525605
1369.0	  0.9525605
1371.0	  0.9525605
1373.0	  0.95256704
1375.0	  0.95256704
1377.0	  0.95256704
1379.0	  0.9525706
1381.0	  0.9525706
1383.0	  0.9525706
1385.0	  0.9525706
1387.0	  0.9525706
1389.0	  0.9525706
1391.0	  0.9525706
1393.0	  0.9525706
1395.0	  0.9525706
1397.0	  0.9525706
1399.0	  0.95257306
1401.0	  0.95257306
1403.0	  0.95257306
1405.0	  0.95257306
1407.0	  0.95257306
1409.0	  0.95257306
1411.0	  0.95257306
1413.0	  0.95257306
1415.0	  0.95257306
1417.0	  0.95257306
1419.0	  0.95257306
1421.0	  0.95257306
1423.0	  0.95257306
1425.0	  0.95257306
1427.0	  0.95257306
1429.0	  0.95257306
1431.0	  0.95257306
1433.0	  0.9525795
1435.0	  0.9525795
1437.0	  0.9525795
1439.0	  0.9525879
1441.0	  0.9525879
1443.0	  0.9525879
1445.0	  0.9525879
1447.0	  0.9525879
1449.0	  0.9525879
1451.0	  0.9525879
1453.0	  0.95259935
1455.0	  0.95259935
1457.0	  0.95259935
1459.0	  0.95259935
1461.0	  0.95259935
1463.0	  0.95259935
1465.0	  0.95259935
1467.0	  0.9558144
1469.0	  0.9558144
1471.0	  0.9558144
1473.0	  0.9558144
1475.0	  0.9558144
1477.0	  0.9558951
1479.0	  0.9558951
1481.0	  0.9559427
1483.0	  0.9559427
1485.0	  0.9559427
1487.0	  0.95743877
1489.0	  0.9598857
1491.0	  0.9598857
1493.0	  0.96079874
1495.0	  0.96079874
1497.0	  0.96079874
1499.0	  0.96079874
1501.0	  0.96079874
1503.0	  0.96079874
1505.0	  0.96079874
1507.0	  0.9608046
1509.0	  0.9608046
1511.0	  0.9608046
1513.0	  0.9608046
1515.0	  0.9608046
1517.0	  0.9608046
1519.0	  0.9608046
1521.0	  0.9608046
1523.0	  0.9608046
1525.0	  0.9608046
1527.0	  0.9608046
1529.0	  0.96080595
1531.0	  0.96080595
1533.0	  0.96080595
1535.0	  0.96080595
1537.0	  0.9610126
1539.0	  0.9610126
1541.0	  0.9610126
1543.0	  0.9610126
1545.0	  0.9610126
1547.0	  0.9610126
1549.0	  0.9610126
1551.0	  0.9610166
1553.0	  0.9610166
1555.0	  0.9610166
1557.0	  0.9610166
1559.0	  0.9610166
1561.0	  0.9610166
1563.0	  0.9610166
1565.0	  0.9610166
1567.0	  0.9610166
1569.0	  0.9610439
1571.0	  0.9610439
1573.0	  0.9610439
1575.0	  0.9610439
1577.0	  0.9610439
1579.0	  0.9610439
1581.0	  0.9610439
1583.0	  0.9610439
1585.0	  0.9610439
1587.0	  0.9610439
1589.0	  0.9610439
1591.0	  0.9610439
1593.0	  0.96104527
1595.0	  0.96104527
1597.0	  0.96104527
1599.0	  0.96104527
1601.0	  0.96104527
1603.0	  0.96104527
1605.0	  0.9619856
1607.0	  0.9619856
1609.0	  0.9619895
1611.0	  0.9619895
1613.0	  0.9619895
1615.0	  0.9619895
1617.0	  0.9619895
1619.0	  0.9619895
1621.0	  0.9619916
1623.0	  0.96311224
1625.0	  0.96311224
1627.0	  0.96311224
1629.0	  0.96311224
1631.0	  0.9631139
1633.0	  0.9631139
1635.0	  0.9631139
1637.0	  0.9631139
1639.0	  0.9631139
1641.0	  0.9631139
1643.0	  0.9631139
1645.0	  0.9631139
1647.0	  0.9631139
1649.0	  0.96311814
1651.0	  0.96311814
1653.0	  0.96311814
1655.0	  0.96311814
1657.0	  0.96311814
1659.0	  0.96311814
1661.0	  0.96311814
1663.0	  0.96311814
1665.0	  0.9631205
1667.0	  0.9631205
1669.0	  0.9631205
1671.0	  0.9631205
1673.0	  0.9631205
1675.0	  0.963132
1677.0	  0.963132
1679.0	  0.963132
1681.0	  0.963132
1683.0	  0.963132
1685.0	  0.963132
1687.0	  0.963132
1689.0	  0.963132
1691.0	  0.963132
1693.0	  0.963132
1695.0	  0.963132
1697.0	  0.963132
1699.0	  0.963132
1701.0	  0.963132
1703.0	  0.963132
1705.0	  0.963132
1707.0	  0.963132
1709.0	  0.963132
1711.0	  0.9631439
1713.0	  0.9631439
1715.0	  0.9631439
1717.0	  0.9631439
1719.0	  0.9631439
1721.0	  0.9631439
1723.0	  0.9631439
1725.0	  0.9631439
1727.0	  0.9631439
1729.0	  0.9631504
1731.0	  0.9631504
1733.0	  0.9631504
1735.0	  0.9631625
1737.0	  0.9631625
1739.0	  0.96316427
1741.0	  0.96316427
1743.0	  0.9636162
1745.0	  0.9636162
1747.0	  0.9636162
1749.0	  0.9636162
1751.0	  0.96604866
1753.0	  0.96604866
1755.0	  0.96604866
1757.0	  0.96604866
1759.0	  0.96604866
1761.0	  0.96604866
1763.0	  0.96604866
1765.0	  0.96605724
1767.0	  0.96605724
1769.0	  0.96605724
1771.0	  0.96605724
1773.0	  0.96605724
1775.0	  0.96605724
1777.0	  0.96605724
1779.0	  0.96605724
1781.0	  0.96605724
1783.0	  0.96605724
1785.0	  0.96605724
1787.0	  0.9660578
1789.0	  0.9660578
1791.0	  0.9660589
1793.0	  0.9660589
1795.0	  0.9662321
1797.0	  0.9662321
1799.0	  0.9662321
1801.0	  0.9662321
1803.0	  0.9662649
1805.0	  0.9662649
1807.0	  0.9662649
1809.0	  0.9662982
1811.0	  0.96630144
1813.0	  0.96630144
1815.0	  0.96630144
1817.0	  0.96630144
1819.0	  0.96630144
1821.0	  0.96630144
1823.0	  0.96630144
1825.0	  0.96630144
1827.0	  0.9663067
1829.0	  0.9663067
1831.0	  0.9663067
1833.0	  0.9663067
1835.0	  0.9663067
1837.0	  0.9663067
1839.0	  0.96631914
1841.0	  0.96631914
1843.0	  0.96631914
1845.0	  0.96631914
1847.0	  0.96631914
1849.0	  0.96631914
1851.0	  0.96631914
1853.0	  0.96631914
1855.0	  0.96631914
1857.0	  0.96631914
1859.0	  0.96631914
1861.0	  0.96631914
1863.0	  0.96631914
1865.0	  0.9663325
1867.0	  0.9663325
1869.0	  0.96663064
1871.0	  0.96663064
1873.0	  0.9669603
1875.0	  0.96696246
1877.0	  0.96696246
1879.0	  0.96696246
1881.0	  0.9737429
1883.0	  0.9737429
1885.0	  0.9737429
1887.0	  0.9737429
1889.0	  0.9737429
1891.0	  0.9738013
1893.0	  0.9738013
1895.0	  0.9738013
1897.0	  0.9738013
1899.0	  0.9738013
1901.0	  0.9738013
1903.0	  0.9743554
1905.0	  0.9743554
1907.0	  0.9743554
1909.0	  0.9743554
1911.0	  0.9743554
1913.0	  0.9743554
1915.0	  0.9743554
1917.0	  0.9743554
1919.0	  0.9743554
1921.0	  0.9743554
1923.0	  0.9743554
1925.0	  0.974365
1927.0	  0.974365
1929.0	  0.974365
1931.0	  0.974365
1933.0	  0.9743659
1935.0	  0.9743659
1937.0	  0.9743659
1939.0	  0.9743659
1941.0	  0.9743726
1943.0	  0.9743737
1945.0	  0.9743737
1947.0	  0.9743737
1949.0	  0.9743737
1951.0	  0.9743737
1953.0	  0.9743737
1955.0	  0.9743737
1957.0	  0.9743737
1959.0	  0.9743737
1961.0	  0.9743737
1963.0	  0.9743737
1965.0	  0.9743737
1967.0	  0.9743737
1969.0	  0.9743737
1971.0	  0.97437394
1973.0	  0.97437394
1975.0	  0.97437394
1977.0	  0.9743749
1979.0	  0.9743749
1981.0	  0.9743749
1983.0	  0.9743749
1985.0	  0.9743749
1987.0	  0.9743749
1989.0	  0.9743808
1991.0	  0.9743808
1993.0	  0.97439206
1995.0	  0.97439206
1997.0	  0.97467774
1999.0	  0.97467774
2001.0	  0.9746857
2003.0	  0.9746857
2005.0	  0.9746857
2007.0	  0.9746857
2009.0	  0.9746926
2011.0	  0.9746926
2013.0	  0.9746926
2015.0	  0.9746926
2017.0	  0.9746926
2019.0	  0.97469276
2021.0	  0.97469276
2023.0	  0.97469276
2025.0	  0.97469276
2027.0	  0.97469276
2029.0	  0.97469276
2031.0	  0.97469276
2033.0	  0.97469276
2035.0	  0.9746938
2037.0	  0.9746938
2039.0	  0.9746938
2041.0	  0.97469604
2043.0	  0.97469604
2045.0	  0.97469604
2047.0	  0.97469604
2049.0	  0.97469604
2051.0	  0.9747043
2053.0	  0.9758735
2055.0	  0.9758735
2057.0	  0.9758735
2059.0	  0.9758735
2061.0	  0.9758735
2063.0	  0.97601867
2065.0	  0.97601867
2067.0	  0.97601867
2069.0	  0.9764187
2071.0	  0.9764187
2073.0	  0.9764187
2075.0	  0.9764187
2077.0	  0.9764187
2079.0	  0.9764187
2081.0	  0.9764224
2083.0	  0.9764224
2085.0	  0.9764224
2087.0	  0.9764224
2089.0	  0.9764224
2091.0	  0.9764224
2093.0	  0.9764224
2095.0	  0.9764224
2097.0	  0.9764224
2099.0	  0.9764224
2101.0	  0.9764224
2103.0	  0.97642636
2105.0	  0.97642636
2107.0	  0.97642636
2109.0	  0.97642636
2111.0	  0.97642636
2113.0	  0.97642636
2115.0	  0.97642636
2117.0	  0.97642636
2119.0	  0.97642636
2121.0	  0.97642636
2123.0	  0.97642636
2125.0	  0.97642636
2127.0	  0.9764265
2129.0	  0.97642714
2131.0	  0.9776554
2133.0	  0.9776554
2135.0	  0.9776554
2137.0	  0.9776554
2139.0	  0.97852665
2141.0	  0.97852665
2143.0	  0.97852665
2145.0	  0.97852665
2147.0	  0.97852665
2149.0	  0.9785337
2151.0	  0.9785337
2153.0	  0.9785337
2155.0	  0.9785337
2157.0	  0.97884095
2159.0	  0.97884095
2161.0	  0.97884095
2163.0	  0.97884095
2165.0	  0.97884095
2167.0	  0.97884095
2169.0	  0.97884095
2171.0	  0.97884095
2173.0	  0.97884095
2175.0	  0.97884095
2177.0	  0.97884095
2179.0	  0.9802179
2181.0	  0.9802179
2183.0	  0.9802179
2185.0	  0.9802179
2187.0	  0.9802179
2189.0	  0.9802179
2191.0	  0.9802179
2193.0	  0.9802179
2195.0	  0.9802179
2197.0	  0.98021805
2199.0	  0.98021805
2201.0	  0.9805038
2203.0	  0.9805038
2205.0	  0.9805038
2207.0	  0.9805038
2209.0	  0.9805038
2211.0	  0.9805038
2213.0	  0.9805038
2215.0	  0.9805169
2217.0	  0.9805423
2219.0	  0.9805423
2221.0	  0.9805423
2223.0	  0.9805423
2225.0	  0.9805423
2227.0	  0.9805423
2229.0	  0.98055154
2231.0	  0.98055154
2233.0	  0.98055154
2235.0	  0.98055154
2237.0	  0.98055154
2239.0	  0.9805749
2241.0	  0.9805758
2243.0	  0.9805758
2245.0	  0.9805758
2247.0	  0.9805758
2249.0	  0.9805758
2251.0	  0.9805759
2253.0	  0.9805759
2255.0	  0.9805759
2257.0	  0.9805759
2259.0	  0.9805759
2261.0	  0.98057604
2263.0	  0.98057604
2265.0	  0.98057604
2267.0	  0.9805891
2269.0	  0.9805891
2271.0	  0.9805891
2273.0	  0.9811809
2275.0	  0.9815962
2277.0	  0.9815962
2279.0	  0.9815962
2281.0	  0.9815962
2283.0	  0.9815962
2285.0	  0.9815962
2287.0	  0.9815962
2289.0	  0.9815962
2291.0	  0.9815962
2293.0	  0.9815962
2295.0	  0.9817675
2297.0	  0.9822498
2299.0	  0.9822653
2301.0	  0.9822653
2303.0	  0.9822653
2305.0	  0.9822653
2307.0	  0.9822653
2309.0	  0.9822662
2311.0	  0.9822662
2313.0	  0.9822662
2315.0	  0.9822662
2317.0	  0.9832854
2319.0	  0.9832862
2321.0	  0.9832862
2323.0	  0.9832862
2325.0	  0.9832862
2327.0	  0.9832862
2329.0	  0.98446697
2331.0	  0.98446697
2333.0	  0.98446697
2335.0	  0.98446697
2337.0	  0.98446697
2339.0	  0.9844698
2341.0	  0.9844818
2343.0	  0.9844818
2345.0	  0.9844818
2347.0	  0.9844818
2349.0	  0.9849162
2351.0	  0.9849162
2353.0	  0.9849162
2355.0	  0.9849291
2357.0	  0.9849291
2359.0	  0.9849291
2361.0	  0.9849291
2363.0	  0.9849291
2365.0	  0.9849291
2367.0	  0.9849291
2369.0	  0.9849291
2371.0	  0.9849291
2373.0	  0.9849291
2375.0	  0.98493576
2377.0	  0.98493576
2379.0	  0.9849363
2381.0	  0.9849372
2383.0	  0.9849372
2385.0	  0.9849372
2387.0	  0.9849372
2389.0	  0.9849372
2391.0	  0.9849372
2393.0	  0.9849372
2395.0	  0.9849372
2397.0	  0.9849372
2399.0	  0.9849392
2401.0	  0.9849392
2403.0	  0.9849392
2405.0	  0.9849397
2407.0	  0.9849397
2409.0	  0.984942
2411.0	  0.984942
2413.0	  0.984942
2415.0	  0.984942
2417.0	  0.984942
2419.0	  0.984942
2421.0	  0.984942
2423.0	  0.98494214
2425.0	  0.98494214
2427.0	  0.98494226
2429.0	  0.98494226
2431.0	  0.98494226
2433.0	  0.98494226
2435.0	  0.98494226
2437.0	  0.98494226
2439.0	  0.98494226
2441.0	  0.98494226
2443.0	  0.98494226
2445.0	  0.98494226
2447.0	  0.98494226
2449.0	  0.98494226
2451.0	  0.98494226
2453.0	  0.98494226
2455.0	  0.9849475
2457.0	  0.9849475
2459.0	  0.98494834
2461.0	  0.98494834
2463.0	  0.98494834
2465.0	  0.98494834
2467.0	  0.98495436
2469.0	  0.98495436
2471.0	  0.98495436
2473.0	  0.98495436
2475.0	  0.98495436
2477.0	  0.98495436
2479.0	  0.98495436
2481.0	  0.98495436
2483.0	  0.98495436
2485.0	  0.98495436
2487.0	  0.98495436
2489.0	  0.98495436
2491.0	  0.98495436
2493.0	  0.98495847
2495.0	  0.98496
2497.0	  0.98496
2499.0	  0.98496
2501.0	  0.98496133
2503.0	  0.98496133
2505.0	  0.98496133
2507.0	  0.98496133
2509.0	  0.98496133
2511.0	  0.98496133
2513.0	  0.98496133
2515.0	  0.98496133
2517.0	  0.98496133
2519.0	  0.98496133
2521.0	  0.98496133
2523.0	  0.98496133
2525.0	  0.98496133
2527.0	  0.98496133
2529.0	  0.98496133
2531.0	  0.98496133
2533.0	  0.98496133
2535.0	  0.98496133
2537.0	  0.98496133
2539.0	  0.98496133
2541.0	  0.98496217
2543.0	  0.98496383
2545.0	  0.98496383
2547.0	  0.9849687
2549.0	  0.9849758
2551.0	  0.9849758
2553.0	  0.9849783
2555.0	  0.9849783
2557.0	  0.9849783
2559.0	  0.98498034
2561.0	  0.98498034
2563.0	  0.98498034
2565.0	  0.98498034
2567.0	  0.98498034
2569.0	  0.98498034
2571.0	  0.98498034
2573.0	  0.98498034
2575.0	  0.98498505
2577.0	  0.98498505
2579.0	  0.98498505
2581.0	  0.98498505
2583.0	  0.98498505
2585.0	  0.98498505
2587.0	  0.98498505
2589.0	  0.98498505
2591.0	  0.98498505
2593.0	  0.98608196
2595.0	  0.98608196
2597.0	  0.98608196
2599.0	  0.98608196
2601.0	  0.98608196
2603.0	  0.98608196
2605.0	  0.98608494
2607.0	  0.98608494
2609.0	  0.98608494
2611.0	  0.98608494
2613.0	  0.98608494
2615.0	  0.98608494
2617.0	  0.98608494
2619.0	  0.98608494
2621.0	  0.98608494
2623.0	  0.98608494
2625.0	  0.98608494
2627.0	  0.98608494
2629.0	  0.98608494
2631.0	  0.98608494
2633.0	  0.98608494
2635.0	  0.98608494
2637.0	  0.9860933
2639.0	  0.9860933
2641.0	  0.9860933
2643.0	  0.9860933
2645.0	  0.9860933
2647.0	  0.9860933
2649.0	  0.9860933
2651.0	  0.9860933
2653.0	  0.9860933
2655.0	  0.9860933
2657.0	  0.9861076
2659.0	  0.9861076
2661.0	  0.9861076
2663.0	  0.9861076
2665.0	  0.9861076
2667.0	  0.9861076
2669.0	  0.9861076
2671.0	  0.9861076
2673.0	  0.9861076
2675.0	  0.9861076
2677.0	  0.9861076
2679.0	  0.9861076
2681.0	  0.9861076
2683.0	  0.9861076
2685.0	  0.9861076
2687.0	  0.98632693
2689.0	  0.9863338
2691.0	  0.98634964
2693.0	  0.98634964
2695.0	  0.98634964
2697.0	  0.98634964
2699.0	  0.98634964
2701.0	  0.98634994
2703.0	  0.98634994
2705.0	  0.98634994
2707.0	  0.9864266
2709.0	  0.9864266
2711.0	  0.9864266
2713.0	  0.9864266
2715.0	  0.9864266
2717.0	  0.9864266
2719.0	  0.9864266
2721.0	  0.9864266
2723.0	  0.9864266
2725.0	  0.986427
2727.0	  0.986427
2729.0	  0.986427
2731.0	  0.986427
2733.0	  0.986427
2735.0	  0.986427
2737.0	  0.986427
2739.0	  0.986427
2741.0	  0.986427
2743.0	  0.986427
2745.0	  0.9871975
2747.0	  0.9871975
2749.0	  0.9871975
2751.0	  0.9871975
2753.0	  0.9871975
2755.0	  0.9871975
2757.0	  0.9871975
2759.0	  0.9871975
2761.0	  0.9871975
2763.0	  0.9871999
2765.0	  0.9873858
2767.0	  0.9873858
2769.0	  0.9873937
2771.0	  0.9873937
2773.0	  0.9873937
2775.0	  0.9874006
2777.0	  0.9874006
2779.0	  0.9874006
2781.0	  0.9874006
2783.0	  0.9874089
2785.0	  0.9874089
2787.0	  0.9874089
2789.0	  0.9874089
2791.0	  0.9874089
2793.0	  0.9874089
2795.0	  0.989459
2797.0	  0.989459
2799.0	  0.989459
2801.0	  0.98945993
2803.0	  0.98945993
2805.0	  0.98945993
2807.0	  0.98945993
2809.0	  0.98945993
2811.0	  0.98945993
2813.0	  0.98945993
2815.0	  0.98945993
2817.0	  0.98945993
2819.0	  0.98946345
2821.0	  0.98946345
2823.0	  0.98946345
2825.0	  0.98946345
2827.0	  0.99001384
2829.0	  0.9904868
2831.0	  0.9904868
2833.0	  0.9904868
2835.0	  0.9904868
2837.0	  0.9904868
2839.0	  0.990552
2841.0	  0.990552
2843.0	  0.990552
2845.0	  0.99096054
2847.0	  0.99096054
2849.0	  0.99096054
2851.0	  0.99113756
2853.0	  0.99113756
2855.0	  0.99113756
2857.0	  0.99113756
2859.0	  0.9911675
2861.0	  0.9911675
2863.0	  0.9911675
2865.0	  0.9911675
2867.0	  0.9911675
2869.0	  0.9911675
2871.0	  0.9911675
2873.0	  0.9911675
2875.0	  0.9911675
2877.0	  0.9911731
2879.0	  0.9911731
2881.0	  0.9911731
2883.0	  0.9920926
2885.0	  0.9920926
2887.0	  0.9920926
2889.0	  0.9920926
2891.0	  0.9920926
2893.0	  0.9920926
2895.0	  0.9920926
2897.0	  0.9920926
2899.0	  0.9920926
2901.0	  0.9920926
2903.0	  0.9920926
2905.0	  0.9920926
2907.0	  0.9921009
2909.0	  0.9921009
2911.0	  0.9921009
2913.0	  0.9921009
2915.0	  0.9922787
2917.0	  0.9922787
2919.0	  0.9922787
2921.0	  0.9922787
2923.0	  0.9922787
2925.0	  0.99270594
2927.0	  0.99270594
2929.0	  0.99270594
2931.0	  0.99270594
2933.0	  0.99332595
2935.0	  0.99332595
2937.0	  0.99332595
2939.0	  0.99332595
2941.0	  0.99332595
2943.0	  0.99332595
2945.0	  0.99332595
2947.0	  0.99332595
2949.0	  0.99332595
2951.0	  0.9933281
2953.0	  0.9933281
2955.0	  0.9933281
2957.0	  0.9933281
2959.0	  0.9933281
2961.0	  0.9933281
2963.0	  0.9933281
2965.0	  0.9933281
2967.0	  0.9933296
2969.0	  0.9933296
2971.0	  0.9933296
2973.0	  0.9933296
2975.0	  0.9933296
2977.0	  0.99334496
2979.0	  0.99334496
2981.0	  0.99334496
2983.0	  0.99334496
2985.0	  0.99334496
2987.0	  0.99334496
2989.0	  0.99334496
2991.0	  0.99334496
2993.0	  0.99334496
2995.0	  0.99334496
2997.0	  0.99334496
2999.0	  0.99334955
3001.0	  0.99335057
3003.0	  0.99335057
3005.0	  0.99335057
3007.0	  0.99335057
3009.0	  0.9933545
3011.0	  0.9933545
3013.0	  0.9933545
3015.0	  0.9933545
3017.0	  0.9933545
3019.0	  0.9933545
3021.0	  0.99537
3023.0	  0.99537
3025.0	  0.99537
3027.0	  0.99537
3029.0	  0.99537
3031.0	  0.99537
3033.0	  0.99537
3035.0	  0.99537
3037.0	  0.99537
3039.0	  0.99537
3041.0	  0.99537
3043.0	  0.99537
3045.0	  0.99589956
3047.0	  0.99589956
3049.0	  0.99589956
3051.0	  0.99589956
3053.0	  0.99589956
3055.0	  0.99589956
3057.0	  0.99589956
3059.0	  0.99589956
3061.0	  0.99589956
3063.0	  0.99589956
3065.0	  0.99589956
3067.0	  0.99589956
3069.0	  0.99589956
3071.0	  0.99589956
3073.0	  0.99589956
3075.0	  0.995905
3077.0	  0.995905
3079.0	  0.995905
3081.0	  0.995905
3083.0	  0.995905
3085.0	  0.995905
3087.0	  0.995905
3089.0	  0.9959167
3091.0	  0.9959167
3093.0	  0.9959167
3095.0	  0.9959167
3097.0	  0.9959167
3099.0	  0.9959167
3101.0	  0.9959167
3103.0	  0.9969282
3105.0	  0.99714494
3107.0	  0.99714494
3109.0	  0.99714494
3111.0	  0.99714494
3113.0	  0.99714595
3115.0	  0.99714595
3117.0	  0.99714595
3119.0	  0.99714595
3121.0	  0.99714595
3123.0	  0.99714595
3125.0	  0.99714595
3127.0	  0.99714595
3129.0	  0.99714595
3131.0	  0.99714595
3133.0	  0.99714595
3135.0	  0.99714595
3137.0	  0.99714595
3139.0	  0.99714595
3141.0	  0.99714595
3143.0	  0.99714595
3145.0	  0.99716294
3147.0	  0.99716294
3149.0	  0.99716294
3151.0	  0.99716294
3153.0	  0.99716294
3155.0	  0.99716294
3157.0	  0.99716514
3159.0	  0.9977607
3161.0	  0.9977607
3163.0	  0.9977607
3165.0	  0.9977607
3167.0	  0.9977607
3169.0	  0.9977607
3171.0	  0.9977607
3173.0	  0.9977607
3175.0	  0.9977607
3177.0	  0.9977607
3179.0	  0.9977607
3181.0	  0.9977607
3183.0	  0.9977632
3185.0	  0.9977632
3187.0	  0.9977632
3189.0	  0.9977632
3191.0	  0.9977632
3193.0	  0.9977632
3195.0	  0.9977632
3197.0	  0.9977632
3199.0	  0.9977632
3201.0	  0.9977865
3203.0	  0.9977865
3205.0	  0.9977865
3207.0	  0.9977865
3209.0	  0.9977865
3211.0	  0.9977865
3213.0	  0.9977865
3215.0	  0.99778914
3217.0	  0.99778914
3219.0	  0.99778914
3221.0	  0.99778914
3223.0	  0.99778914
3225.0	  0.99778914
3227.0	  0.99778914
3229.0	  0.99778914
3231.0	  0.99778914
3233.0	  0.99778914
3235.0	  0.99778914
3237.0	  0.99778914
3239.0	  0.99778914
3241.0	  0.99778914
3243.0	  0.9992589
3245.0	  0.9992589
3247.0	  0.9992589
3249.0	  0.9992589
3251.0	  0.9992589
3253.0	  0.9992589
3255.0	  0.9992589
3257.0	  0.9992589
3259.0	  0.9992589
3261.0	  0.9992589
3263.0	  0.9992589
3265.0	  0.9992589
3267.0	  0.9992589
3269.0	  0.9992589
3271.0	  0.9993918
3273.0	  0.9993918
3275.0	  0.9993918
3277.0	  0.9993918
3279.0	  0.9993918
3281.0	  0.9993918
3283.0	  0.99940264
3285.0	  0.99940264
3287.0	  0.9995629
3289.0	  0.9995629
3291.0	  0.9995629
3293.0	  0.9995629
3295.0	  0.99963015
3297.0	  0.99963015
3299.0	  0.99963015
3301.0	  0.99963015
3303.0	  0.99963015
3305.0	  0.99963015
3307.0	  0.99963015
3309.0	  0.99963015
3311.0	  0.99963015
3313.0	  0.99963015
3315.0	  0.99963015
3317.0	  0.99963015
3319.0	  0.99963015
3321.0	  0.99963015
3323.0	  0.99963015
3325.0	  0.99963015
3327.0	  0.99963015
3329.0	  0.99963015
3331.0	  0.99963015
3333.0	  0.99963015
3335.0	  0.99963015
3337.0	  0.99963015
3339.0	  0.99964935
3341.0	  0.99964935
3343.0	  0.99964935
3345.0	  0.99964935
3347.0	  0.99964935
3349.0	  0.99964935
3351.0	  0.99964935
3353.0	  0.99971783
3355.0	  0.99971783
3357.0	  0.999832
3359.0	  0.999832
3361.0	  0.999832
3363.0	  0.999832
3365.0	  0.999832
3367.0	  0.999832
3369.0	  0.999832
3371.0	  0.999832
3373.0	  0.999832
3375.0	  0.999832
3377.0	  0.999832
3379.0	  0.999832
3381.0	  0.999832
3383.0	  0.999832
3385.0	  0.999832
3387.0	  0.999832
3389.0	  0.999832
3391.0	  0.999832
3393.0	  0.999832
3395.0	  0.999832
3397.0	  0.999832
3399.0	  0.999832
3401.0	  0.999832
3403.0	  0.999832
3405.0	  0.999832
3407.0	  0.999832
3409.0	  0.9998894
3411.0	  0.9998894
3413.0	  0.9998894
3415.0	  0.9998894
3417.0	  0.9998894
3419.0	  0.9998894
3421.0	  0.9998894
3423.0	  0.9998894
3425.0	  0.9999046
3427.0	  0.9999046
3429.0	  0.9999046
3431.0	  0.9999046
3433.0	  0.9999046
3435.0	  0.9999046
3437.0	  0.9999046
3439.0	  0.9999046
3441.0	  0.9999046
3443.0	  0.9999046
3445.0	  0.9999046
3447.0	  0.9999046
3449.0	  0.9999046
3451.0	  0.9999046
3453.0	  0.9999046
3455.0	  0.9999046
3457.0	  0.9999046
3459.0	  0.9999046
3461.0	  0.9999046
3463.0	  0.9999046
3465.0	  0.9999046
3467.0	  0.9999046
3469.0	  0.9999046
3471.0	  0.9999046
3473.0	  0.9999046
3475.0	  0.9999046
3477.0	  0.9999046
3479.0	  0.9999046
3481.0	  0.9999046
3483.0	  0.9999046
3485.0	  0.9999046
3487.0	  0.9999046
3489.0	  0.9999046
3491.0	  0.9999046
3493.0	  1.0
3495.0	  1.0
3497.0	  1.0
3499.0	  1.0



DATASET #3

     Name: Common
   Points: 1750
     Info: 

Data[x,y]:
1.0	  NaN
3.0	  NaN
5.0	  NaN
7.0	  NaN
9.0	  NaN
11.0	  NaN
13.0	  NaN
15.0	  NaN
17.0	  NaN
19.0	  NaN
21.0	  NaN
23.0	  NaN
25.0	  NaN
27.0	  NaN
29.0	  NaN
31.0	  NaN
33.0	  NaN
35.0	  NaN
37.0	  NaN
39.0	  NaN
41.0	  NaN
43.0	  NaN
45.0	  NaN
47.0	  NaN
49.0	  NaN
51.0	  NaN
53.0	  NaN
55.0	  NaN
57.0	  NaN
59.0	  NaN
61.0	  NaN
63.0	  NaN
65.0	  NaN
67.0	  NaN
69.0	  NaN
71.0	  NaN
73.0	  NaN
75.0	  NaN
77.0	  NaN
79.0	  NaN
81.0	  NaN
83.0	  NaN
85.0	  NaN
87.0	  NaN
89.0	  NaN
91.0	  NaN
93.0	  NaN
95.0	  NaN
97.0	  NaN
99.0	  NaN
101.0	  NaN
103.0	  NaN
105.0	  NaN
107.0	  NaN
109.0	  NaN
111.0	  NaN
113.0	  NaN
115.0	  NaN
117.0	  NaN
119.0	  NaN
121.0	  NaN
123.0	  NaN
125.0	  NaN
127.0	  NaN
129.0	  NaN
131.0	  NaN
133.0	  NaN
135.0	  NaN
137.0	  NaN
139.0	  NaN
141.0	  NaN
143.0	  NaN
145.0	  NaN
147.0	  NaN
149.0	  NaN
151.0	  NaN
153.0	  NaN
155.0	  NaN
157.0	  NaN
159.0	  NaN
161.0	  NaN
163.0	  NaN
165.0	  NaN
167.0	  NaN
169.0	  NaN
171.0	  NaN
173.0	  NaN
175.0	  NaN
177.0	  NaN
179.0	  NaN
181.0	  NaN
183.0	  NaN
185.0	  NaN
187.0	  NaN
189.0	  NaN
191.0	  NaN
193.0	  NaN
195.0	  NaN
197.0	  NaN
199.0	  NaN
201.0	  NaN
203.0	  NaN
205.0	  NaN
207.0	  NaN
209.0	  NaN
211.0	  NaN
213.0	  NaN
215.0	  NaN
217.0	  NaN
219.0	  NaN
221.0	  NaN
223.0	  NaN
225.0	  NaN
227.0	  NaN
229.0	  NaN
231.0	  NaN
233.0	  NaN
235.0	  NaN
237.0	  NaN
239.0	  NaN
241.0	  NaN
243.0	  NaN
245.0	  NaN
247.0	  NaN
249.0	  NaN
251.0	  NaN
253.0	  NaN
255.0	  NaN
257.0	  NaN
259.0	  NaN
261.0	  NaN
263.0	  NaN
265.0	  NaN
267.0	  NaN
269.0	  NaN
271.0	  NaN
273.0	  NaN
275.0	  NaN
277.0	  NaN
279.0	  NaN
281.0	  NaN
283.0	  NaN
285.0	  NaN
287.0	  NaN
289.0	  NaN
291.0	  NaN
293.0	  NaN
295.0	  NaN
297.0	  NaN
299.0	  NaN
301.0	  NaN
303.0	  NaN
305.0	  NaN
307.0	  NaN
309.0	  NaN
311.0	  NaN
313.0	  NaN
315.0	  NaN
317.0	  NaN
319.0	  NaN
321.0	  NaN
323.0	  NaN
325.0	  NaN
327.0	  NaN
329.0	  NaN
331.0	  NaN
333.0	  NaN
335.0	  NaN
337.0	  NaN
339.0	  NaN
341.0	  NaN
343.0	  NaN
345.0	  NaN
347.0	  NaN
349.0	  NaN
351.0	  NaN
353.0	  NaN
355.0	  NaN
357.0	  NaN
359.0	  NaN
361.0	  NaN
363.0	  NaN
365.0	  NaN
367.0	  NaN
369.0	  NaN
371.0	  NaN
373.0	  NaN
375.0	  NaN
377.0	  NaN
379.0	  NaN
381.0	  NaN
383.0	  NaN
385.0	  NaN
387.0	  NaN
389.0	  NaN
391.0	  NaN
393.0	  NaN
395.0	  NaN
397.0	  NaN
399.0	  NaN
401.0	  NaN
403.0	  NaN
405.0	  NaN
407.0	  NaN
409.0	  NaN
411.0	  NaN
413.0	  NaN
415.0	  NaN
417.0	  NaN
419.0	  NaN
421.0	  NaN
423.0	  NaN
425.0	  NaN
427.0	  NaN
429.0	  NaN
431.0	  NaN
433.0	  NaN
435.0	  NaN
437.0	  NaN
439.0	  NaN
441.0	  NaN
443.0	  NaN
445.0	  NaN
447.0	  NaN
449.0	  NaN
451.0	  NaN
453.0	  NaN
455.0	  NaN
457.0	  NaN
459.0	  NaN
461.0	  NaN
463.0	  NaN
465.0	  NaN
467.0	  NaN
469.0	  NaN
471.0	  NaN
473.0	  NaN
475.0	  NaN
477.0	  NaN
479.0	  NaN
481.0	  NaN
483.0	  NaN
485.0	  NaN
487.0	  NaN
489.0	  NaN
491.0	  NaN
493.0	  NaN
495.0	  NaN
497.0	  NaN
499.0	  NaN
501.0	  NaN
503.0	  NaN
505.0	  NaN
507.0	  NaN
509.0	  NaN
511.0	  NaN
513.0	  NaN
515.0	  NaN
517.0	  NaN
519.0	  NaN
521.0	  NaN
523.0	  NaN
525.0	  NaN
527.0	  NaN
529.0	  NaN
531.0	  NaN
533.0	  NaN
535.0	  NaN
537.0	  NaN
539.0	  NaN
541.0	  NaN
543.0	  NaN
545.0	  NaN
547.0	  NaN
549.0	  NaN
551.0	  NaN
553.0	  NaN
555.0	  NaN
557.0	  NaN
559.0	  NaN
561.0	  NaN
563.0	  NaN
565.0	  NaN
567.0	  NaN
569.0	  NaN
571.0	  NaN
573.0	  NaN
575.0	  NaN
577.0	  NaN
579.0	  NaN
581.0	  NaN
583.0	  NaN
585.0	  NaN
587.0	  NaN
589.0	  NaN
591.0	  NaN
593.0	  NaN
595.0	  NaN
597.0	  NaN
599.0	  NaN
601.0	  NaN
603.0	  NaN
605.0	  NaN
607.0	  NaN
609.0	  NaN
611.0	  NaN
613.0	  NaN
615.0	  NaN
617.0	  NaN
619.0	  NaN
621.0	  NaN
623.0	  NaN
625.0	  NaN
627.0	  NaN
629.0	  NaN
631.0	  NaN
633.0	  NaN
635.0	  NaN
637.0	  NaN
639.0	  NaN
641.0	  NaN
643.0	  NaN
645.0	  NaN
647.0	  NaN
649.0	  NaN
651.0	  NaN
653.0	  NaN
655.0	  NaN
657.0	  NaN
659.0	  NaN
661.0	  NaN
663.0	  NaN
665.0	  NaN
667.0	  NaN
669.0	  NaN
671.0	  NaN
673.0	  NaN
675.0	  NaN
677.0	  NaN
679.0	  NaN
681.0	  NaN
683.0	  NaN
685.0	  NaN
687.0	  NaN
689.0	  NaN
691.0	  NaN
693.0	  NaN
695.0	  NaN
697.0	  NaN
699.0	  NaN
701.0	  NaN
703.0	  NaN
705.0	  NaN
707.0	  NaN
709.0	  NaN
711.0	  NaN
713.0	  NaN
715.0	  NaN
717.0	  NaN
719.0	  NaN
721.0	  NaN
723.0	  NaN
725.0	  NaN
727.0	  NaN
729.0	  NaN
731.0	  NaN
733.0	  NaN
735.0	  NaN
737.0	  NaN
739.0	  NaN
741.0	  NaN
743.0	  NaN
745.0	  NaN
747.0	  NaN
749.0	  NaN
751.0	  NaN
753.0	  NaN
755.0	  NaN
757.0	  NaN
759.0	  NaN
761.0	  NaN
763.0	  NaN
765.0	  NaN
767.0	  NaN
769.0	  NaN
771.0	  NaN
773.0	  NaN
775.0	  NaN
777.0	  NaN
779.0	  NaN
781.0	  NaN
783.0	  NaN
785.0	  NaN
787.0	  NaN
789.0	  NaN
791.0	  NaN
793.0	  NaN
795.0	  NaN
797.0	  NaN
799.0	  NaN
801.0	  NaN
803.0	  NaN
805.0	  NaN
807.0	  NaN
809.0	  NaN
811.0	  NaN
813.0	  NaN
815.0	  NaN
817.0	  NaN
819.0	  NaN
821.0	  NaN
823.0	  NaN
825.0	  NaN
827.0	  NaN
829.0	  NaN
831.0	  NaN
833.0	  NaN
835.0	  NaN
837.0	  NaN
839.0	  NaN
841.0	  NaN
843.0	  NaN
845.0	  NaN
847.0	  NaN
849.0	  NaN
851.0	  NaN
853.0	  NaN
855.0	  NaN
857.0	  NaN
859.0	  NaN
861.0	  NaN
863.0	  NaN
865.0	  NaN
867.0	  NaN
869.0	  NaN
871.0	  NaN
873.0	  NaN
875.0	  NaN
877.0	  NaN
879.0	  NaN
881.0	  NaN
883.0	  NaN
885.0	  NaN
887.0	  NaN
889.0	  NaN
891.0	  NaN
893.0	  NaN
895.0	  NaN
897.0	  NaN
899.0	  NaN
901.0	  NaN
903.0	  NaN
905.0	  NaN
907.0	  NaN
909.0	  NaN
911.0	  NaN
913.0	  NaN
915.0	  NaN
917.0	  NaN
919.0	  NaN
921.0	  NaN
923.0	  NaN
925.0	  NaN
927.0	  NaN
929.0	  NaN
931.0	  NaN
933.0	  NaN
935.0	  NaN
937.0	  NaN
939.0	  NaN
941.0	  NaN
943.0	  NaN
945.0	  NaN
947.0	  NaN
949.0	  NaN
951.0	  NaN
953.0	  NaN
955.0	  NaN
957.0	  NaN
959.0	  NaN
961.0	  NaN
963.0	  NaN
965.0	  NaN
967.0	  NaN
969.0	  NaN
971.0	  NaN
973.0	  NaN
975.0	  NaN
977.0	  NaN
979.0	  NaN
981.0	  NaN
983.0	  NaN
985.0	  NaN
987.0	  NaN
989.0	  NaN
991.0	  NaN
993.0	  NaN
995.0	  NaN
997.0	  NaN
999.0	  NaN
1001.0	  NaN
1003.0	  NaN
1005.0	  NaN
1007.0	  NaN
1009.0	  NaN
1011.0	  NaN
1013.0	  NaN
1015.0	  NaN
1017.0	  NaN
1019.0	  NaN
1021.0	  NaN
1023.0	  NaN
1025.0	  NaN
1027.0	  NaN
1029.0	  NaN
1031.0	  NaN
1033.0	  NaN
1035.0	  NaN
1037.0	  NaN
1039.0	  NaN
1041.0	  NaN
1043.0	  NaN
1045.0	  NaN
1047.0	  NaN
1049.0	  NaN
1051.0	  NaN
1053.0	  NaN
1055.0	  NaN
1057.0	  NaN
1059.0	  NaN
1061.0	  NaN
1063.0	  NaN
1065.0	  NaN
1067.0	  NaN
1069.0	  NaN
1071.0	  NaN
1073.0	  NaN
1075.0	  NaN
1077.0	  NaN
1079.0	  NaN
1081.0	  NaN
1083.0	  NaN
1085.0	  NaN
1087.0	  NaN
1089.0	  NaN
1091.0	  NaN
1093.0	  NaN
1095.0	  NaN
1097.0	  NaN
1099.0	  NaN
1101.0	  NaN
1103.0	  NaN
1105.0	  NaN
1107.0	  NaN
1109.0	  NaN
1111.0	  NaN
1113.0	  NaN
1115.0	  NaN
1117.0	  NaN
1119.0	  NaN
1121.0	  NaN
1123.0	  NaN
1125.0	  NaN
1127.0	  NaN
1129.0	  NaN
1131.0	  NaN
1133.0	  NaN
1135.0	  NaN
1137.0	  NaN
1139.0	  NaN
1141.0	  NaN
1143.0	  NaN
1145.0	  NaN
1147.0	  NaN
1149.0	  NaN
1151.0	  NaN
1153.0	  NaN
1155.0	  NaN
1157.0	  NaN
1159.0	  NaN
1161.0	  NaN
1163.0	  NaN
1165.0	  NaN
1167.0	  NaN
1169.0	  NaN
1171.0	  NaN
1173.0	  NaN
1175.0	  NaN
1177.0	  NaN
1179.0	  NaN
1181.0	  NaN
1183.0	  NaN
1185.0	  NaN
1187.0	  NaN
1189.0	  NaN
1191.0	  NaN
1193.0	  NaN
1195.0	  NaN
1197.0	  NaN
1199.0	  NaN
1201.0	  NaN
1203.0	  NaN
1205.0	  NaN
1207.0	  NaN
1209.0	  NaN
1211.0	  NaN
1213.0	  NaN
1215.0	  NaN
1217.0	  NaN
1219.0	  NaN
1221.0	  NaN
1223.0	  NaN
1225.0	  NaN
1227.0	  NaN
1229.0	  NaN
1231.0	  NaN
1233.0	  NaN
1235.0	  NaN
1237.0	  NaN
1239.0	  NaN
1241.0	  NaN
1243.0	  NaN
1245.0	  NaN
1247.0	  NaN
1249.0	  NaN
1251.0	  NaN
1253.0	  NaN
1255.0	  NaN
1257.0	  NaN
1259.0	  NaN
1261.0	  NaN
1263.0	  NaN
1265.0	  NaN
1267.0	  NaN
1269.0	  NaN
1271.0	  NaN
1273.0	  NaN
1275.0	  NaN
1277.0	  NaN
1279.0	  NaN
1281.0	  NaN
1283.0	  NaN
1285.0	  NaN
1287.0	  NaN
1289.0	  NaN
1291.0	  NaN
1293.0	  NaN
1295.0	  NaN
1297.0	  NaN
1299.0	  NaN
1301.0	  NaN
1303.0	  NaN
1305.0	  NaN
1307.0	  NaN
1309.0	  NaN
1311.0	  NaN
1313.0	  NaN
1315.0	  NaN
1317.0	  NaN
1319.0	  NaN
1321.0	  NaN
1323.0	  NaN
1325.0	  NaN
1327.0	  NaN
1329.0	  NaN
1331.0	  NaN
1333.0	  NaN
1335.0	  NaN
1337.0	  NaN
1339.0	  NaN
1341.0	  NaN
1343.0	  NaN
1345.0	  NaN
1347.0	  NaN
1349.0	  NaN
1351.0	  NaN
1353.0	  NaN
1355.0	  NaN
1357.0	  NaN
1359.0	  NaN
1361.0	  NaN
1363.0	  NaN
1365.0	  NaN
1367.0	  NaN
1369.0	  NaN
1371.0	  NaN
1373.0	  NaN
1375.0	  NaN
1377.0	  NaN
1379.0	  NaN
1381.0	  NaN
1383.0	  NaN
1385.0	  NaN
1387.0	  NaN
1389.0	  NaN
1391.0	  NaN
1393.0	  NaN
1395.0	  NaN
1397.0	  NaN
1399.0	  NaN
1401.0	  NaN
1403.0	  NaN
1405.0	  NaN
1407.0	  NaN
1409.0	  NaN
1411.0	  NaN
1413.0	  NaN
1415.0	  NaN
1417.0	  NaN
1419.0	  NaN
1421.0	  NaN
1423.0	  NaN
1425.0	  NaN
1427.0	  NaN
1429.0	  NaN
1431.0	  NaN
1433.0	  NaN
1435.0	  NaN
1437.0	  NaN
1439.0	  NaN
1441.0	  NaN
1443.0	  NaN
1445.0	  NaN
1447.0	  NaN
1449.0	  NaN
1451.0	  NaN
1453.0	  NaN
1455.0	  NaN
1457.0	  NaN
1459.0	  NaN
1461.0	  NaN
1463.0	  NaN
1465.0	  NaN
1467.0	  NaN
1469.0	  NaN
1471.0	  NaN
1473.0	  NaN
1475.0	  NaN
1477.0	  NaN
1479.0	  NaN
1481.0	  NaN
1483.0	  NaN
1485.0	  NaN
1487.0	  NaN
1489.0	  NaN
1491.0	  NaN
1493.0	  NaN
1495.0	  NaN
1497.0	  NaN
1499.0	  NaN
1501.0	  NaN
1503.0	  NaN
1505.0	  NaN
1507.0	  NaN
1509.0	  NaN
1511.0	  NaN
1513.0	  NaN
1515.0	  NaN
1517.0	  NaN
1519.0	  NaN
1521.0	  NaN
1523.0	  NaN
1525.0	  NaN
1527.0	  NaN
1529.0	  NaN
1531.0	  NaN
1533.0	  NaN
1535.0	  NaN
1537.0	  NaN
1539.0	  NaN
1541.0	  NaN
1543.0	  NaN
1545.0	  NaN
1547.0	  NaN
1549.0	  NaN
1551.0	  NaN
1553.0	  NaN
1555.0	  NaN
1557.0	  NaN
1559.0	  NaN
1561.0	  NaN
1563.0	  NaN
1565.0	  NaN
1567.0	  NaN
1569.0	  NaN
1571.0	  NaN
1573.0	  NaN
1575.0	  NaN
1577.0	  NaN
1579.0	  NaN
1581.0	  NaN
1583.0	  NaN
1585.0	  NaN
1587.0	  NaN
1589.0	  NaN
1591.0	  NaN
1593.0	  NaN
1595.0	  NaN
1597.0	  NaN
1599.0	  NaN
1601.0	  NaN
1603.0	  NaN
1605.0	  NaN
1607.0	  NaN
1609.0	  NaN
1611.0	  NaN
1613.0	  NaN
1615.0	  NaN
1617.0	  NaN
1619.0	  NaN
1621.0	  NaN
1623.0	  NaN
1625.0	  NaN
1627.0	  NaN
1629.0	  NaN
1631.0	  NaN
1633.0	  NaN
1635.0	  NaN
1637.0	  NaN
1639.0	  NaN
1641.0	  NaN
1643.0	  NaN
1645.0	  NaN
1647.0	  NaN
1649.0	  NaN
1651.0	  NaN
1653.0	  NaN
1655.0	  NaN
1657.0	  NaN
1659.0	  NaN
1661.0	  NaN
1663.0	  NaN
1665.0	  NaN
1667.0	  NaN
1669.0	  NaN
1671.0	  NaN
1673.0	  NaN
1675.0	  NaN
1677.0	  NaN
1679.0	  NaN
1681.0	  NaN
1683.0	  NaN
1685.0	  NaN
1687.0	  NaN
1689.0	  NaN
1691.0	  NaN
1693.0	  NaN
1695.0	  NaN
1697.0	  NaN
1699.0	  NaN
1701.0	  NaN
1703.0	  NaN
1705.0	  NaN
1707.0	  NaN
1709.0	  NaN
1711.0	  NaN
1713.0	  NaN
1715.0	  NaN
1717.0	  NaN
1719.0	  NaN
1721.0	  NaN
1723.0	  NaN
1725.0	  NaN
1727.0	  NaN
1729.0	  NaN
1731.0	  NaN
1733.0	  NaN
1735.0	  NaN
1737.0	  NaN
1739.0	  NaN
1741.0	  NaN
1743.0	  NaN
1745.0	  NaN
1747.0	  NaN
1749.0	  NaN
1751.0	  NaN
1753.0	  NaN
1755.0	  NaN
1757.0	  NaN
1759.0	  NaN
1761.0	  NaN
1763.0	  NaN
1765.0	  NaN
1767.0	  NaN
1769.0	  NaN
1771.0	  NaN
1773.0	  NaN
1775.0	  NaN
1777.0	  NaN
1779.0	  NaN
1781.0	  NaN
1783.0	  NaN
1785.0	  NaN
1787.0	  NaN
1789.0	  NaN
1791.0	  NaN
1793.0	  NaN
1795.0	  NaN
1797.0	  NaN
1799.0	  NaN
1801.0	  NaN
1803.0	  NaN
1805.0	  NaN
1807.0	  NaN
1809.0	  NaN
1811.0	  NaN
1813.0	  NaN
1815.0	  NaN
1817.0	  NaN
1819.0	  NaN
1821.0	  NaN
1823.0	  NaN
1825.0	  NaN
1827.0	  NaN
1829.0	  NaN
1831.0	  NaN
1833.0	  NaN
1835.0	  NaN
1837.0	  NaN
1839.0	  NaN
1841.0	  NaN
1843.0	  NaN
1845.0	  NaN
1847.0	  NaN
1849.0	  NaN
1851.0	  NaN
1853.0	  NaN
1855.0	  NaN
1857.0	  NaN
1859.0	  NaN
1861.0	  NaN
1863.0	  NaN
1865.0	  NaN
1867.0	  NaN
1869.0	  NaN
1871.0	  NaN
1873.0	  NaN
1875.0	  NaN
1877.0	  NaN
1879.0	  NaN
1881.0	  NaN
1883.0	  NaN
1885.0	  NaN
1887.0	  NaN
1889.0	  NaN
1891.0	  NaN
1893.0	  NaN
1895.0	  NaN
1897.0	  NaN
1899.0	  NaN
1901.0	  NaN
1903.0	  NaN
1905.0	  NaN
1907.0	  NaN
1909.0	  NaN
1911.0	  NaN
1913.0	  NaN
1915.0	  NaN
1917.0	  NaN
1919.0	  NaN
1921.0	  NaN
1923.0	  NaN
1925.0	  NaN
1927.0	  NaN
1929.0	  NaN
1931.0	  NaN
1933.0	  NaN
1935.0	  NaN
1937.0	  NaN
1939.0	  NaN
1941.0	  NaN
1943.0	  NaN
1945.0	  NaN
1947.0	  NaN
1949.0	  NaN
1951.0	  NaN
1953.0	  NaN
1955.0	  NaN
1957.0	  NaN
1959.0	  NaN
1961.0	  NaN
1963.0	  NaN
1965.0	  NaN
1967.0	  NaN
1969.0	  NaN
1971.0	  NaN
1973.0	  NaN
1975.0	  NaN
1977.0	  NaN
1979.0	  NaN
1981.0	  NaN
1983.0	  NaN
1985.0	  NaN
1987.0	  NaN
1989.0	  NaN
1991.0	  NaN
1993.0	  NaN
1995.0	  NaN
1997.0	  NaN
1999.0	  NaN
2001.0	  NaN
2003.0	  NaN
2005.0	  NaN
2007.0	  NaN
2009.0	  NaN
2011.0	  NaN
2013.0	  NaN
2015.0	  NaN
2017.0	  NaN
2019.0	  NaN
2021.0	  NaN
2023.0	  NaN
2025.0	  NaN
2027.0	  NaN
2029.0	  NaN
2031.0	  NaN
2033.0	  NaN
2035.0	  NaN
2037.0	  NaN
2039.0	  NaN
2041.0	  NaN
2043.0	  NaN
2045.0	  NaN
2047.0	  NaN
2049.0	  NaN
2051.0	  NaN
2053.0	  NaN
2055.0	  NaN
2057.0	  NaN
2059.0	  NaN
2061.0	  NaN
2063.0	  NaN
2065.0	  NaN
2067.0	  NaN
2069.0	  NaN
2071.0	  NaN
2073.0	  NaN
2075.0	  NaN
2077.0	  NaN
2079.0	  NaN
2081.0	  NaN
2083.0	  NaN
2085.0	  NaN
2087.0	  NaN
2089.0	  NaN
2091.0	  NaN
2093.0	  NaN
2095.0	  NaN
2097.0	  NaN
2099.0	  NaN
2101.0	  NaN
2103.0	  NaN
2105.0	  NaN
2107.0	  NaN
2109.0	  NaN
2111.0	  NaN
2113.0	  NaN
2115.0	  NaN
2117.0	  NaN
2119.0	  NaN
2121.0	  NaN
2123.0	  NaN
2125.0	  NaN
2127.0	  NaN
2129.0	  NaN
2131.0	  NaN
2133.0	  NaN
2135.0	  NaN
2137.0	  NaN
2139.0	  NaN
2141.0	  NaN
2143.0	  NaN
2145.0	  NaN
2147.0	  NaN
2149.0	  NaN
2151.0	  NaN
2153.0	  NaN
2155.0	  NaN
2157.0	  NaN
2159.0	  NaN
2161.0	  NaN
2163.0	  NaN
2165.0	  NaN
2167.0	  NaN
2169.0	  NaN
2171.0	  NaN
2173.0	  NaN
2175.0	  NaN
2177.0	  NaN
2179.0	  NaN
2181.0	  NaN
2183.0	  NaN
2185.0	  NaN
2187.0	  NaN
2189.0	  NaN
2191.0	  NaN
2193.0	  NaN
2195.0	  NaN
2197.0	  NaN
2199.0	  NaN
2201.0	  NaN
2203.0	  NaN
2205.0	  NaN
2207.0	  NaN
2209.0	  NaN
2211.0	  NaN
2213.0	  NaN
2215.0	  NaN
2217.0	  NaN
2219.0	  NaN
2221.0	  NaN
2223.0	  NaN
2225.0	  NaN
2227.0	  NaN
2229.0	  NaN
2231.0	  NaN
2233.0	  NaN
2235.0	  NaN
2237.0	  NaN
2239.0	  NaN
2241.0	  NaN
2243.0	  NaN
2245.0	  NaN
2247.0	  NaN
2249.0	  NaN
2251.0	  NaN
2253.0	  NaN
2255.0	  NaN
2257.0	  NaN
2259.0	  NaN
2261.0	  NaN
2263.0	  NaN
2265.0	  NaN
2267.0	  NaN
2269.0	  NaN
2271.0	  NaN
2273.0	  NaN
2275.0	  NaN
2277.0	  NaN
2279.0	  NaN
2281.0	  NaN
2283.0	  NaN
2285.0	  NaN
2287.0	  NaN
2289.0	  NaN
2291.0	  NaN
2293.0	  NaN
2295.0	  NaN
2297.0	  NaN
2299.0	  NaN
2301.0	  NaN
2303.0	  NaN
2305.0	  NaN
2307.0	  NaN
2309.0	  NaN
2311.0	  NaN
2313.0	  NaN
2315.0	  NaN
2317.0	  NaN
2319.0	  NaN
2321.0	  NaN
2323.0	  NaN
2325.0	  NaN
2327.0	  NaN
2329.0	  NaN
2331.0	  NaN
2333.0	  NaN
2335.0	  NaN
2337.0	  NaN
2339.0	  NaN
2341.0	  NaN
2343.0	  NaN
2345.0	  NaN
2347.0	  NaN
2349.0	  NaN
2351.0	  NaN
2353.0	  NaN
2355.0	  NaN
2357.0	  NaN
2359.0	  NaN
2361.0	  NaN
2363.0	  NaN
2365.0	  NaN
2367.0	  NaN
2369.0	  NaN
2371.0	  NaN
2373.0	  NaN
2375.0	  NaN
2377.0	  NaN
2379.0	  NaN
2381.0	  NaN
2383.0	  NaN
2385.0	  NaN
2387.0	  NaN
2389.0	  NaN
2391.0	  NaN
2393.0	  NaN
2395.0	  NaN
2397.0	  NaN
2399.0	  NaN
2401.0	  NaN
2403.0	  NaN
2405.0	  NaN
2407.0	  NaN
2409.0	  NaN
2411.0	  NaN
2413.0	  NaN
2415.0	  NaN
2417.0	  NaN
2419.0	  NaN
2421.0	  NaN
2423.0	  NaN
2425.0	  NaN
2427.0	  NaN
2429.0	  NaN
2431.0	  NaN
2433.0	  NaN
2435.0	  NaN
2437.0	  NaN
2439.0	  NaN
2441.0	  NaN
2443.0	  NaN
2445.0	  NaN
2447.0	  NaN
2449.0	  NaN
2451.0	  NaN
2453.0	  NaN
2455.0	  NaN
2457.0	  NaN
2459.0	  NaN
2461.0	  NaN
2463.0	  NaN
2465.0	  NaN
2467.0	  NaN
2469.0	  NaN
2471.0	  NaN
2473.0	  NaN
2475.0	  NaN
2477.0	  NaN
2479.0	  NaN
2481.0	  NaN
2483.0	  NaN
2485.0	  NaN
2487.0	  NaN
2489.0	  NaN
2491.0	  NaN
2493.0	  NaN
2495.0	  NaN
2497.0	  NaN
2499.0	  NaN
2501.0	  NaN
2503.0	  NaN
2505.0	  NaN
2507.0	  NaN
2509.0	  NaN
2511.0	  NaN
2513.0	  NaN
2515.0	  NaN
2517.0	  NaN
2519.0	  NaN
2521.0	  NaN
2523.0	  NaN
2525.0	  NaN
2527.0	  NaN
2529.0	  NaN
2531.0	  NaN
2533.0	  NaN
2535.0	  NaN
2537.0	  NaN
2539.0	  NaN
2541.0	  NaN
2543.0	  NaN
2545.0	  NaN
2547.0	  NaN
2549.0	  NaN
2551.0	  NaN
2553.0	  NaN
2555.0	  NaN
2557.0	  NaN
2559.0	  NaN
2561.0	  NaN
2563.0	  NaN
2565.0	  NaN
2567.0	  NaN
2569.0	  NaN
2571.0	  NaN
2573.0	  NaN
2575.0	  NaN
2577.0	  NaN
2579.0	  NaN
2581.0	  NaN
2583.0	  NaN
2585.0	  NaN
2587.0	  NaN
2589.0	  NaN
2591.0	  NaN
2593.0	  NaN
2595.0	  NaN
2597.0	  NaN
2599.0	  NaN
2601.0	  NaN
2603.0	  NaN
2605.0	  NaN
2607.0	  NaN
2609.0	  NaN
2611.0	  NaN
2613.0	  NaN
2615.0	  NaN
2617.0	  NaN
2619.0	  NaN
2621.0	  NaN
2623.0	  NaN
2625.0	  NaN
2627.0	  NaN
2629.0	  NaN
2631.0	  NaN
2633.0	  NaN
2635.0	  NaN
2637.0	  NaN
2639.0	  NaN
2641.0	  NaN
2643.0	  NaN
2645.0	  NaN
2647.0	  NaN
2649.0	  NaN
2651.0	  NaN
2653.0	  NaN
2655.0	  NaN
2657.0	  NaN
2659.0	  NaN
2661.0	  NaN
2663.0	  NaN
2665.0	  NaN
2667.0	  NaN
2669.0	  NaN
2671.0	  NaN
2673.0	  NaN
2675.0	  NaN
2677.0	  NaN
2679.0	  NaN
2681.0	  NaN
2683.0	  NaN
2685.0	  NaN
2687.0	  NaN
2689.0	  NaN
2691.0	  NaN
2693.0	  NaN
2695.0	  NaN
2697.0	  NaN
2699.0	  NaN
2701.0	  NaN
2703.0	  NaN
2705.0	  NaN
2707.0	  NaN
2709.0	  NaN
2711.0	  NaN
2713.0	  NaN
2715.0	  NaN
2717.0	  NaN
2719.0	  NaN
2721.0	  NaN
2723.0	  NaN
2725.0	  NaN
2727.0	  NaN
2729.0	  NaN
2731.0	  NaN
2733.0	  NaN
2735.0	  NaN
2737.0	  NaN
2739.0	  NaN
2741.0	  NaN
2743.0	  NaN
2745.0	  NaN
2747.0	  NaN
2749.0	  NaN
2751.0	  NaN
2753.0	  NaN
2755.0	  NaN
2757.0	  NaN
2759.0	  NaN
2761.0	  NaN
2763.0	  NaN
2765.0	  NaN
2767.0	  NaN
2769.0	  NaN
2771.0	  NaN
2773.0	  NaN
2775.0	  NaN
2777.0	  NaN
2779.0	  NaN
2781.0	  NaN
2783.0	  NaN
2785.0	  NaN
2787.0	  NaN
2789.0	  NaN
2791.0	  NaN
2793.0	  NaN
2795.0	  NaN
2797.0	  NaN
2799.0	  NaN
2801.0	  NaN
2803.0	  NaN
2805.0	  NaN
2807.0	  NaN
2809.0	  NaN
2811.0	  NaN
2813.0	  NaN
2815.0	  NaN
2817.0	  NaN
2819.0	  NaN
2821.0	  NaN
2823.0	  NaN
2825.0	  NaN
2827.0	  NaN
2829.0	  NaN
2831.0	  NaN
2833.0	  NaN
2835.0	  NaN
2837.0	  NaN
2839.0	  NaN
2841.0	  NaN
2843.0	  NaN
2845.0	  NaN
2847.0	  NaN
2849.0	  NaN
2851.0	  NaN
2853.0	  NaN
2855.0	  NaN
2857.0	  NaN
2859.0	  NaN
2861.0	  NaN
2863.0	  NaN
2865.0	  NaN
2867.0	  NaN
2869.0	  NaN
2871.0	  NaN
2873.0	  NaN
2875.0	  NaN
2877.0	  NaN
2879.0	  NaN
2881.0	  NaN
2883.0	  NaN
2885.0	  NaN
2887.0	  NaN
2889.0	  NaN
2891.0	  NaN
2893.0	  NaN
2895.0	  NaN
2897.0	  NaN
2899.0	  NaN
2901.0	  NaN
2903.0	  NaN
2905.0	  NaN
2907.0	  NaN
2909.0	  NaN
2911.0	  NaN
2913.0	  NaN
2915.0	  NaN
2917.0	  NaN
2919.0	  NaN
2921.0	  NaN
2923.0	  NaN
2925.0	  NaN
2927.0	  NaN
2929.0	  NaN
2931.0	  NaN
2933.0	  NaN
2935.0	  NaN
2937.0	  NaN
2939.0	  NaN
2941.0	  NaN
2943.0	  NaN
2945.0	  NaN
2947.0	  NaN
2949.0	  NaN
2951.0	  NaN
2953.0	  NaN
2955.0	  NaN
2957.0	  NaN
2959.0	  NaN
2961.0	  NaN
2963.0	  NaN
2965.0	  NaN
2967.0	  NaN
2969.0	  NaN
2971.0	  NaN
2973.0	  NaN
2975.0	  NaN
2977.0	  NaN
2979.0	  NaN
2981.0	  NaN
2983.0	  NaN
2985.0	  NaN
2987.0	  NaN
2989.0	  NaN
2991.0	  NaN
2993.0	  NaN
2995.0	  NaN
2997.0	  NaN
2999.0	  NaN
3001.0	  NaN
3003.0	  NaN
3005.0	  NaN
3007.0	  NaN
3009.0	  NaN
3011.0	  NaN
3013.0	  NaN
3015.0	  NaN
3017.0	  NaN
3019.0	  NaN
3021.0	  NaN
3023.0	  NaN
3025.0	  NaN
3027.0	  NaN
3029.0	  NaN
3031.0	  NaN
3033.0	  NaN
3035.0	  NaN
3037.0	  NaN
3039.0	  NaN
3041.0	  NaN
3043.0	  NaN
3045.0	  NaN
3047.0	  NaN
3049.0	  NaN
3051.0	  NaN
3053.0	  NaN
3055.0	  NaN
3057.0	  NaN
3059.0	  NaN
3061.0	  NaN
3063.0	  NaN
3065.0	  NaN
3067.0	  NaN
3069.0	  NaN
3071.0	  NaN
3073.0	  NaN
3075.0	  NaN
3077.0	  NaN
3079.0	  NaN
3081.0	  NaN
3083.0	  NaN
3085.0	  NaN
3087.0	  NaN
3089.0	  NaN
3091.0	  NaN
3093.0	  NaN
3095.0	  NaN
3097.0	  NaN
3099.0	  NaN
3101.0	  NaN
3103.0	  NaN
3105.0	  NaN
3107.0	  NaN
3109.0	  NaN
3111.0	  NaN
3113.0	  NaN
3115.0	  NaN
3117.0	  NaN
3119.0	  NaN
3121.0	  NaN
3123.0	  NaN
3125.0	  NaN
3127.0	  NaN
3129.0	  NaN
3131.0	  NaN
3133.0	  NaN
3135.0	  NaN
3137.0	  NaN
3139.0	  NaN
3141.0	  NaN
3143.0	  NaN
3145.0	  NaN
3147.0	  NaN
3149.0	  NaN
3151.0	  NaN
3153.0	  NaN
3155.0	  NaN
3157.0	  NaN
3159.0	  NaN
3161.0	  NaN
3163.0	  NaN
3165.0	  NaN
3167.0	  NaN
3169.0	  NaN
3171.0	  NaN
3173.0	  NaN
3175.0	  NaN
3177.0	  NaN
3179.0	  NaN
3181.0	  NaN
3183.0	  NaN
3185.0	  NaN
3187.0	  NaN
3189.0	  NaN
3191.0	  NaN
3193.0	  NaN
3195.0	  NaN
3197.0	  NaN
3199.0	  NaN
3201.0	  NaN
3203.0	  NaN
3205.0	  NaN
3207.0	  NaN
3209.0	  NaN
3211.0	  NaN
3213.0	  NaN
3215.0	  NaN
3217.0	  NaN
3219.0	  NaN
3221.0	  NaN
3223.0	  NaN
3225.0	  NaN
3227.0	  NaN
3229.0	  NaN
3231.0	  NaN
3233.0	  NaN
3235.0	  NaN
3237.0	  NaN
3239.0	  NaN
3241.0	  NaN
3243.0	  NaN
3245.0	  NaN
3247.0	  NaN
3249.0	  NaN
3251.0	  NaN
3253.0	  NaN
3255.0	  NaN
3257.0	  NaN
3259.0	  NaN
3261.0	  NaN
3263.0	  NaN
3265.0	  NaN
3267.0	  NaN
3269.0	  NaN
3271.0	  NaN
3273.0	  NaN
3275.0	  NaN
3277.0	  NaN
3279.0	  NaN
3281.0	  NaN
3283.0	  NaN
3285.0	  NaN
3287.0	  NaN
3289.0	  NaN
3291.0	  NaN
3293.0	  NaN
3295.0	  NaN
3297.0	  NaN
3299.0	  NaN
3301.0	  NaN
3303.0	  NaN
3305.0	  NaN
3307.0	  NaN
3309.0	  NaN
3311.0	  NaN
3313.0	  NaN
3315.0	  NaN
3317.0	  NaN
3319.0	  NaN
3321.0	  NaN
3323.0	  NaN
3325.0	  NaN
3327.0	  NaN
3329.0	  NaN
3331.0	  NaN
3333.0	  NaN
3335.0	  NaN
3337.0	  NaN
3339.0	  NaN
3341.0	  NaN
3343.0	  NaN
3345.0	  NaN
3347.0	  NaN
3349.0	  NaN
3351.0	  NaN
3353.0	  NaN
3355.0	  NaN
3357.0	  NaN
3359.0	  NaN
3361.0	  NaN
3363.0	  NaN
3365.0	  NaN
3367.0	  NaN
3369.0	  NaN
3371.0	  NaN
3373.0	  NaN
3375.0	  NaN
3377.0	  NaN
3379.0	  NaN
3381.0	  NaN
3383.0	  NaN
3385.0	  NaN
3387.0	  NaN
3389.0	  NaN
3391.0	  NaN
3393.0	  NaN
3395.0	  NaN
3397.0	  NaN
3399.0	  NaN
3401.0	  NaN
3403.0	  NaN
3405.0	  NaN
3407.0	  NaN
3409.0	  NaN
3411.0	  NaN
3413.0	  NaN
3415.0	  NaN
3417.0	  NaN
3419.0	  NaN
3421.0	  NaN
3423.0	  NaN
3425.0	  NaN
3427.0	  NaN
3429.0	  NaN
3431.0	  NaN
3433.0	  NaN
3435.0	  NaN
3437.0	  NaN
3439.0	  NaN
3441.0	  NaN
3443.0	  NaN
3445.0	  NaN
3447.0	  NaN
3449.0	  NaN
3451.0	  NaN
3453.0	  NaN
3455.0	  NaN
3457.0	  NaN
3459.0	  NaN
3461.0	  NaN
3463.0	  NaN
3465.0	  NaN
3467.0	  NaN
3469.0	  NaN
3471.0	  NaN
3473.0	  NaN
3475.0	  NaN
3477.0	  NaN
3479.0	  NaN
3481.0	  NaN
3483.0	  NaN
3485.0	  NaN
3487.0	  NaN
3489.0	  NaN
3491.0	  NaN
3493.0	  NaN
3495.0	  NaN
3497.0	  NaN
3499.0	  NaN


