
X-Axis: Length (km)
Y-Axis: Cumulative Fraction
Number of Data Sets: 3


DATASET #1

     Name: As Discretized
   Points: 1150
     Info: 

Data[x,y]:
0.1	  0.0
0.3	  0.0
0.5	  0.0
0.7	  0.0
0.9	  0.0
1.1	  0.0
1.3	  0.0
1.5	  0.0
1.7	  0.0
1.9	  0.0
2.1	  0.0
2.3	  0.0
2.5	  0.0
2.7	  0.0
2.9	  0.0
3.1	  0.0
3.3	  0.0
3.5	  0.0
3.7	  0.0
3.9	  0.0
4.1	  0.0
4.3	  0.0
4.5	  0.0
4.7	  0.0
4.9	  0.0
5.1	  0.0
5.3	  0.0
5.5	  0.0
5.7	  0.0
5.9	  0.0
6.1	  0.0
6.3	  0.0
6.5	  0.0
6.7	  0.0
6.9	  0.0
7.1	  0.0
7.3	  0.0
7.5	  0.0
7.7	  0.0
7.9	  0.0
8.1	  0.0
8.3	  0.0
8.5	  0.0
8.7	  0.0
8.9	  0.0
9.1	  0.0
9.3	  0.0
9.5	  0.0
9.7	  0.0
9.9	  0.0
10.1	  0.0
10.3	  0.0
10.5	  0.006756757
10.7	  0.006756757
10.9	  0.006756757
11.1	  0.006756757
11.3	  0.006756757
11.5	  0.015202703
11.7	  0.015202703
11.9	  0.015202703
12.1	  0.015202703
12.3	  0.028716216
12.5	  0.028716216
12.7	  0.028716216
12.9	  0.028716216
13.1	  0.028716216
13.3	  0.028716216
13.5	  0.028716216
13.7	  0.028716216
13.9	  0.028716216
14.1	  0.035472974
14.3	  0.035472974
14.5	  0.035472974
14.7	  0.035472974
14.9	  0.035472974
15.1	  0.035472974
15.3	  0.0472973
15.5	  0.0472973
15.7	  0.052364863
15.9	  0.052364863
16.1	  0.052364863
16.3	  0.052364863
16.5	  0.067567565
16.7	  0.067567565
16.9	  0.067567565
17.1	  0.074324325
17.3	  0.074324325
17.5	  0.074324325
17.7	  0.074324325
17.9	  0.074324325
18.1	  0.074324325
18.3	  0.08277027
18.5	  0.08445946
18.7	  0.08445946
18.9	  0.08445946
19.1	  0.08445946
19.3	  0.08445946
19.5	  0.08445946
19.7	  0.08445946
19.9	  0.08445946
20.1	  0.08445946
20.3	  0.08445946
20.5	  0.08445946
20.7	  0.08445946
20.9	  0.08445946
21.1	  0.0929054
21.3	  0.0929054
21.5	  0.0929054
21.7	  0.0929054
21.9	  0.0945946
22.1	  0.0945946
22.3	  0.0945946
22.5	  0.0945946
22.7	  0.0945946
22.9	  0.09966216
23.1	  0.10810811
23.3	  0.10810811
23.5	  0.10810811
23.7	  0.1097973
23.9	  0.1097973
24.1	  0.1097973
24.3	  0.1097973
24.5	  0.11655405
24.7	  0.12837838
24.9	  0.12837838
25.1	  0.12837838
25.3	  0.12837838
25.5	  0.12837838
25.7	  0.12837838
25.9	  0.12837838
26.1	  0.12837838
26.3	  0.13175675
26.5	  0.13175675
26.7	  0.13175675
26.9	  0.13175675
27.1	  0.13344595
27.3	  0.13344595
27.5	  0.13344595
27.7	  0.13682432
27.9	  0.13682432
28.1	  0.1402027
28.3	  0.1402027
28.5	  0.14358108
28.7	  0.14358108
28.9	  0.14527027
29.1	  0.14527027
29.3	  0.14695945
29.5	  0.14864865
29.7	  0.14864865
29.9	  0.15033785
30.1	  0.15033785
30.3	  0.15033785
30.5	  0.15033785
30.7	  0.16047297
30.9	  0.16047297
31.1	  0.16047297
31.3	  0.16047297
31.5	  0.16047297
31.7	  0.16047297
31.9	  0.16385135
32.1	  0.16385135
32.3	  0.16385135
32.5	  0.16722973
32.7	  0.16722973
32.9	  0.17736487
33.1	  0.17736487
33.3	  0.18074325
33.5	  0.18074325
33.7	  0.18243243
33.9	  0.18243243
34.1	  0.18243243
34.3	  0.18412162
34.5	  0.18412162
34.7	  0.18412162
34.9	  0.1858108
35.1	  0.1891892
35.3	  0.19087838
35.5	  0.19256757
35.7	  0.19256757
35.9	  0.19425675
36.1	  0.19425675
36.3	  0.19425675
36.5	  0.19425675
36.7	  0.19763513
36.9	  0.19763513
37.1	  0.20101352
37.3	  0.20101352
37.5	  0.20101352
37.7	  0.2027027
37.9	  0.2027027
38.1	  0.2043919
38.3	  0.2043919
38.5	  0.20777027
38.7	  0.20945945
38.9	  0.20945945
39.1	  0.21114865
39.3	  0.21114865
39.5	  0.21621622
39.7	  0.21621622
39.9	  0.2179054
40.1	  0.22128378
40.3	  0.22297297
40.5	  0.22297297
40.7	  0.22297297
40.9	  0.22466215
41.1	  0.23141892
41.3	  0.2331081
41.5	  0.2347973
41.7	  0.23817568
41.9	  0.23817568
42.1	  0.23986487
42.3	  0.23986487
42.5	  0.23986487
42.7	  0.23986487
42.9	  0.24155405
43.1	  0.24324325
43.3	  0.24493243
43.5	  0.24662162
43.7	  0.24662162
43.9	  0.2483108
44.1	  0.2483108
44.3	  0.25
44.5	  0.25
44.7	  0.2516892
44.9	  0.2516892
45.1	  0.2516892
45.3	  0.2516892
45.5	  0.2516892
45.7	  0.2516892
45.9	  0.2516892
46.1	  0.25506756
46.3	  0.25506756
46.5	  0.25844595
46.7	  0.25844595
46.9	  0.26013514
47.1	  0.26013514
47.3	  0.2668919
47.5	  0.2668919
47.7	  0.27195945
47.9	  0.27533785
48.1	  0.27702704
48.3	  0.2787162
48.5	  0.2787162
48.7	  0.2787162
48.9	  0.2804054
49.1	  0.2837838
49.3	  0.28885135
49.5	  0.29222974
49.7	  0.29222974
49.9	  0.29222974
50.1	  0.2939189
50.3	  0.2939189
50.5	  0.2939189
50.7	  0.2956081
50.9	  0.2956081
51.1	  0.2956081
51.3	  0.2956081
51.5	  0.2956081
51.7	  0.2956081
51.9	  0.2956081
52.1	  0.2972973
52.3	  0.2972973
52.5	  0.2989865
52.7	  0.3006757
52.9	  0.3006757
53.1	  0.30236486
53.3	  0.30236486
53.5	  0.30574325
53.7	  0.30743244
53.9	  0.3091216
54.1	  0.3091216
54.3	  0.3108108
54.5	  0.3108108
54.7	  0.3108108
54.9	  0.3158784
55.1	  0.3158784
55.3	  0.31925675
55.5	  0.3243243
55.7	  0.3243243
55.9	  0.3260135
56.1	  0.3277027
56.3	  0.3277027
56.5	  0.3293919
56.7	  0.3293919
56.9	  0.3310811
57.1	  0.33277026
57.3	  0.33445945
57.5	  0.33783785
57.7	  0.33783785
57.9	  0.33783785
58.1	  0.33783785
58.3	  0.33952704
58.5	  0.3412162
58.7	  0.3445946
58.9	  0.3445946
59.1	  0.3462838
59.3	  0.3462838
59.5	  0.3462838
59.7	  0.34797296
59.9	  0.34966215
60.1	  0.35304055
60.3	  0.35304055
60.5	  0.35472974
60.7	  0.35472974
60.9	  0.35472974
61.1	  0.35472974
61.3	  0.35472974
61.5	  0.3564189
61.7	  0.3564189
61.9	  0.3564189
62.1	  0.3564189
62.3	  0.3581081
62.5	  0.3581081
62.7	  0.3614865
62.9	  0.3631757
63.1	  0.36824325
63.3	  0.36993244
63.5	  0.36993244
63.7	  0.3716216
63.9	  0.3716216
64.1	  0.3716216
64.3	  0.3766892
64.5	  0.3783784
64.7	  0.38006756
64.9	  0.38175675
65.1	  0.38175675
65.3	  0.38344595
65.5	  0.38344595
65.7	  0.3868243
65.9	  0.3885135
66.1	  0.3885135
66.3	  0.3902027
66.5	  0.3902027
66.7	  0.3902027
66.9	  0.3902027
67.1	  0.3902027
67.3	  0.3902027
67.5	  0.3935811
67.7	  0.3935811
67.9	  0.39527026
68.1	  0.39527026
68.3	  0.39527026
68.5	  0.39695945
68.7	  0.39695945
68.9	  0.39695945
69.1	  0.39864865
69.3	  0.40033785
69.5	  0.40033785
69.7	  0.40202704
69.9	  0.40202704
70.1	  0.4037162
70.3	  0.4037162
70.5	  0.4037162
70.7	  0.4054054
70.9	  0.4087838
71.1	  0.41047296
71.3	  0.41385135
71.5	  0.41554055
71.7	  0.41554055
71.9	  0.41722974
72.1	  0.4189189
72.3	  0.4189189
72.5	  0.4206081
72.7	  0.4239865
72.9	  0.42736486
73.1	  0.42736486
73.3	  0.42736486
73.5	  0.42736486
73.7	  0.43074325
73.9	  0.43243244
74.1	  0.43243244
74.3	  0.43243244
74.5	  0.4341216
74.7	  0.4341216
74.9	  0.4358108
75.1	  0.4358108
75.3	  0.4375
75.5	  0.44256756
75.7	  0.44256756
75.9	  0.44256756
76.1	  0.44256756
76.3	  0.44256756
76.5	  0.44256756
76.7	  0.44256756
76.9	  0.44425675
77.1	  0.44594595
77.3	  0.44594595
77.5	  0.44763514
77.7	  0.44763514
77.9	  0.44763514
78.1	  0.44763514
78.3	  0.4493243
78.5	  0.4493243
78.7	  0.4493243
78.9	  0.4510135
79.1	  0.4543919
79.3	  0.4543919
79.5	  0.4560811
79.7	  0.45777026
79.9	  0.45945945
80.1	  0.46114865
80.3	  0.46452704
80.5	  0.46452704
80.7	  0.4679054
80.9	  0.4679054
81.1	  0.47297296
81.3	  0.47466215
81.5	  0.47635135
81.7	  0.47804055
81.9	  0.47804055
82.1	  0.47804055
82.3	  0.47804055
82.5	  0.47804055
82.7	  0.47804055
82.9	  0.47972974
83.1	  0.4831081
83.3	  0.4847973
83.5	  0.4847973
83.7	  0.4847973
83.9	  0.4847973
84.1	  0.4847973
84.3	  0.4847973
84.5	  0.4847973
84.7	  0.4847973
84.9	  0.4847973
85.1	  0.4881757
85.3	  0.4881757
85.5	  0.4881757
85.7	  0.4881757
85.9	  0.48986486
86.1	  0.48986486
86.3	  0.48986486
86.5	  0.48986486
86.7	  0.49155405
86.9	  0.49493244
87.1	  0.4966216
87.3	  0.5033784
87.5	  0.5033784
87.7	  0.5050676
87.9	  0.5067568
88.1	  0.5101351
88.3	  0.5118243
88.5	  0.5118243
88.7	  0.5118243
88.9	  0.5152027
89.1	  0.5168919
89.3	  0.5202703
89.5	  0.5202703
89.7	  0.5202703
89.9	  0.5202703
90.1	  0.5202703
90.3	  0.5202703
90.5	  0.5202703
90.7	  0.5202703
90.9	  0.5219595
91.1	  0.5236486
91.3	  0.5236486
91.5	  0.5236486
91.7	  0.5236486
91.9	  0.5236486
92.1	  0.5253378
92.3	  0.5253378
92.5	  0.527027
92.7	  0.527027
92.9	  0.5304054
93.1	  0.5304054
93.3	  0.5320946
93.5	  0.5320946
93.7	  0.5337838
93.9	  0.5337838
94.1	  0.5337838
94.3	  0.535473
94.5	  0.5371622
94.7	  0.5371622
94.9	  0.5371622
95.1	  0.5388514
95.3	  0.5388514
95.5	  0.5472973
95.7	  0.5523649
95.9	  0.5523649
96.1	  0.5540541
96.3	  0.5540541
96.5	  0.5574324
96.7	  0.5574324
96.9	  0.5574324
97.1	  0.5574324
97.3	  0.5591216
97.5	  0.5591216
97.7	  0.5591216
97.9	  0.5591216
98.1	  0.5608108
98.3	  0.5608108
98.5	  0.5625
98.7	  0.5625
98.9	  0.5625
99.1	  0.5625
99.3	  0.5625
99.5	  0.5641892
99.7	  0.5658784
99.9	  0.5658784
100.1	  0.5658784
100.3	  0.5675676
100.5	  0.5692568
100.7	  0.5692568
100.9	  0.5692568
101.1	  0.5692568
101.3	  0.5709459
101.5	  0.5726351
101.7	  0.5760135
101.9	  0.5760135
102.1	  0.5777027
102.3	  0.5793919
102.5	  0.5793919
102.7	  0.5810811
102.9	  0.5810811
103.1	  0.5827703
103.3	  0.5861486
103.5	  0.589527
103.7	  0.5929054
103.9	  0.5945946
104.1	  0.5945946
104.3	  0.597973
104.5	  0.597973
104.7	  0.597973
104.9	  0.597973
105.1	  0.597973
105.3	  0.597973
105.5	  0.5996622
105.7	  0.5996622
105.9	  0.6013514
106.1	  0.6013514
106.3	  0.6030405
106.5	  0.6030405
106.7	  0.6030405
106.9	  0.6030405
107.1	  0.6030405
107.3	  0.6030405
107.5	  0.6030405
107.7	  0.6081081
107.9	  0.6114865
108.1	  0.6114865
108.3	  0.6131757
108.5	  0.6131757
108.7	  0.6131757
108.9	  0.6131757
109.1	  0.6148649
109.3	  0.6148649
109.5	  0.6148649
109.7	  0.6165541
109.9	  0.6182432
110.1	  0.6182432
110.3	  0.6182432
110.5	  0.6199324
110.7	  0.6216216
110.9	  0.6216216
111.1	  0.625
111.3	  0.625
111.5	  0.625
111.7	  0.625
111.9	  0.6283784
112.1	  0.6317568
112.3	  0.6317568
112.5	  0.6317568
112.7	  0.6317568
112.9	  0.6317568
113.1	  0.6317568
113.3	  0.6317568
113.5	  0.6334459
113.7	  0.6334459
113.9	  0.6385135
114.1	  0.6402027
114.3	  0.6402027
114.5	  0.6402027
114.7	  0.6402027
114.9	  0.6402027
115.1	  0.6402027
115.3	  0.6402027
115.5	  0.6402027
115.7	  0.6435811
115.9	  0.6435811
116.1	  0.6469595
116.3	  0.6469595
116.5	  0.6469595
116.7	  0.6486486
116.9	  0.6503378
117.1	  0.6503378
117.3	  0.6503378
117.5	  0.652027
117.7	  0.6537162
117.9	  0.6537162
118.1	  0.6537162
118.3	  0.6537162
118.5	  0.6554054
118.7	  0.6587838
118.9	  0.660473
119.1	  0.660473
119.3	  0.660473
119.5	  0.660473
119.7	  0.660473
119.9	  0.6621622
120.1	  0.6655405
120.3	  0.6689189
120.5	  0.6689189
120.7	  0.6689189
120.9	  0.6689189
121.1	  0.6689189
121.3	  0.6706081
121.5	  0.6706081
121.7	  0.6706081
121.9	  0.6722973
122.1	  0.6722973
122.3	  0.6739865
122.5	  0.6739865
122.7	  0.6773649
122.9	  0.6773649
123.1	  0.6773649
123.3	  0.6790541
123.5	  0.6790541
123.7	  0.6807432
123.9	  0.6807432
124.1	  0.6807432
124.3	  0.6824324
124.5	  0.6841216
124.7	  0.6841216
124.9	  0.6841216
125.1	  0.6841216
125.3	  0.6858108
125.5	  0.6858108
125.7	  0.6858108
125.9	  0.6858108
126.1	  0.6908784
126.3	  0.6908784
126.5	  0.6942568
126.7	  0.6942568
126.9	  0.6959459
127.1	  0.6959459
127.3	  0.6959459
127.5	  0.6959459
127.7	  0.6959459
127.9	  0.6976351
128.1	  0.6993243
128.3	  0.6993243
128.5	  0.7043919
128.7	  0.7043919
128.9	  0.7077703
129.1	  0.7077703
129.3	  0.7077703
129.5	  0.7077703
129.7	  0.7094595
129.9	  0.7094595
130.1	  0.7094595
130.3	  0.7094595
130.5	  0.7111486
130.7	  0.7111486
130.9	  0.7128378
131.1	  0.714527
131.3	  0.714527
131.5	  0.7162162
131.7	  0.7162162
131.9	  0.7162162
132.1	  0.7162162
132.3	  0.7179054
132.5	  0.7195946
132.7	  0.7195946
132.9	  0.7195946
133.1	  0.7195946
133.3	  0.7195946
133.5	  0.7195946
133.7	  0.7195946
133.9	  0.722973
134.1	  0.7263514
134.3	  0.7280405
134.5	  0.7280405
134.7	  0.7280405
134.9	  0.7297297
135.1	  0.7314189
135.3	  0.7331081
135.5	  0.7331081
135.7	  0.7331081
135.9	  0.7347973
136.1	  0.7347973
136.3	  0.7364865
136.5	  0.7364865
136.7	  0.7432432
136.9	  0.7432432
137.1	  0.7449324
137.3	  0.7449324
137.5	  0.7466216
137.7	  0.7466216
137.9	  0.7466216
138.1	  0.7466216
138.3	  0.7466216
138.5	  0.7466216
138.7	  0.75
138.9	  0.75
139.1	  0.7516892
139.3	  0.7516892
139.5	  0.7516892
139.7	  0.7516892
139.9	  0.7533784
140.1	  0.7550676
140.3	  0.7550676
140.5	  0.7550676
140.7	  0.7567568
140.9	  0.7584459
141.1	  0.7601351
141.3	  0.7601351
141.5	  0.7601351
141.7	  0.7601351
141.9	  0.7635135
142.1	  0.7652027
142.3	  0.7668919
142.5	  0.7668919
142.7	  0.7668919
142.9	  0.7702703
143.1	  0.7702703
143.3	  0.7753378
143.5	  0.777027
143.7	  0.7787162
143.9	  0.7787162
144.1	  0.7787162
144.3	  0.7804054
144.5	  0.7820946
144.7	  0.7820946
144.9	  0.7837838
145.1	  0.7837838
145.3	  0.7837838
145.5	  0.7837838
145.7	  0.7837838
145.9	  0.7837838
146.1	  0.7837838
146.3	  0.785473
146.5	  0.785473
146.7	  0.785473
146.9	  0.7871622
147.1	  0.7871622
147.3	  0.7888514
147.5	  0.7888514
147.7	  0.7888514
147.9	  0.7888514
148.1	  0.7922297
148.3	  0.7922297
148.5	  0.7922297
148.7	  0.7922297
148.9	  0.7956081
149.1	  0.7989865
149.3	  0.7989865
149.5	  0.8023649
149.7	  0.8040541
149.9	  0.8040541
150.1	  0.8040541
150.3	  0.8074324
150.5	  0.8074324
150.7	  0.8074324
150.9	  0.8091216
151.1	  0.8108108
151.3	  0.8108108
151.5	  0.8125
151.7	  0.8141892
151.9	  0.8141892
152.1	  0.8141892
152.3	  0.8141892
152.5	  0.8141892
152.7	  0.8158784
152.9	  0.8158784
153.1	  0.8158784
153.3	  0.8175676
153.5	  0.8175676
153.7	  0.8175676
153.9	  0.8175676
154.1	  0.8175676
154.3	  0.8192568
154.5	  0.8192568
154.7	  0.8209459
154.9	  0.8209459
155.1	  0.8260135
155.3	  0.8260135
155.5	  0.8277027
155.7	  0.8293919
155.9	  0.8293919
156.1	  0.8293919
156.3	  0.8293919
156.5	  0.8293919
156.7	  0.8293919
156.9	  0.8293919
157.1	  0.8310811
157.3	  0.8327703
157.5	  0.8327703
157.7	  0.8344595
157.9	  0.8344595
158.1	  0.8344595
158.3	  0.8344595
158.5	  0.8378378
158.7	  0.8378378
158.9	  0.8378378
159.1	  0.8378378
159.3	  0.839527
159.5	  0.839527
159.7	  0.8412162
159.9	  0.8429054
160.1	  0.8429054
160.3	  0.8462838
160.5	  0.8462838
160.7	  0.8462838
160.9	  0.8513514
161.1	  0.8513514
161.3	  0.8530405
161.5	  0.8530405
161.7	  0.8547297
161.9	  0.8547297
162.1	  0.8547297
162.3	  0.8547297
162.5	  0.8547297
162.7	  0.8547297
162.9	  0.8547297
163.1	  0.8547297
163.3	  0.8564189
163.5	  0.8581081
163.7	  0.8581081
163.9	  0.8597973
164.1	  0.8597973
164.3	  0.8597973
164.5	  0.8597973
164.7	  0.8614865
164.9	  0.8614865
165.1	  0.8614865
165.3	  0.8614865
165.5	  0.8631757
165.7	  0.8631757
165.9	  0.8631757
166.1	  0.8648649
166.3	  0.8648649
166.5	  0.8665541
166.7	  0.8682432
166.9	  0.8682432
167.1	  0.8682432
167.3	  0.8699324
167.5	  0.8716216
167.7	  0.8716216
167.9	  0.8733108
168.1	  0.875
168.3	  0.875
168.5	  0.875
168.7	  0.875
168.9	  0.875
169.1	  0.8800676
169.3	  0.8817568
169.5	  0.8817568
169.7	  0.8817568
169.9	  0.8817568
170.1	  0.8817568
170.3	  0.8817568
170.5	  0.8834459
170.7	  0.8834459
170.9	  0.8851351
171.1	  0.8851351
171.3	  0.8851351
171.5	  0.8851351
171.7	  0.8868243
171.9	  0.8868243
172.1	  0.8868243
172.3	  0.8868243
172.5	  0.8868243
172.7	  0.8868243
172.9	  0.8868243
173.1	  0.8885135
173.3	  0.8885135
173.5	  0.8885135
173.7	  0.8902027
173.9	  0.8902027
174.1	  0.8902027
174.3	  0.8918919
174.5	  0.8918919
174.7	  0.8918919
174.9	  0.8952703
175.1	  0.8952703
175.3	  0.8952703
175.5	  0.8952703
175.7	  0.8952703
175.9	  0.8969595
176.1	  0.9003378
176.3	  0.9037162
176.5	  0.9037162
176.7	  0.9037162
176.9	  0.9037162
177.1	  0.9054054
177.3	  0.9054054
177.5	  0.9070946
177.7	  0.9070946
177.9	  0.9070946
178.1	  0.9070946
178.3	  0.9070946
178.5	  0.9070946
178.7	  0.9087838
178.9	  0.910473
179.1	  0.910473
179.3	  0.910473
179.5	  0.910473
179.7	  0.910473
179.9	  0.910473
180.1	  0.910473
180.3	  0.910473
180.5	  0.9121622
180.7	  0.9138514
180.9	  0.9138514
181.1	  0.9138514
181.3	  0.9138514
181.5	  0.9155405
181.7	  0.9155405
181.9	  0.9172297
182.1	  0.9189189
182.3	  0.9206081
182.5	  0.9206081
182.7	  0.9206081
182.9	  0.9206081
183.1	  0.9222973
183.3	  0.9239865
183.5	  0.9239865
183.7	  0.9239865
183.9	  0.9239865
184.1	  0.9256757
184.3	  0.9256757
184.5	  0.9307432
184.7	  0.9307432
184.9	  0.9307432
185.1	  0.9307432
185.3	  0.9307432
185.5	  0.9307432
185.7	  0.9307432
185.9	  0.9307432
186.1	  0.9307432
186.3	  0.9307432
186.5	  0.9324324
186.7	  0.9341216
186.9	  0.9341216
187.1	  0.9341216
187.3	  0.9341216
187.5	  0.9375
187.7	  0.9375
187.9	  0.9375
188.1	  0.9375
188.3	  0.9375
188.5	  0.9375
188.7	  0.9375
188.9	  0.9391892
189.1	  0.9391892
189.3	  0.9391892
189.5	  0.9391892
189.7	  0.9391892
189.9	  0.9391892
190.1	  0.9408784
190.3	  0.9442568
190.5	  0.9442568
190.7	  0.9442568
190.9	  0.9442568
191.1	  0.9459459
191.3	  0.9459459
191.5	  0.9459459
191.7	  0.9459459
191.9	  0.9459459
192.1	  0.9459459
192.3	  0.9493243
192.5	  0.9493243
192.7	  0.9493243
192.9	  0.9510135
193.1	  0.9510135
193.3	  0.9510135
193.5	  0.9510135
193.7	  0.9510135
193.9	  0.9510135
194.1	  0.9510135
194.3	  0.9510135
194.5	  0.9510135
194.7	  0.9527027
194.9	  0.9527027
195.1	  0.9527027
195.3	  0.9527027
195.5	  0.9527027
195.7	  0.9527027
195.9	  0.9560811
196.1	  0.9560811
196.3	  0.9577703
196.5	  0.9577703
196.7	  0.9577703
196.9	  0.9577703
197.1	  0.9577703
197.3	  0.9577703
197.5	  0.9577703
197.7	  0.9577703
197.9	  0.9594595
198.1	  0.9611486
198.3	  0.9611486
198.5	  0.9611486
198.7	  0.9611486
198.9	  0.9611486
199.1	  0.9611486
199.3	  0.9611486
199.5	  0.9611486
199.7	  0.9611486
199.9	  0.9611486
200.1	  0.9611486
200.3	  0.9611486
200.5	  0.9611486
200.7	  0.9611486
200.9	  0.9611486
201.1	  0.9611486
201.3	  0.9611486
201.5	  0.9611486
201.7	  0.964527
201.9	  0.964527
202.1	  0.964527
202.3	  0.964527
202.5	  0.964527
202.7	  0.964527
202.9	  0.964527
203.1	  0.964527
203.3	  0.9662162
203.5	  0.9662162
203.7	  0.9679054
203.9	  0.9679054
204.1	  0.9679054
204.3	  0.9679054
204.5	  0.9679054
204.7	  0.9679054
204.9	  0.9679054
205.1	  0.9695946
205.3	  0.9695946
205.5	  0.9695946
205.7	  0.9695946
205.9	  0.9695946
206.1	  0.9695946
206.3	  0.9695946
206.5	  0.9712838
206.7	  0.9712838
206.9	  0.972973
207.1	  0.972973
207.3	  0.972973
207.5	  0.972973
207.7	  0.972973
207.9	  0.972973
208.1	  0.972973
208.3	  0.972973
208.5	  0.972973
208.7	  0.9746622
208.9	  0.9746622
209.1	  0.9746622
209.3	  0.9746622
209.5	  0.9746622
209.7	  0.9746622
209.9	  0.9746622
210.1	  0.9746622
210.3	  0.9763514
210.5	  0.9763514
210.7	  0.9763514
210.9	  0.9763514
211.1	  0.9763514
211.3	  0.9763514
211.5	  0.9763514
211.7	  0.9780405
211.9	  0.9780405
212.1	  0.9797297
212.3	  0.9797297
212.5	  0.9797297
212.7	  0.9797297
212.9	  0.9797297
213.1	  0.9797297
213.3	  0.9797297
213.5	  0.9797297
213.7	  0.9797297
213.9	  0.9814189
214.1	  0.9831081
214.3	  0.9831081
214.5	  0.9831081
214.7	  0.9831081
214.9	  0.9831081
215.1	  0.9831081
215.3	  0.9831081
215.5	  0.9831081
215.7	  0.9847973
215.9	  0.9847973
216.1	  0.9847973
216.3	  0.9847973
216.5	  0.9847973
216.7	  0.9847973
216.9	  0.9864865
217.1	  0.9864865
217.3	  0.9881757
217.5	  0.9881757
217.7	  0.9881757
217.9	  0.9881757
218.1	  0.9881757
218.3	  0.9881757
218.5	  0.9881757
218.7	  0.9881757
218.9	  0.9881757
219.1	  0.9881757
219.3	  0.9881757
219.5	  0.9898649
219.7	  0.9898649
219.9	  0.9898649
220.1	  0.9898649
220.3	  0.9898649
220.5	  0.9898649
220.7	  0.9898649
220.9	  0.9915541
221.1	  0.9915541
221.3	  0.9915541
221.5	  0.9915541
221.7	  0.9915541
221.9	  0.9915541
222.1	  0.9915541
222.3	  0.9932432
222.5	  0.9932432
222.7	  0.9949324
222.9	  0.9949324
223.1	  0.9949324
223.3	  0.9949324
223.5	  0.9949324
223.7	  0.9949324
223.9	  0.9949324
224.1	  0.9949324
224.3	  0.9949324
224.5	  0.9949324
224.7	  0.9966216
224.9	  0.9966216
225.1	  0.9966216
225.3	  0.9966216
225.5	  0.9966216
225.7	  0.9966216
225.9	  0.9966216
226.1	  0.9966216
226.3	  0.9966216
226.5	  0.9966216
226.7	  0.9966216
226.9	  0.9966216
227.1	  0.9966216
227.3	  0.9966216
227.5	  0.9966216
227.7	  0.9966216
227.9	  0.9983108
228.1	  0.9983108
228.3	  0.9983108
228.5	  0.9983108
228.7	  0.9983108
228.9	  0.9983108
229.1	  0.9983108
229.3	  0.9983108
229.5	  0.9983108
229.7	  0.9983108
229.9	  1.0



DATASET #2

     Name: Rate-Weighted
   Points: 1150
     Info: 

Data[x,y]:
0.1	  0.0
0.3	  0.0
0.5	  0.0
0.7	  0.0
0.9	  0.0
1.1	  0.0
1.3	  0.0
1.5	  0.0
1.7	  0.0
1.9	  0.0
2.1	  0.0
2.3	  0.0
2.5	  0.0
2.7	  0.0
2.9	  0.0
3.1	  0.0
3.3	  0.0
3.5	  0.0
3.7	  0.0
3.9	  0.0
4.1	  0.0
4.3	  0.0
4.5	  0.0
4.7	  0.0
4.9	  0.0
5.1	  0.0
5.3	  0.0
5.5	  0.0
5.7	  0.0
5.9	  0.0
6.1	  0.0
6.3	  0.0
6.5	  0.0
6.7	  0.0
6.9	  0.0
7.1	  0.0
7.3	  0.0
7.5	  0.0
7.7	  0.0
7.9	  0.0
8.1	  0.0
8.3	  0.0
8.5	  0.0
8.7	  0.0
8.9	  0.0
9.1	  0.0
9.3	  0.0
9.5	  0.0
9.7	  0.0
9.9	  0.0
10.1	  0.0
10.3	  0.0
10.5	  0.077308066
10.7	  0.077308066
10.9	  0.077308066
11.1	  0.077308066
11.3	  0.077308066
11.5	  0.11007632
11.7	  0.11007632
11.9	  0.11007632
12.1	  0.11007632
12.3	  0.37772405
12.5	  0.37772405
12.7	  0.37772405
12.9	  0.37772405
13.1	  0.37772405
13.3	  0.37772405
13.5	  0.37772405
13.7	  0.37772405
13.9	  0.37772405
14.1	  0.425978
14.3	  0.425978
14.5	  0.425978
14.7	  0.425978
14.9	  0.425978
15.1	  0.425978
15.3	  0.510541
15.5	  0.510541
15.7	  0.5113744
15.9	  0.5113744
16.1	  0.5113744
16.3	  0.5113744
16.5	  0.5805844
16.7	  0.5805844
16.9	  0.5805844
17.1	  0.58058465
17.3	  0.58058465
17.5	  0.58058465
17.7	  0.58058465
17.9	  0.58058465
18.1	  0.58058465
18.3	  0.58087677
18.5	  0.6138418
18.7	  0.6138418
18.9	  0.6138418
19.1	  0.6138418
19.3	  0.6138418
19.5	  0.6138418
19.7	  0.6138418
19.9	  0.6138418
20.1	  0.6138418
20.3	  0.6138418
20.5	  0.6138418
20.7	  0.6138418
20.9	  0.6138418
21.1	  0.62321466
21.3	  0.62321466
21.5	  0.62321466
21.7	  0.62321466
21.9	  0.62515026
22.1	  0.62515026
22.3	  0.62515026
22.5	  0.62515026
22.7	  0.62515026
22.9	  0.62515026
23.1	  0.6655223
23.3	  0.6655223
23.5	  0.6655223
23.7	  0.66707605
23.9	  0.66707605
24.1	  0.66707605
24.3	  0.66707605
24.5	  0.6686104
24.7	  0.68331826
24.9	  0.68331826
25.1	  0.68331826
25.3	  0.68331826
25.5	  0.68331826
25.7	  0.68331826
25.9	  0.68331826
26.1	  0.68331826
26.3	  0.72686183
26.5	  0.72686183
26.7	  0.72686183
26.9	  0.72686183
27.1	  0.7271409
27.3	  0.7271409
27.5	  0.7271409
27.7	  0.7283997
27.9	  0.7283997
28.1	  0.740046
28.3	  0.740046
28.5	  0.740046
28.7	  0.740046
28.9	  0.740046
29.1	  0.740046
29.3	  0.7428051
29.5	  0.7512949
29.7	  0.7512949
29.9	  0.75151926
30.1	  0.75151926
30.3	  0.75151926
30.5	  0.75151926
30.7	  0.77359664
30.9	  0.77359664
31.1	  0.77359664
31.3	  0.77359664
31.5	  0.77359664
31.7	  0.77359664
31.9	  0.7736707
32.1	  0.7736707
32.3	  0.7736707
32.5	  0.7762499
32.7	  0.7762499
32.9	  0.78623706
33.1	  0.78623706
33.3	  0.7892752
33.5	  0.7892752
33.7	  0.7892752
33.9	  0.7892752
34.1	  0.7892752
34.3	  0.7892752
34.5	  0.7892752
34.7	  0.7892752
34.9	  0.79312015
35.1	  0.79582506
35.3	  0.79582506
35.5	  0.79878896
35.7	  0.79878896
35.9	  0.8059567
36.1	  0.8059567
36.3	  0.8059567
36.5	  0.8059567
36.7	  0.8059567
36.9	  0.8059567
37.1	  0.8059652
37.3	  0.8059652
37.5	  0.8059652
37.7	  0.8095424
37.9	  0.8095424
38.1	  0.81719613
38.3	  0.81719613
38.5	  0.8292878
38.7	  0.8292878
38.9	  0.8292878
39.1	  0.8293053
39.3	  0.8293053
39.5	  0.841315
39.7	  0.841315
39.9	  0.841315
40.1	  0.841315
40.3	  0.8416952
40.5	  0.8416952
40.7	  0.8416952
40.9	  0.8416952
41.1	  0.8549534
41.3	  0.8549561
41.5	  0.8549581
41.7	  0.85914993
41.9	  0.85914993
42.1	  0.8591562
42.3	  0.8591562
42.5	  0.8591562
42.7	  0.8591562
42.9	  0.8591562
43.1	  0.8591562
43.3	  0.8591562
43.5	  0.8630272
43.7	  0.8630272
43.9	  0.8630377
44.1	  0.8630377
44.3	  0.8630377
44.5	  0.8630377
44.7	  0.8630613
44.9	  0.8630613
45.1	  0.8630613
45.3	  0.8630613
45.5	  0.8630613
45.7	  0.8630613
45.9	  0.8630613
46.1	  0.8690051
46.3	  0.8690051
46.5	  0.8759587
46.7	  0.8759587
46.9	  0.8759587
47.1	  0.8759587
47.3	  0.87767535
47.5	  0.87767535
47.7	  0.8894211
47.9	  0.89082354
48.1	  0.89086384
48.3	  0.89086384
48.5	  0.89086384
48.7	  0.89086384
48.9	  0.89086384
49.1	  0.89087236
49.3	  0.8913526
49.5	  0.8921172
49.7	  0.8921172
49.9	  0.8921172
50.1	  0.8921172
50.3	  0.8921172
50.5	  0.8921172
50.7	  0.8921172
50.9	  0.8921172
51.1	  0.8921172
51.3	  0.8921172
51.5	  0.8921172
51.7	  0.8921172
51.9	  0.8921172
52.1	  0.8921172
52.3	  0.8921172
52.5	  0.8921172
52.7	  0.8921172
52.9	  0.8921172
53.1	  0.8921183
53.3	  0.8921183
53.5	  0.8965536
53.7	  0.8965536
53.9	  0.8965536
54.1	  0.8965536
54.3	  0.89657676
54.5	  0.89657676
54.7	  0.89657676
54.9	  0.89657855
55.1	  0.89657855
55.3	  0.89657855
55.5	  0.898395
55.7	  0.898395
55.9	  0.89842486
56.1	  0.89842486
56.3	  0.89842486
56.5	  0.898478
56.7	  0.898478
56.9	  0.89849085
57.1	  0.89849085
57.3	  0.89849085
57.5	  0.89978224
57.7	  0.89978224
57.9	  0.89978224
58.1	  0.89978224
58.3	  0.89978224
58.5	  0.89978224
58.7	  0.89980215
58.9	  0.89980215
59.1	  0.8998138
59.3	  0.8998138
59.5	  0.8998138
59.7	  0.8998277
59.9	  0.8998277
60.1	  0.89983034
60.3	  0.89983034
60.5	  0.8998315
60.7	  0.8998315
60.9	  0.8998315
61.1	  0.8998315
61.3	  0.8998315
61.5	  0.89983636
61.7	  0.89983636
61.9	  0.89983636
62.1	  0.89983636
62.3	  0.89983636
62.5	  0.89983636
62.7	  0.90714926
62.9	  0.90714926
63.1	  0.9072015
63.3	  0.9072015
63.5	  0.9072015
63.7	  0.9082661
63.9	  0.9082661
64.1	  0.9082661
64.3	  0.91024745
64.5	  0.912564
64.7	  0.91256833
64.9	  0.9125732
65.1	  0.9125732
65.3	  0.9125786
65.5	  0.9125786
65.7	  0.9126084
65.9	  0.9126108
66.1	  0.9126108
66.3	  0.9130137
66.5	  0.9130137
66.7	  0.9130137
66.9	  0.9130137
67.1	  0.9130137
67.3	  0.9130137
67.5	  0.9135587
67.7	  0.9135587
67.9	  0.9135587
68.1	  0.9135587
68.3	  0.9135587
68.5	  0.9210994
68.7	  0.9210994
68.9	  0.9210994
69.1	  0.9210994
69.3	  0.9212343
69.5	  0.9212343
69.7	  0.9212343
69.9	  0.9212343
70.1	  0.9216026
70.3	  0.9216026
70.5	  0.9216026
70.7	  0.921739
70.9	  0.925498
71.1	  0.925498
71.3	  0.9255298
71.5	  0.9255462
71.7	  0.9255462
71.9	  0.92915905
72.1	  0.92915905
72.3	  0.92915905
72.5	  0.92916995
72.7	  0.929239
72.9	  0.93053466
73.1	  0.93053466
73.3	  0.93053466
73.5	  0.93053466
73.7	  0.93056124
73.9	  0.9315958
74.1	  0.9315958
74.3	  0.9315958
74.5	  0.93163663
74.7	  0.93163663
74.9	  0.93163943
75.1	  0.93163943
75.3	  0.93163943
75.5	  0.93264526
75.7	  0.93264526
75.9	  0.93264526
76.1	  0.93264526
76.3	  0.93264526
76.5	  0.93264526
76.7	  0.93264526
76.9	  0.93327343
77.1	  0.93327916
77.3	  0.93327916
77.5	  0.93327916
77.7	  0.93327916
77.9	  0.93327916
78.1	  0.93327916
78.3	  0.9333431
78.5	  0.9333431
78.7	  0.9333431
78.9	  0.9333521
79.1	  0.93429136
79.3	  0.93429136
79.5	  0.9352861
79.7	  0.93529403
79.9	  0.93529403
80.1	  0.93529403
80.3	  0.93540835
80.5	  0.93540835
80.7	  0.93543303
80.9	  0.93543303
81.1	  0.9361339
81.3	  0.9361339
81.5	  0.93614286
81.7	  0.9361604
81.9	  0.9361604
82.1	  0.9361604
82.3	  0.9361604
82.5	  0.9361604
82.7	  0.9361604
82.9	  0.93617946
83.1	  0.9361981
83.3	  0.9361981
83.5	  0.9361981
83.7	  0.9361981
83.9	  0.9361981
84.1	  0.9361981
84.3	  0.9361981
84.5	  0.9361981
84.7	  0.9361981
84.9	  0.9361981
85.1	  0.94168997
85.3	  0.94168997
85.5	  0.94168997
85.7	  0.94168997
85.9	  0.94168997
86.1	  0.94168997
86.3	  0.94168997
86.5	  0.94168997
86.7	  0.94168997
86.9	  0.94169664
87.1	  0.9417032
87.3	  0.9449267
87.5	  0.9449267
87.7	  0.94692415
87.9	  0.94692415
88.1	  0.9469718
88.3	  0.9469718
88.5	  0.9469718
88.7	  0.9469718
88.9	  0.9478924
89.1	  0.9479006
89.3	  0.95034754
89.5	  0.95034754
89.7	  0.95034754
89.9	  0.95034754
90.1	  0.95034754
90.3	  0.95034754
90.5	  0.95034754
90.7	  0.95034754
90.9	  0.95040196
91.1	  0.9527776
91.3	  0.9527776
91.5	  0.9527776
91.7	  0.9527776
91.9	  0.9527776
92.1	  0.9527837
92.3	  0.9527837
92.5	  0.9527837
92.7	  0.9527837
92.9	  0.95376956
93.1	  0.95376956
93.3	  0.95376956
93.5	  0.95376956
93.7	  0.9539762
93.9	  0.9539762
94.1	  0.9539762
94.3	  0.9539762
94.5	  0.9539762
94.7	  0.9539762
94.9	  0.9539762
95.1	  0.9540035
95.3	  0.9540035
95.5	  0.954943
95.7	  0.95494896
95.9	  0.95494896
96.1	  0.95494896
96.3	  0.95494896
96.5	  0.95607316
96.7	  0.95607316
96.9	  0.95607316
97.1	  0.95607316
97.3	  0.95607316
97.5	  0.95607316
97.7	  0.95607316
97.9	  0.95607316
98.1	  0.9583341
98.3	  0.9583341
98.5	  0.9583405
98.7	  0.9583405
98.9	  0.9583405
99.1	  0.9583405
99.3	  0.9583405
99.5	  0.9583405
99.7	  0.9583419
99.9	  0.9583419
100.1	  0.9583419
100.3	  0.95834434
100.5	  0.9598404
100.7	  0.9598404
100.9	  0.9598404
101.1	  0.9598404
101.3	  0.9598404
101.5	  0.9598418
101.7	  0.95984775
101.9	  0.95984775
102.1	  0.95984775
102.3	  0.9598592
102.5	  0.9598592
102.7	  0.9598592
102.9	  0.9598592
103.1	  0.9598592
103.3	  0.959861
103.5	  0.9630286
103.7	  0.9634792
103.9	  0.9634792
104.1	  0.9634792
104.3	  0.9659175
104.5	  0.9659175
104.7	  0.9659175
104.9	  0.9659175
105.1	  0.9659175
105.3	  0.9659175
105.5	  0.9659175
105.7	  0.9659175
105.9	  0.9659239
106.1	  0.9659239
106.3	  0.9659239
106.5	  0.9659239
106.7	  0.9659239
106.9	  0.9659239
107.1	  0.9659239
107.3	  0.9659239
107.5	  0.9659239
107.7	  0.9659304
107.9	  0.9659318
108.1	  0.9659318
108.3	  0.9660125
108.5	  0.9660125
108.7	  0.9660125
108.9	  0.9660125
109.1	  0.96615124
109.3	  0.96615124
109.5	  0.96615124
109.7	  0.9661544
109.9	  0.9661544
110.1	  0.9661544
110.3	  0.9661544
110.5	  0.96615964
110.7	  0.96615964
110.9	  0.96615964
111.1	  0.9665154
111.3	  0.9665154
111.5	  0.9665154
111.7	  0.9665154
111.9	  0.9732382
112.1	  0.9732382
112.3	  0.9732382
112.5	  0.9732382
112.7	  0.9732382
112.9	  0.9732382
113.1	  0.9732382
113.3	  0.9732382
113.5	  0.9732382
113.7	  0.9732382
113.9	  0.97327274
114.1	  0.9738246
114.3	  0.9738246
114.5	  0.9738246
114.7	  0.9738246
114.9	  0.9738246
115.1	  0.9738246
115.3	  0.9738246
115.5	  0.9738246
115.7	  0.97382677
115.9	  0.97382677
116.1	  0.97383267
116.3	  0.97383267
116.5	  0.97383267
116.7	  0.97384214
116.9	  0.9738443
117.1	  0.9738443
117.3	  0.9738443
117.5	  0.9738511
117.7	  0.97386295
117.9	  0.97386295
118.1	  0.97386295
118.3	  0.97386295
118.5	  0.97386396
118.7	  0.9741565
118.9	  0.9741565
119.1	  0.9741565
119.3	  0.9741565
119.5	  0.9741565
119.7	  0.9741565
119.9	  0.9741565
120.1	  0.9742149
120.3	  0.9742151
120.5	  0.9742151
120.7	  0.9742151
120.9	  0.9742151
121.1	  0.9742151
121.3	  0.97422653
121.5	  0.97422653
121.7	  0.97422653
121.9	  0.97422653
122.1	  0.97422653
122.3	  0.97422886
122.5	  0.97422886
122.7	  0.9742466
122.9	  0.9742466
123.1	  0.9742466
123.3	  0.9742472
123.5	  0.9742472
123.7	  0.97425926
123.9	  0.97425926
124.1	  0.97425926
124.3	  0.9742631
124.5	  0.97542375
124.7	  0.97542375
124.9	  0.97542375
125.1	  0.97542375
125.3	  0.9754259
125.5	  0.9754259
125.7	  0.9754259
125.9	  0.9754259
126.1	  0.97546065
126.3	  0.97546065
126.5	  0.97633314
126.7	  0.97633314
126.9	  0.9763371
127.1	  0.9763371
127.3	  0.9763371
127.5	  0.9763371
127.7	  0.9763371
127.9	  0.9763381
128.1	  0.97633874
128.3	  0.97633874
128.5	  0.9766444
128.7	  0.9766444
128.9	  0.9770772
129.1	  0.9770772
129.3	  0.9770772
129.5	  0.9770772
129.7	  0.9770772
129.9	  0.9770772
130.1	  0.9770772
130.3	  0.9770772
130.5	  0.9784542
130.7	  0.9784542
130.9	  0.9784551
131.1	  0.9784567
131.3	  0.9784567
131.5	  0.97847
131.7	  0.97847
131.9	  0.97847
132.1	  0.97847
132.3	  0.9784783
132.5	  0.9784783
132.7	  0.9784783
132.9	  0.9784783
133.1	  0.9784783
133.3	  0.9784783
133.5	  0.9784783
133.7	  0.9784783
133.9	  0.9785038
134.1	  0.97850436
134.3	  0.97883403
134.5	  0.97883403
134.7	  0.97883403
134.9	  0.97884107
135.1	  0.97884196
135.3	  0.9794338
135.5	  0.9794338
135.7	  0.9794338
135.9	  0.9794338
136.1	  0.9794338
136.3	  0.9794468
136.5	  0.9794468
136.7	  0.9799515
136.9	  0.9799515
137.1	  0.97997487
137.3	  0.97997487
137.5	  0.97997487
137.7	  0.97997487
137.9	  0.97997487
138.1	  0.97997487
138.3	  0.97997487
138.5	  0.97997487
138.7	  0.98100954
138.9	  0.98100954
139.1	  0.9810208
139.3	  0.9810208
139.5	  0.9810208
139.7	  0.9810208
139.9	  0.9810208
140.1	  0.9810209
140.3	  0.9810209
140.5	  0.9810209
140.7	  0.9810209
140.9	  0.9822017
141.1	  0.982211
141.3	  0.982211
141.5	  0.982211
141.7	  0.982211
141.9	  0.98221916
142.1	  0.982232
142.3	  0.9822321
142.5	  0.9822321
142.7	  0.9822321
142.9	  0.9824034
143.1	  0.9824034
143.3	  0.9824051
143.5	  0.9824051
143.7	  0.9826909
143.9	  0.9826909
144.1	  0.9826909
144.3	  0.9828361
144.5	  0.9828366
144.7	  0.9828366
144.9	  0.98283714
145.1	  0.98283714
145.3	  0.98283714
145.5	  0.98283714
145.7	  0.98283714
145.9	  0.98283714
146.1	  0.98283714
146.3	  0.98283714
146.5	  0.98283714
146.7	  0.98283714
146.9	  0.9828424
147.1	  0.9828424
147.3	  0.98284334
147.5	  0.98284334
147.7	  0.98284334
147.9	  0.98284334
148.1	  0.98285544
148.3	  0.98285544
148.5	  0.98285544
148.7	  0.98285544
148.9	  0.9828622
149.1	  0.9828698
149.3	  0.9828698
149.5	  0.9832871
149.7	  0.98451537
149.9	  0.98451537
150.1	  0.98451537
150.3	  0.9845195
150.5	  0.9845195
150.7	  0.9845195
150.9	  0.9845203
151.1	  0.98452276
151.3	  0.98452276
151.5	  0.98452276
151.7	  0.98452985
151.9	  0.98452985
152.1	  0.98452985
152.3	  0.98452985
152.5	  0.98452985
152.7	  0.9845316
152.9	  0.9845316
153.1	  0.9845316
153.3	  0.9845316
153.5	  0.9845316
153.7	  0.9845316
153.9	  0.9845316
154.1	  0.9845316
154.3	  0.9845317
154.5	  0.9845317
154.7	  0.9845317
154.9	  0.9845317
155.1	  0.986063
155.3	  0.986063
155.5	  0.986063
155.7	  0.986063
155.9	  0.986063
156.1	  0.986063
156.3	  0.986063
156.5	  0.986063
156.7	  0.986063
156.9	  0.986063
157.1	  0.98606384
157.3	  0.9860668
157.5	  0.9860668
157.7	  0.9860669
157.9	  0.9860669
158.1	  0.9860669
158.3	  0.9860669
158.5	  0.9860692
158.7	  0.9860692
158.9	  0.9860692
159.1	  0.9860692
159.3	  0.98608506
159.5	  0.98608506
159.7	  0.98609936
159.9	  0.9863187
160.1	  0.9863187
160.3	  0.9863187
160.5	  0.9863187
160.7	  0.9863187
160.9	  0.9863192
161.1	  0.9863192
161.3	  0.9863192
161.5	  0.9863192
161.7	  0.9863213
161.9	  0.9863213
162.1	  0.9863213
162.3	  0.9863213
162.5	  0.9863213
162.7	  0.9863213
162.9	  0.9863213
163.1	  0.9863213
163.3	  0.9863213
163.5	  0.9863225
163.7	  0.9863225
163.9	  0.98632485
164.1	  0.98632485
164.3	  0.98632485
164.5	  0.98632485
164.7	  0.98632485
164.9	  0.98632485
165.1	  0.98632485
165.3	  0.98632485
165.5	  0.98709536
165.7	  0.98709536
165.9	  0.98709536
166.1	  0.98709536
166.3	  0.98709536
166.5	  0.98709536
166.7	  0.9871032
166.9	  0.9871032
167.1	  0.9871032
167.3	  0.9871032
167.5	  0.9875761
167.7	  0.9875761
167.9	  0.9896262
168.1	  0.9901767
168.3	  0.9901767
168.5	  0.9901767
168.7	  0.9901767
168.9	  0.9901767
169.1	  0.99018484
169.3	  0.99018514
169.5	  0.99018514
169.7	  0.99018514
169.9	  0.99018514
170.1	  0.99018514
170.3	  0.99018514
170.5	  0.99018514
170.7	  0.99018514
170.9	  0.99018514
171.1	  0.99018514
171.3	  0.99018514
171.5	  0.99018514
171.7	  0.99018514
171.9	  0.99018514
172.1	  0.99018514
172.3	  0.99018514
172.5	  0.99018514
172.7	  0.99018514
172.9	  0.99018514
173.1	  0.99018514
173.3	  0.99018514
173.5	  0.99018514
173.7	  0.99110466
173.9	  0.99110466
174.1	  0.99110466
174.3	  0.99110955
174.5	  0.99110955
174.7	  0.99110955
174.9	  0.99111784
175.1	  0.99111784
175.3	  0.99111784
175.5	  0.99111784
175.7	  0.99111784
175.9	  0.9911193
176.1	  0.9911262
176.3	  0.9917401
176.5	  0.9917401
176.7	  0.9917401
176.9	  0.9917401
177.1	  0.99174845
177.3	  0.99174845
177.5	  0.99174845
177.7	  0.99174845
177.9	  0.99174845
178.1	  0.99174845
178.3	  0.99174845
178.5	  0.99174845
178.7	  0.9919344
178.9	  0.99194264
179.1	  0.99194264
179.3	  0.99194264
179.5	  0.99194264
179.7	  0.99194264
179.9	  0.99194264
180.1	  0.99194264
180.3	  0.99194264
180.5	  0.99194306
180.7	  0.99212
180.9	  0.99212
181.1	  0.99212
181.3	  0.99212
181.5	  0.99212
181.7	  0.99212
181.9	  0.9921224
182.1	  0.99413794
182.3	  0.99421453
182.5	  0.99421453
182.7	  0.99421453
182.9	  0.99421453
183.1	  0.99421555
183.3	  0.99474514
183.5	  0.99474514
183.7	  0.99474514
183.9	  0.99474514
184.1	  0.99496186
184.3	  0.99496186
184.5	  0.9960685
184.7	  0.9960685
184.9	  0.9960685
185.1	  0.9960685
185.3	  0.9960685
185.5	  0.9960685
185.7	  0.9960685
185.9	  0.9960685
186.1	  0.9960685
186.3	  0.9960685
186.5	  0.9964958
186.7	  0.9964958
186.9	  0.9964958
187.1	  0.9964958
187.3	  0.9964958
187.5	  0.9965027
187.7	  0.9965027
187.9	  0.9965027
188.1	  0.9965027
188.3	  0.9965027
188.5	  0.9965027
188.7	  0.9965027
188.9	  0.9965083
189.1	  0.9965083
189.3	  0.9965083
189.5	  0.9965083
189.7	  0.9965083
189.9	  0.9965083
190.1	  0.9966861
190.3	  0.9972878
190.5	  0.9972878
190.7	  0.9972878
190.9	  0.9972878
191.1	  0.9972878
191.3	  0.9972878
191.5	  0.9972878
191.7	  0.9972878
191.9	  0.9972878
192.1	  0.9972878
192.3	  0.99876213
192.5	  0.99876213
192.7	  0.99876213
192.9	  0.9991707
193.1	  0.9991707
193.3	  0.9991707
193.5	  0.9991707
193.7	  0.9991707
193.9	  0.9991707
194.1	  0.9991707
194.3	  0.9991707
194.5	  0.9991707
194.7	  0.9991728
194.9	  0.9991728
195.1	  0.9991728
195.3	  0.9991728
195.5	  0.9991728
195.7	  0.9991728
195.9	  0.9991767
196.1	  0.9991767
196.3	  0.9991767
196.5	  0.9991767
196.7	  0.9991767
196.9	  0.9991767
197.1	  0.9991767
197.3	  0.9991767
197.5	  0.9991767
197.7	  0.9991767
197.9	  0.99918216
198.1	  0.9991975
198.3	  0.9991975
198.5	  0.9991975
198.7	  0.9991975
198.9	  0.9991975
199.1	  0.9991975
199.3	  0.9991975
199.5	  0.9991975
199.7	  0.9991975
199.9	  0.9991975
200.1	  0.9991975
200.3	  0.9991975
200.5	  0.9991975
200.7	  0.9991975
200.9	  0.9991975
201.1	  0.9991975
201.3	  0.9991975
201.5	  0.9991975
201.7	  0.99919856
201.9	  0.99919856
202.1	  0.99919856
202.3	  0.99919856
202.5	  0.99919856
202.7	  0.99919856
202.9	  0.99919856
203.1	  0.99919856
203.3	  0.99919856
203.5	  0.99919856
203.7	  0.99919856
203.9	  0.99919856
204.1	  0.99919856
204.3	  0.99919856
204.5	  0.99919856
204.7	  0.99919856
204.9	  0.99919856
205.1	  0.9992103
205.3	  0.9992103
205.5	  0.9992103
205.7	  0.9992103
205.9	  0.9992103
206.1	  0.9992103
206.3	  0.9992103
206.5	  0.9992273
206.7	  0.9992273
206.9	  0.9992273
207.1	  0.9992273
207.3	  0.9992273
207.5	  0.9992273
207.7	  0.9992273
207.9	  0.9992273
208.1	  0.9992273
208.3	  0.9992273
208.5	  0.9992273
208.7	  0.9992283
208.9	  0.9992283
209.1	  0.9992283
209.3	  0.9992283
209.5	  0.9992283
209.7	  0.9992283
209.9	  0.9992283
210.1	  0.9992283
210.3	  0.99923044
210.5	  0.99923044
210.7	  0.99923044
210.9	  0.99923044
211.1	  0.99923044
211.3	  0.99923044
211.5	  0.99923044
211.7	  0.99923307
211.9	  0.99923307
212.1	  0.9992564
212.3	  0.9992564
212.5	  0.9992564
212.7	  0.9992564
212.9	  0.9992564
213.1	  0.9992564
213.3	  0.9992564
213.5	  0.9992564
213.7	  0.9992564
213.9	  0.9992589
214.1	  0.99941915
214.3	  0.99941915
214.5	  0.99941915
214.7	  0.99941915
214.9	  0.99941915
215.1	  0.99941915
215.3	  0.99941915
215.5	  0.99941915
215.7	  0.99941915
215.9	  0.99941915
216.1	  0.99941915
216.3	  0.99941915
216.5	  0.99941915
216.7	  0.99941915
216.9	  0.99943006
217.1	  0.99943006
217.3	  0.9995629
217.5	  0.9995629
217.7	  0.9995629
217.9	  0.9995629
218.1	  0.9995629
218.3	  0.9995629
218.5	  0.9995629
218.7	  0.9995629
218.9	  0.9995629
219.1	  0.9995629
219.3	  0.9995629
219.5	  0.99967706
219.7	  0.99967706
219.9	  0.99967706
220.1	  0.99967706
220.3	  0.99967706
220.5	  0.99967706
220.7	  0.99967706
220.9	  0.9997443
221.1	  0.9997443
221.3	  0.9997443
221.5	  0.9997443
221.7	  0.9997443
221.9	  0.9997443
222.1	  0.9997443
222.3	  0.9998128
222.5	  0.9998128
222.7	  0.999832
222.9	  0.999832
223.1	  0.999832
223.3	  0.999832
223.5	  0.999832
223.7	  0.999832
223.9	  0.999832
224.1	  0.999832
224.3	  0.999832
224.5	  0.999832
224.7	  0.9998471
224.9	  0.9998471
225.1	  0.9998471
225.3	  0.9998471
225.5	  0.9998471
225.7	  0.9998471
225.9	  0.9998471
226.1	  0.9998471
226.3	  0.9998471
226.5	  0.9998471
226.7	  0.9998471
226.9	  0.9998471
227.1	  0.9998471
227.3	  0.9998471
227.5	  0.9998471
227.7	  0.9998471
227.9	  0.9999046
228.1	  0.9999046
228.3	  0.9999046
228.5	  0.9999046
228.7	  0.9999046
228.9	  0.9999046
229.1	  0.9999046
229.3	  0.9999046
229.5	  0.9999046
229.7	  0.9999046
229.9	  1.0



DATASET #3

     Name: Common
   Points: 1150
     Info: 

Data[x,y]:
0.1	  NaN
0.3	  NaN
0.5	  NaN
0.7	  NaN
0.9	  NaN
1.1	  NaN
1.3	  NaN
1.5	  NaN
1.7	  NaN
1.9	  NaN
2.1	  NaN
2.3	  NaN
2.5	  NaN
2.7	  NaN
2.9	  NaN
3.1	  NaN
3.3	  NaN
3.5	  NaN
3.7	  NaN
3.9	  NaN
4.1	  NaN
4.3	  NaN
4.5	  NaN
4.7	  NaN
4.9	  NaN
5.1	  NaN
5.3	  NaN
5.5	  NaN
5.7	  NaN
5.9	  NaN
6.1	  NaN
6.3	  NaN
6.5	  NaN
6.7	  NaN
6.9	  NaN
7.1	  NaN
7.3	  NaN
7.5	  NaN
7.7	  NaN
7.9	  NaN
8.1	  NaN
8.3	  NaN
8.5	  NaN
8.7	  NaN
8.9	  NaN
9.1	  NaN
9.3	  NaN
9.5	  NaN
9.7	  NaN
9.9	  NaN
10.1	  NaN
10.3	  NaN
10.5	  NaN
10.7	  NaN
10.9	  NaN
11.1	  NaN
11.3	  NaN
11.5	  NaN
11.7	  NaN
11.9	  NaN
12.1	  NaN
12.3	  NaN
12.5	  NaN
12.7	  NaN
12.9	  NaN
13.1	  NaN
13.3	  NaN
13.5	  NaN
13.7	  NaN
13.9	  NaN
14.1	  NaN
14.3	  NaN
14.5	  NaN
14.7	  NaN
14.9	  NaN
15.1	  NaN
15.3	  NaN
15.5	  NaN
15.7	  NaN
15.9	  NaN
16.1	  NaN
16.3	  NaN
16.5	  NaN
16.7	  NaN
16.9	  NaN
17.1	  NaN
17.3	  NaN
17.5	  NaN
17.7	  NaN
17.9	  NaN
18.1	  NaN
18.3	  NaN
18.5	  NaN
18.7	  NaN
18.9	  NaN
19.1	  NaN
19.3	  NaN
19.5	  NaN
19.7	  NaN
19.9	  NaN
20.1	  NaN
20.3	  NaN
20.5	  NaN
20.7	  NaN
20.9	  NaN
21.1	  NaN
21.3	  NaN
21.5	  NaN
21.7	  NaN
21.9	  NaN
22.1	  NaN
22.3	  NaN
22.5	  NaN
22.7	  NaN
22.9	  NaN
23.1	  NaN
23.3	  NaN
23.5	  NaN
23.7	  NaN
23.9	  NaN
24.1	  NaN
24.3	  NaN
24.5	  NaN
24.7	  NaN
24.9	  NaN
25.1	  NaN
25.3	  NaN
25.5	  NaN
25.7	  NaN
25.9	  NaN
26.1	  NaN
26.3	  NaN
26.5	  NaN
26.7	  NaN
26.9	  NaN
27.1	  NaN
27.3	  NaN
27.5	  NaN
27.7	  NaN
27.9	  NaN
28.1	  NaN
28.3	  NaN
28.5	  NaN
28.7	  NaN
28.9	  NaN
29.1	  NaN
29.3	  NaN
29.5	  NaN
29.7	  NaN
29.9	  NaN
30.1	  NaN
30.3	  NaN
30.5	  NaN
30.7	  NaN
30.9	  NaN
31.1	  NaN
31.3	  NaN
31.5	  NaN
31.7	  NaN
31.9	  NaN
32.1	  NaN
32.3	  NaN
32.5	  NaN
32.7	  NaN
32.9	  NaN
33.1	  NaN
33.3	  NaN
33.5	  NaN
33.7	  NaN
33.9	  NaN
34.1	  NaN
34.3	  NaN
34.5	  NaN
34.7	  NaN
34.9	  NaN
35.1	  NaN
35.3	  NaN
35.5	  NaN
35.7	  NaN
35.9	  NaN
36.1	  NaN
36.3	  NaN
36.5	  NaN
36.7	  NaN
36.9	  NaN
37.1	  NaN
37.3	  NaN
37.5	  NaN
37.7	  NaN
37.9	  NaN
38.1	  NaN
38.3	  NaN
38.5	  NaN
38.7	  NaN
38.9	  NaN
39.1	  NaN
39.3	  NaN
39.5	  NaN
39.7	  NaN
39.9	  NaN
40.1	  NaN
40.3	  NaN
40.5	  NaN
40.7	  NaN
40.9	  NaN
41.1	  NaN
41.3	  NaN
41.5	  NaN
41.7	  NaN
41.9	  NaN
42.1	  NaN
42.3	  NaN
42.5	  NaN
42.7	  NaN
42.9	  NaN
43.1	  NaN
43.3	  NaN
43.5	  NaN
43.7	  NaN
43.9	  NaN
44.1	  NaN
44.3	  NaN
44.5	  NaN
44.7	  NaN
44.9	  NaN
45.1	  NaN
45.3	  NaN
45.5	  NaN
45.7	  NaN
45.9	  NaN
46.1	  NaN
46.3	  NaN
46.5	  NaN
46.7	  NaN
46.9	  NaN
47.1	  NaN
47.3	  NaN
47.5	  NaN
47.7	  NaN
47.9	  NaN
48.1	  NaN
48.3	  NaN
48.5	  NaN
48.7	  NaN
48.9	  NaN
49.1	  NaN
49.3	  NaN
49.5	  NaN
49.7	  NaN
49.9	  NaN
50.1	  NaN
50.3	  NaN
50.5	  NaN
50.7	  NaN
50.9	  NaN
51.1	  NaN
51.3	  NaN
51.5	  NaN
51.7	  NaN
51.9	  NaN
52.1	  NaN
52.3	  NaN
52.5	  NaN
52.7	  NaN
52.9	  NaN
53.1	  NaN
53.3	  NaN
53.5	  NaN
53.7	  NaN
53.9	  NaN
54.1	  NaN
54.3	  NaN
54.5	  NaN
54.7	  NaN
54.9	  NaN
55.1	  NaN
55.3	  NaN
55.5	  NaN
55.7	  NaN
55.9	  NaN
56.1	  NaN
56.3	  NaN
56.5	  NaN
56.7	  NaN
56.9	  NaN
57.1	  NaN
57.3	  NaN
57.5	  NaN
57.7	  NaN
57.9	  NaN
58.1	  NaN
58.3	  NaN
58.5	  NaN
58.7	  NaN
58.9	  NaN
59.1	  NaN
59.3	  NaN
59.5	  NaN
59.7	  NaN
59.9	  NaN
60.1	  NaN
60.3	  NaN
60.5	  NaN
60.7	  NaN
60.9	  NaN
61.1	  NaN
61.3	  NaN
61.5	  NaN
61.7	  NaN
61.9	  NaN
62.1	  NaN
62.3	  NaN
62.5	  NaN
62.7	  NaN
62.9	  NaN
63.1	  NaN
63.3	  NaN
63.5	  NaN
63.7	  NaN
63.9	  NaN
64.1	  NaN
64.3	  NaN
64.5	  NaN
64.7	  NaN
64.9	  NaN
65.1	  NaN
65.3	  NaN
65.5	  NaN
65.7	  NaN
65.9	  NaN
66.1	  NaN
66.3	  NaN
66.5	  NaN
66.7	  NaN
66.9	  NaN
67.1	  NaN
67.3	  NaN
67.5	  NaN
67.7	  NaN
67.9	  NaN
68.1	  NaN
68.3	  NaN
68.5	  NaN
68.7	  NaN
68.9	  NaN
69.1	  NaN
69.3	  NaN
69.5	  NaN
69.7	  NaN
69.9	  NaN
70.1	  NaN
70.3	  NaN
70.5	  NaN
70.7	  NaN
70.9	  NaN
71.1	  NaN
71.3	  NaN
71.5	  NaN
71.7	  NaN
71.9	  NaN
72.1	  NaN
72.3	  NaN
72.5	  NaN
72.7	  NaN
72.9	  NaN
73.1	  NaN
73.3	  NaN
73.5	  NaN
73.7	  NaN
73.9	  NaN
74.1	  NaN
74.3	  NaN
74.5	  NaN
74.7	  NaN
74.9	  NaN
75.1	  NaN
75.3	  NaN
75.5	  NaN
75.7	  NaN
75.9	  NaN
76.1	  NaN
76.3	  NaN
76.5	  NaN
76.7	  NaN
76.9	  NaN
77.1	  NaN
77.3	  NaN
77.5	  NaN
77.7	  NaN
77.9	  NaN
78.1	  NaN
78.3	  NaN
78.5	  NaN
78.7	  NaN
78.9	  NaN
79.1	  NaN
79.3	  NaN
79.5	  NaN
79.7	  NaN
79.9	  NaN
80.1	  NaN
80.3	  NaN
80.5	  NaN
80.7	  NaN
80.9	  NaN
81.1	  NaN
81.3	  NaN
81.5	  NaN
81.7	  NaN
81.9	  NaN
82.1	  NaN
82.3	  NaN
82.5	  NaN
82.7	  NaN
82.9	  NaN
83.1	  NaN
83.3	  NaN
83.5	  NaN
83.7	  NaN
83.9	  NaN
84.1	  NaN
84.3	  NaN
84.5	  NaN
84.7	  NaN
84.9	  NaN
85.1	  NaN
85.3	  NaN
85.5	  NaN
85.7	  NaN
85.9	  NaN
86.1	  NaN
86.3	  NaN
86.5	  NaN
86.7	  NaN
86.9	  NaN
87.1	  NaN
87.3	  NaN
87.5	  NaN
87.7	  NaN
87.9	  NaN
88.1	  NaN
88.3	  NaN
88.5	  NaN
88.7	  NaN
88.9	  NaN
89.1	  NaN
89.3	  NaN
89.5	  NaN
89.7	  NaN
89.9	  NaN
90.1	  NaN
90.3	  NaN
90.5	  NaN
90.7	  NaN
90.9	  NaN
91.1	  NaN
91.3	  NaN
91.5	  NaN
91.7	  NaN
91.9	  NaN
92.1	  NaN
92.3	  NaN
92.5	  NaN
92.7	  NaN
92.9	  NaN
93.1	  NaN
93.3	  NaN
93.5	  NaN
93.7	  NaN
93.9	  NaN
94.1	  NaN
94.3	  NaN
94.5	  NaN
94.7	  NaN
94.9	  NaN
95.1	  NaN
95.3	  NaN
95.5	  NaN
95.7	  NaN
95.9	  NaN
96.1	  NaN
96.3	  NaN
96.5	  NaN
96.7	  NaN
96.9	  NaN
97.1	  NaN
97.3	  NaN
97.5	  NaN
97.7	  NaN
97.9	  NaN
98.1	  NaN
98.3	  NaN
98.5	  NaN
98.7	  NaN
98.9	  NaN
99.1	  NaN
99.3	  NaN
99.5	  NaN
99.7	  NaN
99.9	  NaN
100.1	  NaN
100.3	  NaN
100.5	  NaN
100.7	  NaN
100.9	  NaN
101.1	  NaN
101.3	  NaN
101.5	  NaN
101.7	  NaN
101.9	  NaN
102.1	  NaN
102.3	  NaN
102.5	  NaN
102.7	  NaN
102.9	  NaN
103.1	  NaN
103.3	  NaN
103.5	  NaN
103.7	  NaN
103.9	  NaN
104.1	  NaN
104.3	  NaN
104.5	  NaN
104.7	  NaN
104.9	  NaN
105.1	  NaN
105.3	  NaN
105.5	  NaN
105.7	  NaN
105.9	  NaN
106.1	  NaN
106.3	  NaN
106.5	  NaN
106.7	  NaN
106.9	  NaN
107.1	  NaN
107.3	  NaN
107.5	  NaN
107.7	  NaN
107.9	  NaN
108.1	  NaN
108.3	  NaN
108.5	  NaN
108.7	  NaN
108.9	  NaN
109.1	  NaN
109.3	  NaN
109.5	  NaN
109.7	  NaN
109.9	  NaN
110.1	  NaN
110.3	  NaN
110.5	  NaN
110.7	  NaN
110.9	  NaN
111.1	  NaN
111.3	  NaN
111.5	  NaN
111.7	  NaN
111.9	  NaN
112.1	  NaN
112.3	  NaN
112.5	  NaN
112.7	  NaN
112.9	  NaN
113.1	  NaN
113.3	  NaN
113.5	  NaN
113.7	  NaN
113.9	  NaN
114.1	  NaN
114.3	  NaN
114.5	  NaN
114.7	  NaN
114.9	  NaN
115.1	  NaN
115.3	  NaN
115.5	  NaN
115.7	  NaN
115.9	  NaN
116.1	  NaN
116.3	  NaN
116.5	  NaN
116.7	  NaN
116.9	  NaN
117.1	  NaN
117.3	  NaN
117.5	  NaN
117.7	  NaN
117.9	  NaN
118.1	  NaN
118.3	  NaN
118.5	  NaN
118.7	  NaN
118.9	  NaN
119.1	  NaN
119.3	  NaN
119.5	  NaN
119.7	  NaN
119.9	  NaN
120.1	  NaN
120.3	  NaN
120.5	  NaN
120.7	  NaN
120.9	  NaN
121.1	  NaN
121.3	  NaN
121.5	  NaN
121.7	  NaN
121.9	  NaN
122.1	  NaN
122.3	  NaN
122.5	  NaN
122.7	  NaN
122.9	  NaN
123.1	  NaN
123.3	  NaN
123.5	  NaN
123.7	  NaN
123.9	  NaN
124.1	  NaN
124.3	  NaN
124.5	  NaN
124.7	  NaN
124.9	  NaN
125.1	  NaN
125.3	  NaN
125.5	  NaN
125.7	  NaN
125.9	  NaN
126.1	  NaN
126.3	  NaN
126.5	  NaN
126.7	  NaN
126.9	  NaN
127.1	  NaN
127.3	  NaN
127.5	  NaN
127.7	  NaN
127.9	  NaN
128.1	  NaN
128.3	  NaN
128.5	  NaN
128.7	  NaN
128.9	  NaN
129.1	  NaN
129.3	  NaN
129.5	  NaN
129.7	  NaN
129.9	  NaN
130.1	  NaN
130.3	  NaN
130.5	  NaN
130.7	  NaN
130.9	  NaN
131.1	  NaN
131.3	  NaN
131.5	  NaN
131.7	  NaN
131.9	  NaN
132.1	  NaN
132.3	  NaN
132.5	  NaN
132.7	  NaN
132.9	  NaN
133.1	  NaN
133.3	  NaN
133.5	  NaN
133.7	  NaN
133.9	  NaN
134.1	  NaN
134.3	  NaN
134.5	  NaN
134.7	  NaN
134.9	  NaN
135.1	  NaN
135.3	  NaN
135.5	  NaN
135.7	  NaN
135.9	  NaN
136.1	  NaN
136.3	  NaN
136.5	  NaN
136.7	  NaN
136.9	  NaN
137.1	  NaN
137.3	  NaN
137.5	  NaN
137.7	  NaN
137.9	  NaN
138.1	  NaN
138.3	  NaN
138.5	  NaN
138.7	  NaN
138.9	  NaN
139.1	  NaN
139.3	  NaN
139.5	  NaN
139.7	  NaN
139.9	  NaN
140.1	  NaN
140.3	  NaN
140.5	  NaN
140.7	  NaN
140.9	  NaN
141.1	  NaN
141.3	  NaN
141.5	  NaN
141.7	  NaN
141.9	  NaN
142.1	  NaN
142.3	  NaN
142.5	  NaN
142.7	  NaN
142.9	  NaN
143.1	  NaN
143.3	  NaN
143.5	  NaN
143.7	  NaN
143.9	  NaN
144.1	  NaN
144.3	  NaN
144.5	  NaN
144.7	  NaN
144.9	  NaN
145.1	  NaN
145.3	  NaN
145.5	  NaN
145.7	  NaN
145.9	  NaN
146.1	  NaN
146.3	  NaN
146.5	  NaN
146.7	  NaN
146.9	  NaN
147.1	  NaN
147.3	  NaN
147.5	  NaN
147.7	  NaN
147.9	  NaN
148.1	  NaN
148.3	  NaN
148.5	  NaN
148.7	  NaN
148.9	  NaN
149.1	  NaN
149.3	  NaN
149.5	  NaN
149.7	  NaN
149.9	  NaN
150.1	  NaN
150.3	  NaN
150.5	  NaN
150.7	  NaN
150.9	  NaN
151.1	  NaN
151.3	  NaN
151.5	  NaN
151.7	  NaN
151.9	  NaN
152.1	  NaN
152.3	  NaN
152.5	  NaN
152.7	  NaN
152.9	  NaN
153.1	  NaN
153.3	  NaN
153.5	  NaN
153.7	  NaN
153.9	  NaN
154.1	  NaN
154.3	  NaN
154.5	  NaN
154.7	  NaN
154.9	  NaN
155.1	  NaN
155.3	  NaN
155.5	  NaN
155.7	  NaN
155.9	  NaN
156.1	  NaN
156.3	  NaN
156.5	  NaN
156.7	  NaN
156.9	  NaN
157.1	  NaN
157.3	  NaN
157.5	  NaN
157.7	  NaN
157.9	  NaN
158.1	  NaN
158.3	  NaN
158.5	  NaN
158.7	  NaN
158.9	  NaN
159.1	  NaN
159.3	  NaN
159.5	  NaN
159.7	  NaN
159.9	  NaN
160.1	  NaN
160.3	  NaN
160.5	  NaN
160.7	  NaN
160.9	  NaN
161.1	  NaN
161.3	  NaN
161.5	  NaN
161.7	  NaN
161.9	  NaN
162.1	  NaN
162.3	  NaN
162.5	  NaN
162.7	  NaN
162.9	  NaN
163.1	  NaN
163.3	  NaN
163.5	  NaN
163.7	  NaN
163.9	  NaN
164.1	  NaN
164.3	  NaN
164.5	  NaN
164.7	  NaN
164.9	  NaN
165.1	  NaN
165.3	  NaN
165.5	  NaN
165.7	  NaN
165.9	  NaN
166.1	  NaN
166.3	  NaN
166.5	  NaN
166.7	  NaN
166.9	  NaN
167.1	  NaN
167.3	  NaN
167.5	  NaN
167.7	  NaN
167.9	  NaN
168.1	  NaN
168.3	  NaN
168.5	  NaN
168.7	  NaN
168.9	  NaN
169.1	  NaN
169.3	  NaN
169.5	  NaN
169.7	  NaN
169.9	  NaN
170.1	  NaN
170.3	  NaN
170.5	  NaN
170.7	  NaN
170.9	  NaN
171.1	  NaN
171.3	  NaN
171.5	  NaN
171.7	  NaN
171.9	  NaN
172.1	  NaN
172.3	  NaN
172.5	  NaN
172.7	  NaN
172.9	  NaN
173.1	  NaN
173.3	  NaN
173.5	  NaN
173.7	  NaN
173.9	  NaN
174.1	  NaN
174.3	  NaN
174.5	  NaN
174.7	  NaN
174.9	  NaN
175.1	  NaN
175.3	  NaN
175.5	  NaN
175.7	  NaN
175.9	  NaN
176.1	  NaN
176.3	  NaN
176.5	  NaN
176.7	  NaN
176.9	  NaN
177.1	  NaN
177.3	  NaN
177.5	  NaN
177.7	  NaN
177.9	  NaN
178.1	  NaN
178.3	  NaN
178.5	  NaN
178.7	  NaN
178.9	  NaN
179.1	  NaN
179.3	  NaN
179.5	  NaN
179.7	  NaN
179.9	  NaN
180.1	  NaN
180.3	  NaN
180.5	  NaN
180.7	  NaN
180.9	  NaN
181.1	  NaN
181.3	  NaN
181.5	  NaN
181.7	  NaN
181.9	  NaN
182.1	  NaN
182.3	  NaN
182.5	  NaN
182.7	  NaN
182.9	  NaN
183.1	  NaN
183.3	  NaN
183.5	  NaN
183.7	  NaN
183.9	  NaN
184.1	  NaN
184.3	  NaN
184.5	  NaN
184.7	  NaN
184.9	  NaN
185.1	  NaN
185.3	  NaN
185.5	  NaN
185.7	  NaN
185.9	  NaN
186.1	  NaN
186.3	  NaN
186.5	  NaN
186.7	  NaN
186.9	  NaN
187.1	  NaN
187.3	  NaN
187.5	  NaN
187.7	  NaN
187.9	  NaN
188.1	  NaN
188.3	  NaN
188.5	  NaN
188.7	  NaN
188.9	  NaN
189.1	  NaN
189.3	  NaN
189.5	  NaN
189.7	  NaN
189.9	  NaN
190.1	  NaN
190.3	  NaN
190.5	  NaN
190.7	  NaN
190.9	  NaN
191.1	  NaN
191.3	  NaN
191.5	  NaN
191.7	  NaN
191.9	  NaN
192.1	  NaN
192.3	  NaN
192.5	  NaN
192.7	  NaN
192.9	  NaN
193.1	  NaN
193.3	  NaN
193.5	  NaN
193.7	  NaN
193.9	  NaN
194.1	  NaN
194.3	  NaN
194.5	  NaN
194.7	  NaN
194.9	  NaN
195.1	  NaN
195.3	  NaN
195.5	  NaN
195.7	  NaN
195.9	  NaN
196.1	  NaN
196.3	  NaN
196.5	  NaN
196.7	  NaN
196.9	  NaN
197.1	  NaN
197.3	  NaN
197.5	  NaN
197.7	  NaN
197.9	  NaN
198.1	  NaN
198.3	  NaN
198.5	  NaN
198.7	  NaN
198.9	  NaN
199.1	  NaN
199.3	  NaN
199.5	  NaN
199.7	  NaN
199.9	  NaN
200.1	  NaN
200.3	  NaN
200.5	  NaN
200.7	  NaN
200.9	  NaN
201.1	  NaN
201.3	  NaN
201.5	  NaN
201.7	  NaN
201.9	  NaN
202.1	  NaN
202.3	  NaN
202.5	  NaN
202.7	  NaN
202.9	  NaN
203.1	  NaN
203.3	  NaN
203.5	  NaN
203.7	  NaN
203.9	  NaN
204.1	  NaN
204.3	  NaN
204.5	  NaN
204.7	  NaN
204.9	  NaN
205.1	  NaN
205.3	  NaN
205.5	  NaN
205.7	  NaN
205.9	  NaN
206.1	  NaN
206.3	  NaN
206.5	  NaN
206.7	  NaN
206.9	  NaN
207.1	  NaN
207.3	  NaN
207.5	  NaN
207.7	  NaN
207.9	  NaN
208.1	  NaN
208.3	  NaN
208.5	  NaN
208.7	  NaN
208.9	  NaN
209.1	  NaN
209.3	  NaN
209.5	  NaN
209.7	  NaN
209.9	  NaN
210.1	  NaN
210.3	  NaN
210.5	  NaN
210.7	  NaN
210.9	  NaN
211.1	  NaN
211.3	  NaN
211.5	  NaN
211.7	  NaN
211.9	  NaN
212.1	  NaN
212.3	  NaN
212.5	  NaN
212.7	  NaN
212.9	  NaN
213.1	  NaN
213.3	  NaN
213.5	  NaN
213.7	  NaN
213.9	  NaN
214.1	  NaN
214.3	  NaN
214.5	  NaN
214.7	  NaN
214.9	  NaN
215.1	  NaN
215.3	  NaN
215.5	  NaN
215.7	  NaN
215.9	  NaN
216.1	  NaN
216.3	  NaN
216.5	  NaN
216.7	  NaN
216.9	  NaN
217.1	  NaN
217.3	  NaN
217.5	  NaN
217.7	  NaN
217.9	  NaN
218.1	  NaN
218.3	  NaN
218.5	  NaN
218.7	  NaN
218.9	  NaN
219.1	  NaN
219.3	  NaN
219.5	  NaN
219.7	  NaN
219.9	  NaN
220.1	  NaN
220.3	  NaN
220.5	  NaN
220.7	  NaN
220.9	  NaN
221.1	  NaN
221.3	  NaN
221.5	  NaN
221.7	  NaN
221.9	  NaN
222.1	  NaN
222.3	  NaN
222.5	  NaN
222.7	  NaN
222.9	  NaN
223.1	  NaN
223.3	  NaN
223.5	  NaN
223.7	  NaN
223.9	  NaN
224.1	  NaN
224.3	  NaN
224.5	  NaN
224.7	  NaN
224.9	  NaN
225.1	  NaN
225.3	  NaN
225.5	  NaN
225.7	  NaN
225.9	  NaN
226.1	  NaN
226.3	  NaN
226.5	  NaN
226.7	  NaN
226.9	  NaN
227.1	  NaN
227.3	  NaN
227.5	  NaN
227.7	  NaN
227.9	  NaN
228.1	  NaN
228.3	  NaN
228.5	  NaN
228.7	  NaN
228.9	  NaN
229.1	  NaN
229.3	  NaN
229.5	  NaN
229.7	  NaN
229.9	  NaN


