
X-Axis: Section Max - Min Slip Rate in Rupture (mm/yr)
Y-Axis: Cumulative Fraction
Number of Data Sets: 1


DATASET #1

     Name: As Discretized
   Points: 650
     Info: 

Data[x,y]:
0.02	  0.20025966
0.06	  0.20025966
0.1	  0.20025966
0.14	  0.20025966
0.18	  0.20025966
0.22	  0.20025966
0.26	  0.20025966
0.3	  0.20025966
0.34	  0.20025966
0.38	  0.20025966
0.42	  0.20025966
0.46	  0.20025966
0.5	  0.20025966
0.54	  0.20025966
0.58	  0.20025966
0.62	  0.20025966
0.66	  0.20025966
0.7	  0.20025966
0.74	  0.20025966
0.78	  0.20025966
0.82	  0.20025966
0.86	  0.20025966
0.9	  0.20025966
0.94	  0.20025966
0.98	  0.20025966
1.02	  0.2525154
1.06	  0.2525154
1.1	  0.2525154
1.14	  0.2525154
1.18	  0.2525154
1.22	  0.2525154
1.26	  0.2525154
1.3	  0.2525154
1.34	  0.2525154
1.38	  0.2525154
1.42	  0.2525154
1.46	  0.2525154
1.5	  0.38688737
1.54	  0.38688737
1.58	  0.38688737
1.62	  0.38688737
1.66	  0.38688737
1.7	  0.38688737
1.74	  0.38688737
1.78	  0.38688737
1.82	  0.38688737
1.86	  0.38688737
1.9	  0.38688737
1.94	  0.38688737
1.98	  0.38688737
2.02	  0.38688737
2.06	  0.38688737
2.1	  0.38688737
2.14	  0.38688737
2.18	  0.38688737
2.22	  0.38688737
2.26	  0.38688737
2.3	  0.38688737
2.34	  0.38688737
2.38	  0.38688737
2.42	  0.38688737
2.46	  0.38688737
2.5	  0.4277832
2.54	  0.4277832
2.58	  0.4277832
2.62	  0.4277832
2.66	  0.4277832
2.7	  0.4277832
2.74	  0.4277832
2.78	  0.4277832
2.82	  0.4277832
2.86	  0.4277832
2.9	  0.4277832
2.94	  0.4277832
2.98	  0.4277832
3.02	  0.44141513
3.06	  0.44141513
3.1	  0.44141513
3.14	  0.44141513
3.18	  0.44141513
3.22	  0.44141513
3.26	  0.44141513
3.3	  0.44141513
3.34	  0.44141513
3.38	  0.44141513
3.42	  0.44141513
3.46	  0.44141513
3.5	  0.44141513
3.54	  0.44141513
3.58	  0.44141513
3.62	  0.44141513
3.66	  0.44141513
3.7	  0.44141513
3.74	  0.44141513
3.78	  0.44141513
3.82	  0.44141513
3.86	  0.44141513
3.9	  0.44141513
3.94	  0.44141513
3.98	  0.44141513
4.02	  0.44141513
4.06	  0.44141513
4.1	  0.44141513
4.14	  0.44141513
4.18	  0.44141513
4.22	  0.44141513
4.26	  0.44141513
4.3	  0.44141513
4.34	  0.44141513
4.38	  0.44141513
4.42	  0.45115224
4.46	  0.45115224
4.5	  0.45115224
4.54	  0.45115224
4.58	  0.45115224
4.62	  0.45115224
4.66	  0.45115224
4.7	  0.45115224
4.74	  0.45115224
4.78	  0.45115224
4.82	  0.45115224
4.86	  0.45115224
4.9	  0.45115224
4.94	  0.45115224
4.98	  0.45115224
5.02	  0.45115224
5.06	  0.45115224
5.1	  0.45115224
5.14	  0.45115224
5.18	  0.45115224
5.22	  0.45115224
5.26	  0.45115224
5.3	  0.45115224
5.34	  0.45115224
5.38	  0.45115224
5.42	  0.45115224
5.46	  0.45115224
5.5	  0.45115224
5.54	  0.45115224
5.58	  0.45115224
5.62	  0.45115224
5.66	  0.45115224
5.7	  0.45115224
5.74	  0.45115224
5.78	  0.45115224
5.82	  0.45115224
5.86	  0.45115224
5.9	  0.45115224
5.94	  0.45115224
5.98	  0.45115224
6.02	  0.45115224
6.06	  0.45115224
6.1	  0.45115224
6.14	  0.45115224
6.18	  0.45115224
6.22	  0.45115224
6.26	  0.45115224
6.3	  0.45115224
6.34	  0.45115224
6.38	  0.45115224
6.42	  0.45115224
6.46	  0.45115224
6.5	  0.45115224
6.54	  0.45115224
6.58	  0.45115224
6.62	  0.45115224
6.66	  0.45115224
6.7	  0.45115224
6.74	  0.45115224
6.78	  0.45115224
6.82	  0.45115224
6.86	  0.45115224
6.9	  0.45115224
6.94	  0.45115224
6.98	  0.45115224
7.02	  0.45115224
7.06	  0.45115224
7.1	  0.45115224
7.14	  0.45115224
7.18	  0.45115224
7.22	  0.45115224
7.26	  0.45115224
7.3	  0.45115224
7.34	  0.45115224
7.38	  0.45115224
7.42	  0.46251217
7.46	  0.46251217
7.5	  0.46251217
7.54	  0.46251217
7.58	  0.46251217
7.62	  0.46251217
7.66	  0.46251217
7.7	  0.46251217
7.74	  0.46251217
7.78	  0.46251217
7.82	  0.46251217
7.86	  0.46251217
7.9	  0.46251217
7.94	  0.46251217
7.98	  0.46251217
8.02	  0.46251217
8.06	  0.46251217
8.1	  0.46251217
8.14	  0.46251217
8.18	  0.46251217
8.22	  0.46251217
8.26	  0.46251217
8.3	  0.46251217
8.34	  0.46251217
8.38	  0.46251217
8.42	  0.46251217
8.46	  0.46251217
8.5	  0.46251217
8.54	  0.46251217
8.58	  0.46251217
8.62	  0.46251217
8.66	  0.46251217
8.7	  0.46251217
8.74	  0.46251217
8.78	  0.46251217
8.82	  0.46251217
8.86	  0.46251217
8.9	  0.46251217
8.94	  0.46251217
8.98	  0.46251217
9.02	  0.46251217
9.06	  0.46251217
9.1	  0.46251217
9.14	  0.46251217
9.18	  0.46251217
9.22	  0.46251217
9.26	  0.46251217
9.3	  0.46251217
9.34	  0.46251217
9.38	  0.46251217
9.42	  0.46251217
9.46	  0.46251217
9.5	  0.46251217
9.54	  0.46251217
9.58	  0.46251217
9.62	  0.46251217
9.66	  0.46251217
9.7	  0.46251217
9.74	  0.46251217
9.78	  0.46251217
9.82	  0.46251217
9.86	  0.46251217
9.9	  0.46251217
9.94	  0.46251217
9.98	  0.46251217
10.02	  0.5326193
10.06	  0.5326193
10.1	  0.5326193
10.14	  0.5326193
10.18	  0.5326193
10.22	  0.5326193
10.26	  0.5326193
10.3	  0.5326193
10.34	  0.5326193
10.38	  0.5326193
10.42	  0.5326193
10.46	  0.5326193
10.5	  0.5326193
10.54	  0.5326193
10.58	  0.5326193
10.62	  0.5326193
10.66	  0.5326193
10.7	  0.5326193
10.74	  0.5326193
10.78	  0.5326193
10.82	  0.5326193
10.86	  0.5326193
10.9	  0.5326193
10.94	  0.5326193
10.98	  0.5326193
11.02	  0.5326193
11.06	  0.5326193
11.1	  0.5326193
11.14	  0.5326193
11.18	  0.5326193
11.22	  0.5326193
11.26	  0.5326193
11.3	  0.5326193
11.34	  0.5326193
11.38	  0.5326193
11.42	  0.5326193
11.46	  0.5326193
11.5	  0.5326193
11.54	  0.5326193
11.58	  0.5326193
11.62	  0.5326193
11.66	  0.5326193
11.7	  0.5326193
11.74	  0.5326193
11.78	  0.5326193
11.82	  0.5326193
11.86	  0.5326193
11.9	  0.5326193
11.94	  0.5326193
11.98	  0.5326193
12.02	  0.5326193
12.06	  0.5326193
12.1	  0.5326193
12.14	  0.5326193
12.18	  0.5326193
12.22	  0.5326193
12.26	  0.5326193
12.3	  0.5326193
12.34	  0.5326193
12.38	  0.5326193
12.42	  0.5326193
12.46	  0.5326193
12.5	  0.5326193
12.54	  0.5326193
12.58	  0.5326193
12.62	  0.5326193
12.66	  0.5326193
12.7	  0.5326193
12.74	  0.5326193
12.78	  0.5326193
12.82	  0.5326193
12.86	  0.5326193
12.9	  0.5326193
12.94	  0.5326193
12.98	  0.5326193
13.02	  0.5326193
13.06	  0.5326193
13.1	  0.5326193
13.14	  0.5326193
13.18	  0.5326193
13.22	  0.5326193
13.26	  0.5326193
13.3	  0.5326193
13.34	  0.5326193
13.38	  0.5326193
13.42	  0.5326193
13.46	  0.5326193
13.5	  0.5326193
13.54	  0.5326193
13.58	  0.5326193
13.62	  0.5326193
13.66	  0.5326193
13.7	  0.5326193
13.74	  0.5326193
13.78	  0.5326193
13.82	  0.5326193
13.86	  0.5326193
13.9	  0.5326193
13.94	  0.5326193
13.98	  0.5326193
14.02	  0.5326193
14.06	  0.5326193
14.1	  0.5326193
14.14	  0.5326193
14.18	  0.5326193
14.22	  0.5326193
14.26	  0.5326193
14.3	  0.5326193
14.34	  0.5326193
14.38	  0.5326193
14.42	  0.5326193
14.46	  0.5326193
14.5	  0.5326193
14.54	  0.5326193
14.58	  0.5326193
14.62	  0.5326193
14.66	  0.5326193
14.7	  0.5326193
14.74	  0.5326193
14.78	  0.5326193
14.82	  0.5326193
14.86	  0.5326193
14.9	  0.5326193
14.94	  0.5326193
14.98	  0.5326193
15.02	  0.5326193
15.06	  0.5618306
15.1	  0.5618306
15.14	  0.5618306
15.18	  0.5618306
15.22	  0.5618306
15.26	  0.5618306
15.3	  0.5618306
15.34	  0.5618306
15.38	  0.5618306
15.42	  0.5618306
15.46	  0.5618306
15.5	  0.5618306
15.54	  0.5618306
15.58	  0.5618306
15.62	  0.5618306
15.66	  0.5618306
15.7	  0.5618306
15.74	  0.5618306
15.78	  0.5618306
15.82	  0.5618306
15.86	  0.5618306
15.9	  0.5618306
15.94	  0.5618306
15.98	  0.5618306
16.02	  0.5618306
16.06	  0.5618306
16.1	  0.5618306
16.14	  0.5618306
16.18	  0.5618306
16.22	  0.5618306
16.26	  0.5618306
16.3	  0.5618306
16.34	  0.5618306
16.38	  0.5618306
16.42	  0.5618306
16.46	  0.5618306
16.5	  0.5618306
16.54	  0.5618306
16.58	  0.59915614
16.62	  0.59915614
16.66	  0.59915614
16.7	  0.59915614
16.74	  0.59915614
16.78	  0.59915614
16.82	  0.59915614
16.86	  0.59915614
16.9	  0.59915614
16.94	  0.59915614
16.98	  0.59915614
17.02	  0.59915614
17.06	  0.59915614
17.1	  0.59915614
17.14	  0.59915614
17.18	  0.59915614
17.22	  0.59915614
17.26	  0.59915614
17.3	  0.59915614
17.34	  0.59915614
17.38	  0.59915614
17.42	  0.59915614
17.46	  0.59915614
17.5	  0.59915614
17.54	  0.59915614
17.58	  0.6105161
17.62	  0.6105161
17.66	  0.6105161
17.7	  0.6105161
17.74	  0.6105161
17.78	  0.6105161
17.82	  0.6105161
17.86	  0.6105161
17.9	  0.6105161
17.94	  0.6105161
17.98	  0.6105161
18.02	  0.6105161
18.06	  0.6105161
18.1	  0.6105161
18.14	  0.6105161
18.18	  0.6105161
18.22	  0.6105161
18.26	  0.6105161
18.3	  0.6105161
18.34	  0.6105161
18.38	  0.6105161
18.42	  0.6105161
18.46	  0.6105161
18.5	  0.6105161
18.54	  0.6105161
18.58	  0.6105161
18.62	  0.6105161
18.66	  0.6105161
18.7	  0.6105161
18.74	  0.6105161
18.78	  0.6105161
18.82	  0.6105161
18.86	  0.6105161
18.9	  0.6105161
18.94	  0.6105161
18.98	  0.6105161
19.02	  0.6105161
19.06	  0.6105161
19.1	  0.6105161
19.14	  0.6105161
19.18	  0.6105161
19.22	  0.6105161
19.26	  0.6105161
19.3	  0.6105161
19.34	  0.6105161
19.38	  0.6105161
19.42	  0.6105161
19.46	  0.6105161
19.5	  0.6455696
19.54	  0.6455696
19.58	  0.6455696
19.62	  0.6455696
19.66	  0.6455696
19.7	  0.6455696
19.74	  0.6455696
19.78	  0.6455696
19.82	  0.6455696
19.86	  0.6455696
19.9	  0.6455696
19.94	  0.6455696
19.98	  0.6455696
20.02	  0.6455696
20.06	  0.6455696
20.1	  0.6455696
20.14	  0.6455696
20.18	  0.6455696
20.22	  0.6455696
20.26	  0.6455696
20.3	  0.6455696
20.34	  0.6455696
20.38	  0.6455696
20.42	  0.6455696
20.46	  0.6455696
20.5	  0.6455696
20.54	  0.6455696
20.58	  0.6455696
20.62	  0.6455696
20.66	  0.6455696
20.7	  0.6455696
20.74	  0.6455696
20.78	  0.6455696
20.82	  0.6455696
20.86	  0.6455696
20.9	  0.6455696
20.94	  0.6455696
20.98	  0.6455696
21.02	  0.69036025
21.06	  0.69036025
21.1	  0.69036025
21.14	  0.69036025
21.18	  0.69036025
21.22	  0.69036025
21.26	  0.69036025
21.3	  0.69036025
21.34	  0.69036025
21.38	  0.69036025
21.42	  0.69036025
21.46	  0.69036025
21.5	  0.69036025
21.54	  0.69036025
21.58	  0.69036025
21.62	  0.69036025
21.66	  0.69036025
21.7	  0.69036025
21.74	  0.69036025
21.78	  0.69036025
21.82	  0.69036025
21.86	  0.69036025
21.9	  0.69036025
21.94	  0.69036025
21.98	  0.69036025
22.02	  0.7039922
22.06	  0.7039922
22.1	  0.7039922
22.14	  0.7039922
22.18	  0.7039922
22.22	  0.7039922
22.26	  0.7039922
22.3	  0.7039922
22.34	  0.7039922
22.38	  0.7039922
22.42	  0.7039922
22.46	  0.7039922
22.5	  0.8149951
22.54	  0.8149951
22.58	  0.8149951
22.62	  0.8149951
22.66	  0.8149951
22.7	  0.8149951
22.74	  0.8149951
22.78	  0.8149951
22.82	  0.8149951
22.86	  0.8149951
22.9	  0.8149951
22.94	  0.8149951
22.98	  0.8149951
23.02	  0.8149951
23.06	  0.8149951
23.1	  0.8149951
23.14	  0.8149951
23.18	  0.8149951
23.22	  0.8149951
23.26	  0.8149951
23.3	  0.8149951
23.34	  0.8149951
23.38	  0.8149951
23.42	  0.8149951
23.46	  0.8149951
23.5	  0.8149951
23.54	  0.8149951
23.58	  0.8149951
23.62	  0.8149951
23.66	  0.8149951
23.7	  0.8149951
23.74	  0.8149951
23.78	  0.8149951
23.82	  0.8149951
23.86	  0.8149951
23.9	  0.8149951
23.94	  0.8149951
23.98	  0.8149951
24.02	  0.9568322
24.06	  0.9568322
24.1	  0.9568322
24.14	  0.9568322
24.18	  0.9568322
24.22	  0.9568322
24.26	  0.9568322
24.3	  0.9568322
24.34	  0.9568322
24.38	  0.9568322
24.42	  0.9568322
24.46	  0.9568322
24.5	  0.9568322
24.54	  0.9568322
24.58	  0.9568322
24.62	  0.9568322
24.66	  0.9568322
24.7	  0.9568322
24.74	  0.9568322
24.78	  0.9568322
24.82	  0.9568322
24.86	  0.9568322
24.9	  0.9568322
24.94	  0.9568322
24.98	  0.9568322
25.02	  1.0
25.06	  1.0
25.1	  1.0
25.14	  1.0
25.18	  1.0
25.22	  1.0
25.26	  1.0
25.3	  1.0
25.34	  1.0
25.38	  1.0
25.42	  1.0
25.46	  1.0
25.5	  1.0
25.54	  1.0
25.58	  1.0
25.62	  1.0
25.66	  1.0
25.7	  1.0
25.74	  1.0
25.78	  1.0
25.82	  1.0
25.86	  1.0
25.9	  1.0
25.94	  1.0
25.98	  1.0


