
X-Axis: # Subsections
Y-Axis: Cumulative Fraction
Number of Data Sets: 1


DATASET #1

     Name: As Discretized
   Points: 4400
     Info: 

Data[x,y]:
0.51	  0.0
0.53	  0.0
0.55	  0.0
0.57	  0.0
0.59	  0.0
0.61	  0.0
0.63	  0.0
0.65	  0.0
0.67	  0.0
0.69	  0.0
0.71	  0.0
0.73	  0.0
0.75	  0.0
0.77	  0.0
0.79	  0.0
0.81	  0.0
0.83	  0.0
0.85	  0.0
0.87	  0.0
0.89	  0.0
0.91	  0.0
0.93	  0.0
0.95	  0.0
0.97	  0.0
0.99	  0.0
1.01	  0.0
1.03	  0.0
1.05	  0.0
1.07	  0.0
1.09	  0.0
1.11	  0.0
1.13	  0.0
1.15	  0.0
1.17	  0.0
1.19	  0.0
1.21	  0.0
1.23	  0.0
1.25	  0.0
1.27	  0.0
1.29	  0.0
1.31	  0.0
1.33	  0.0
1.35	  0.0
1.37	  0.0
1.39	  0.0
1.41	  0.0
1.43	  0.0
1.45	  0.0
1.47	  0.0
1.49	  0.0
1.51	  0.0
1.53	  0.0
1.55	  0.0
1.57	  0.0
1.59	  0.0
1.61	  0.0
1.63	  0.0
1.65	  0.0
1.67	  0.0
1.69	  0.0
1.71	  0.0
1.73	  0.0
1.75	  0.0
1.77	  0.0
1.79	  0.0
1.81	  0.0
1.83	  0.0
1.85	  0.0
1.87	  0.0
1.89	  0.0
1.91	  0.0
1.93	  0.0
1.95	  0.0
1.97	  0.0
1.99	  0.0
2.01	  0.025316456
2.03	  0.025316456
2.05	  0.025316456
2.07	  0.025316456
2.09	  0.025316456
2.11	  0.025316456
2.13	  0.025316456
2.15	  0.025316456
2.17	  0.025316456
2.19	  0.025316456
2.21	  0.025316456
2.23	  0.025316456
2.25	  0.025316456
2.27	  0.025316456
2.29	  0.025316456
2.31	  0.025316456
2.33	  0.025316456
2.35	  0.025316456
2.37	  0.025316456
2.39	  0.025316456
2.41	  0.025316456
2.43	  0.025316456
2.45	  0.025316456
2.47	  0.025316456
2.49	  0.025316456
2.51	  0.025316456
2.53	  0.025316456
2.55	  0.025316456
2.57	  0.025316456
2.59	  0.025316456
2.61	  0.025316456
2.63	  0.025316456
2.65	  0.025316456
2.67	  0.025316456
2.69	  0.025316456
2.71	  0.025316456
2.73	  0.025316456
2.75	  0.025316456
2.77	  0.025316456
2.79	  0.025316456
2.81	  0.025316456
2.83	  0.025316456
2.85	  0.025316456
2.87	  0.025316456
2.89	  0.025316456
2.91	  0.025316456
2.93	  0.025316456
2.95	  0.025316456
2.97	  0.025316456
2.99	  0.025316456
3.01	  0.047387213
3.03	  0.047387213
3.05	  0.047387213
3.07	  0.047387213
3.09	  0.047387213
3.11	  0.047387213
3.13	  0.047387213
3.15	  0.047387213
3.17	  0.047387213
3.19	  0.047387213
3.21	  0.047387213
3.23	  0.047387213
3.25	  0.047387213
3.27	  0.047387213
3.29	  0.047387213
3.31	  0.047387213
3.33	  0.047387213
3.35	  0.047387213
3.37	  0.047387213
3.39	  0.047387213
3.41	  0.047387213
3.43	  0.047387213
3.45	  0.047387213
3.47	  0.047387213
3.49	  0.047387213
3.51	  0.047387213
3.53	  0.047387213
3.55	  0.047387213
3.57	  0.047387213
3.59	  0.047387213
3.61	  0.047387213
3.63	  0.047387213
3.65	  0.047387213
3.67	  0.047387213
3.69	  0.047387213
3.71	  0.047387213
3.73	  0.047387213
3.75	  0.047387213
3.77	  0.047387213
3.79	  0.047387213
3.81	  0.047387213
3.83	  0.047387213
3.85	  0.047387213
3.87	  0.047387213
3.89	  0.047387213
3.91	  0.047387213
3.93	  0.047387213
3.95	  0.047387213
3.97	  0.047387213
3.99	  0.047387213
4.01	  0.0691334
4.03	  0.0691334
4.05	  0.0691334
4.07	  0.0691334
4.09	  0.0691334
4.11	  0.0691334
4.13	  0.0691334
4.15	  0.0691334
4.17	  0.0691334
4.19	  0.0691334
4.21	  0.0691334
4.23	  0.0691334
4.25	  0.0691334
4.27	  0.0691334
4.29	  0.0691334
4.31	  0.0691334
4.33	  0.0691334
4.35	  0.0691334
4.37	  0.0691334
4.39	  0.0691334
4.41	  0.0691334
4.43	  0.0691334
4.45	  0.0691334
4.47	  0.0691334
4.49	  0.0691334
4.51	  0.0691334
4.53	  0.0691334
4.55	  0.0691334
4.57	  0.0691334
4.59	  0.0691334
4.61	  0.0691334
4.63	  0.0691334
4.65	  0.0691334
4.67	  0.0691334
4.69	  0.0691334
4.71	  0.0691334
4.73	  0.0691334
4.75	  0.0691334
4.77	  0.0691334
4.79	  0.0691334
4.81	  0.0691334
4.83	  0.0691334
4.85	  0.0691334
4.87	  0.0691334
4.89	  0.0691334
4.91	  0.0691334
4.93	  0.0691334
4.95	  0.0691334
4.97	  0.0691334
4.99	  0.0691334
5.01	  0.09055501
5.03	  0.09055501
5.05	  0.09055501
5.07	  0.09055501
5.09	  0.09055501
5.11	  0.09055501
5.13	  0.09055501
5.15	  0.09055501
5.17	  0.09055501
5.19	  0.09055501
5.21	  0.09055501
5.23	  0.09055501
5.25	  0.09055501
5.27	  0.09055501
5.29	  0.09055501
5.31	  0.09055501
5.33	  0.09055501
5.35	  0.09055501
5.37	  0.09055501
5.39	  0.09055501
5.41	  0.09055501
5.43	  0.09055501
5.45	  0.09055501
5.47	  0.09055501
5.49	  0.09055501
5.51	  0.09055501
5.53	  0.09055501
5.55	  0.09055501
5.57	  0.09055501
5.59	  0.09055501
5.61	  0.09055501
5.63	  0.09055501
5.65	  0.09055501
5.67	  0.09055501
5.69	  0.09055501
5.71	  0.09055501
5.73	  0.09055501
5.75	  0.09055501
5.77	  0.09055501
5.79	  0.09055501
5.81	  0.09055501
5.83	  0.09055501
5.85	  0.09055501
5.87	  0.09055501
5.89	  0.09055501
5.91	  0.09055501
5.93	  0.09055501
5.95	  0.09055501
5.97	  0.09055501
5.99	  0.09055501
6.01	  0.11165206
6.03	  0.11165206
6.05	  0.11165206
6.07	  0.11165206
6.09	  0.11165206
6.11	  0.11165206
6.13	  0.11165206
6.15	  0.11165206
6.17	  0.11165206
6.19	  0.11165206
6.21	  0.11165206
6.23	  0.11165206
6.25	  0.11165206
6.27	  0.11165206
6.29	  0.11165206
6.31	  0.11165206
6.33	  0.11165206
6.35	  0.11165206
6.37	  0.11165206
6.39	  0.11165206
6.41	  0.11165206
6.43	  0.11165206
6.45	  0.11165206
6.47	  0.11165206
6.49	  0.11165206
6.51	  0.11165206
6.53	  0.11165206
6.55	  0.11165206
6.57	  0.11165206
6.59	  0.11165206
6.61	  0.11165206
6.63	  0.11165206
6.65	  0.11165206
6.67	  0.11165206
6.69	  0.11165206
6.71	  0.11165206
6.73	  0.11165206
6.75	  0.11165206
6.77	  0.11165206
6.79	  0.11165206
6.81	  0.11165206
6.83	  0.11165206
6.85	  0.11165206
6.87	  0.11165206
6.89	  0.11165206
6.91	  0.11165206
6.93	  0.11165206
6.95	  0.11165206
6.97	  0.11165206
6.99	  0.11165206
7.01	  0.13274911
7.03	  0.13274911
7.05	  0.13274911
7.07	  0.13274911
7.09	  0.13274911
7.11	  0.13274911
7.13	  0.13274911
7.15	  0.13274911
7.17	  0.13274911
7.19	  0.13274911
7.21	  0.13274911
7.23	  0.13274911
7.25	  0.13274911
7.27	  0.13274911
7.29	  0.13274911
7.31	  0.13274911
7.33	  0.13274911
7.35	  0.13274911
7.37	  0.13274911
7.39	  0.13274911
7.41	  0.13274911
7.43	  0.13274911
7.45	  0.13274911
7.47	  0.13274911
7.49	  0.13274911
7.51	  0.13274911
7.53	  0.13274911
7.55	  0.13274911
7.57	  0.13274911
7.59	  0.13274911
7.61	  0.13274911
7.63	  0.13274911
7.65	  0.13274911
7.67	  0.13274911
7.69	  0.13274911
7.71	  0.13274911
7.73	  0.13274911
7.75	  0.13274911
7.77	  0.13274911
7.79	  0.13274911
7.81	  0.13274911
7.83	  0.13274911
7.85	  0.13274911
7.87	  0.13274911
7.89	  0.13274911
7.91	  0.13274911
7.93	  0.13274911
7.95	  0.13274911
7.97	  0.13274911
7.99	  0.13274911
8.01	  0.15352158
8.03	  0.15352158
8.05	  0.15352158
8.07	  0.15352158
8.09	  0.15352158
8.11	  0.15352158
8.13	  0.15352158
8.15	  0.15352158
8.17	  0.15352158
8.19	  0.15352158
8.21	  0.15352158
8.23	  0.15352158
8.25	  0.15352158
8.27	  0.15352158
8.29	  0.15352158
8.31	  0.15352158
8.33	  0.15352158
8.35	  0.15352158
8.37	  0.15352158
8.39	  0.15352158
8.41	  0.15352158
8.43	  0.15352158
8.45	  0.15352158
8.47	  0.15352158
8.49	  0.15352158
8.51	  0.15352158
8.53	  0.15352158
8.55	  0.15352158
8.57	  0.15352158
8.59	  0.15352158
8.61	  0.15352158
8.63	  0.15352158
8.65	  0.15352158
8.67	  0.15352158
8.69	  0.15352158
8.71	  0.15352158
8.73	  0.15352158
8.75	  0.15352158
8.77	  0.15352158
8.79	  0.15352158
8.81	  0.15352158
8.83	  0.15352158
8.85	  0.15352158
8.87	  0.15352158
8.89	  0.15352158
8.91	  0.15352158
8.93	  0.15352158
8.95	  0.15352158
8.97	  0.15352158
8.99	  0.15352158
9.01	  0.17429405
9.03	  0.17429405
9.05	  0.17429405
9.07	  0.17429405
9.09	  0.17429405
9.11	  0.17429405
9.13	  0.17429405
9.15	  0.17429405
9.17	  0.17429405
9.19	  0.17429405
9.21	  0.17429405
9.23	  0.17429405
9.25	  0.17429405
9.27	  0.17429405
9.29	  0.17429405
9.31	  0.17429405
9.33	  0.17429405
9.35	  0.17429405
9.37	  0.17429405
9.39	  0.17429405
9.41	  0.17429405
9.43	  0.17429405
9.45	  0.17429405
9.47	  0.17429405
9.49	  0.17429405
9.51	  0.17429405
9.53	  0.17429405
9.55	  0.17429405
9.57	  0.17429405
9.59	  0.17429405
9.61	  0.17429405
9.63	  0.17429405
9.65	  0.17429405
9.67	  0.17429405
9.69	  0.17429405
9.71	  0.17429405
9.73	  0.17429405
9.75	  0.17429405
9.77	  0.17429405
9.79	  0.17429405
9.81	  0.17429405
9.83	  0.17429405
9.85	  0.17429405
9.87	  0.17429405
9.89	  0.17429405
9.91	  0.17429405
9.93	  0.17429405
9.95	  0.17429405
9.97	  0.17429405
9.99	  0.17429405
10.01	  0.19506654
10.03	  0.19506654
10.05	  0.19506654
10.07	  0.19506654
10.09	  0.19506654
10.11	  0.19506654
10.13	  0.19506654
10.15	  0.19506654
10.17	  0.19506654
10.19	  0.19506654
10.21	  0.19506654
10.23	  0.19506654
10.25	  0.19506654
10.27	  0.19506654
10.29	  0.19506654
10.31	  0.19506654
10.33	  0.19506654
10.35	  0.19506654
10.37	  0.19506654
10.39	  0.19506654
10.41	  0.19506654
10.43	  0.19506654
10.45	  0.19506654
10.47	  0.19506654
10.49	  0.19506654
10.51	  0.19506654
10.53	  0.19506654
10.55	  0.19506654
10.57	  0.19506654
10.59	  0.19506654
10.61	  0.19506654
10.63	  0.19506654
10.65	  0.19506654
10.67	  0.19506654
10.69	  0.19506654
10.71	  0.19506654
10.73	  0.19506654
10.75	  0.19506654
10.77	  0.19506654
10.79	  0.19506654
10.81	  0.19506654
10.83	  0.19506654
10.85	  0.19506654
10.87	  0.19506654
10.89	  0.19506654
10.91	  0.19506654
10.93	  0.19506654
10.95	  0.19506654
10.97	  0.19506654
10.99	  0.19506654
11.01	  0.2148653
11.03	  0.2148653
11.05	  0.2148653
11.07	  0.2148653
11.09	  0.2148653
11.11	  0.2148653
11.13	  0.2148653
11.15	  0.2148653
11.17	  0.2148653
11.19	  0.2148653
11.21	  0.2148653
11.23	  0.2148653
11.25	  0.2148653
11.27	  0.2148653
11.29	  0.2148653
11.31	  0.2148653
11.33	  0.2148653
11.35	  0.2148653
11.37	  0.2148653
11.39	  0.2148653
11.41	  0.2148653
11.43	  0.2148653
11.45	  0.2148653
11.47	  0.2148653
11.49	  0.2148653
11.51	  0.2148653
11.53	  0.2148653
11.55	  0.2148653
11.57	  0.2148653
11.59	  0.2148653
11.61	  0.2148653
11.63	  0.2148653
11.65	  0.2148653
11.67	  0.2148653
11.69	  0.2148653
11.71	  0.2148653
11.73	  0.2148653
11.75	  0.2148653
11.77	  0.2148653
11.79	  0.2148653
11.81	  0.2148653
11.83	  0.2148653
11.85	  0.2148653
11.87	  0.2148653
11.89	  0.2148653
11.91	  0.2148653
11.93	  0.2148653
11.95	  0.2148653
11.97	  0.2148653
11.99	  0.2148653
12.01	  0.2343395
12.03	  0.2343395
12.05	  0.2343395
12.07	  0.2343395
12.09	  0.2343395
12.11	  0.2343395
12.13	  0.2343395
12.15	  0.2343395
12.17	  0.2343395
12.19	  0.2343395
12.21	  0.2343395
12.23	  0.2343395
12.25	  0.2343395
12.27	  0.2343395
12.29	  0.2343395
12.31	  0.2343395
12.33	  0.2343395
12.35	  0.2343395
12.37	  0.2343395
12.39	  0.2343395
12.41	  0.2343395
12.43	  0.2343395
12.45	  0.2343395
12.47	  0.2343395
12.49	  0.2343395
12.51	  0.2343395
12.53	  0.2343395
12.55	  0.2343395
12.57	  0.2343395
12.59	  0.2343395
12.61	  0.2343395
12.63	  0.2343395
12.65	  0.2343395
12.67	  0.2343395
12.69	  0.2343395
12.71	  0.2343395
12.73	  0.2343395
12.75	  0.2343395
12.77	  0.2343395
12.79	  0.2343395
12.81	  0.2343395
12.83	  0.2343395
12.85	  0.2343395
12.87	  0.2343395
12.89	  0.2343395
12.91	  0.2343395
12.93	  0.2343395
12.95	  0.2343395
12.97	  0.2343395
12.99	  0.2343395
13.01	  0.25381368
13.03	  0.25381368
13.05	  0.25381368
13.07	  0.25381368
13.09	  0.25381368
13.11	  0.25381368
13.13	  0.25381368
13.15	  0.25381368
13.17	  0.25381368
13.19	  0.25381368
13.21	  0.25381368
13.23	  0.25381368
13.25	  0.25381368
13.27	  0.25381368
13.29	  0.25381368
13.31	  0.25381368
13.33	  0.25381368
13.35	  0.25381368
13.37	  0.25381368
13.39	  0.25381368
13.41	  0.25381368
13.43	  0.25381368
13.45	  0.25381368
13.47	  0.25381368
13.49	  0.25381368
13.51	  0.25381368
13.53	  0.25381368
13.55	  0.25381368
13.57	  0.25381368
13.59	  0.25381368
13.61	  0.25381368
13.63	  0.25381368
13.65	  0.25381368
13.67	  0.25381368
13.69	  0.25381368
13.71	  0.25381368
13.73	  0.25381368
13.75	  0.25381368
13.77	  0.25381368
13.79	  0.25381368
13.81	  0.25381368
13.83	  0.25381368
13.85	  0.25381368
13.87	  0.25381368
13.89	  0.25381368
13.91	  0.25381368
13.93	  0.25381368
13.95	  0.25381368
13.97	  0.25381368
13.99	  0.25381368
14.01	  0.27296332
14.03	  0.27296332
14.05	  0.27296332
14.07	  0.27296332
14.09	  0.27296332
14.11	  0.27296332
14.13	  0.27296332
14.15	  0.27296332
14.17	  0.27296332
14.19	  0.27296332
14.21	  0.27296332
14.23	  0.27296332
14.25	  0.27296332
14.27	  0.27296332
14.29	  0.27296332
14.31	  0.27296332
14.33	  0.27296332
14.35	  0.27296332
14.37	  0.27296332
14.39	  0.27296332
14.41	  0.27296332
14.43	  0.27296332
14.45	  0.27296332
14.47	  0.27296332
14.49	  0.27296332
14.51	  0.27296332
14.53	  0.27296332
14.55	  0.27296332
14.57	  0.27296332
14.59	  0.27296332
14.61	  0.27296332
14.63	  0.27296332
14.65	  0.27296332
14.67	  0.27296332
14.69	  0.27296332
14.71	  0.27296332
14.73	  0.27296332
14.75	  0.27296332
14.77	  0.27296332
14.79	  0.27296332
14.81	  0.27296332
14.83	  0.27296332
14.85	  0.27296332
14.87	  0.27296332
14.89	  0.27296332
14.91	  0.27296332
14.93	  0.27296332
14.95	  0.27296332
14.97	  0.27296332
14.99	  0.27296332
15.01	  0.29211295
15.03	  0.29211295
15.05	  0.29211295
15.07	  0.29211295
15.09	  0.29211295
15.11	  0.29211295
15.13	  0.29211295
15.15	  0.29211295
15.17	  0.29211295
15.19	  0.29211295
15.21	  0.29211295
15.23	  0.29211295
15.25	  0.29211295
15.27	  0.29211295
15.29	  0.29211295
15.31	  0.29211295
15.33	  0.29211295
15.35	  0.29211295
15.37	  0.29211295
15.39	  0.29211295
15.41	  0.29211295
15.43	  0.29211295
15.45	  0.29211295
15.47	  0.29211295
15.49	  0.29211295
15.51	  0.29211295
15.53	  0.29211295
15.55	  0.29211295
15.57	  0.29211295
15.59	  0.29211295
15.61	  0.29211295
15.63	  0.29211295
15.65	  0.29211295
15.67	  0.29211295
15.69	  0.29211295
15.71	  0.29211295
15.73	  0.29211295
15.75	  0.29211295
15.77	  0.29211295
15.79	  0.29211295
15.81	  0.29211295
15.83	  0.29211295
15.85	  0.29211295
15.87	  0.29211295
15.89	  0.29211295
15.91	  0.29211295
15.93	  0.29211295
15.95	  0.29211295
15.97	  0.29211295
15.99	  0.29211295
16.01	  0.31061342
16.03	  0.31061342
16.05	  0.31061342
16.07	  0.31061342
16.09	  0.31061342
16.11	  0.31061342
16.13	  0.31061342
16.15	  0.31061342
16.17	  0.31061342
16.19	  0.31061342
16.21	  0.31061342
16.23	  0.31061342
16.25	  0.31061342
16.27	  0.31061342
16.29	  0.31061342
16.31	  0.31061342
16.33	  0.31061342
16.35	  0.31061342
16.37	  0.31061342
16.39	  0.31061342
16.41	  0.31061342
16.43	  0.31061342
16.45	  0.31061342
16.47	  0.31061342
16.49	  0.31061342
16.51	  0.31061342
16.53	  0.31061342
16.55	  0.31061342
16.57	  0.31061342
16.59	  0.31061342
16.61	  0.31061342
16.63	  0.31061342
16.65	  0.31061342
16.67	  0.31061342
16.69	  0.31061342
16.71	  0.31061342
16.73	  0.31061342
16.75	  0.31061342
16.77	  0.31061342
16.79	  0.31061342
16.81	  0.31061342
16.83	  0.31061342
16.85	  0.31061342
16.87	  0.31061342
16.89	  0.31061342
16.91	  0.31061342
16.93	  0.31061342
16.95	  0.31061342
16.97	  0.31061342
16.99	  0.31061342
17.01	  0.32976305
17.03	  0.32976305
17.05	  0.32976305
17.07	  0.32976305
17.09	  0.32976305
17.11	  0.32976305
17.13	  0.32976305
17.15	  0.32976305
17.17	  0.32976305
17.19	  0.32976305
17.21	  0.32976305
17.23	  0.32976305
17.25	  0.32976305
17.27	  0.32976305
17.29	  0.32976305
17.31	  0.32976305
17.33	  0.32976305
17.35	  0.32976305
17.37	  0.32976305
17.39	  0.32976305
17.41	  0.32976305
17.43	  0.32976305
17.45	  0.32976305
17.47	  0.32976305
17.49	  0.32976305
17.51	  0.32976305
17.53	  0.32976305
17.55	  0.32976305
17.57	  0.32976305
17.59	  0.32976305
17.61	  0.32976305
17.63	  0.32976305
17.65	  0.32976305
17.67	  0.32976305
17.69	  0.32976305
17.71	  0.32976305
17.73	  0.32976305
17.75	  0.32976305
17.77	  0.32976305
17.79	  0.32976305
17.81	  0.32976305
17.83	  0.32976305
17.85	  0.32976305
17.87	  0.32976305
17.89	  0.32976305
17.91	  0.32976305
17.93	  0.32976305
17.95	  0.32976305
17.97	  0.32976305
17.99	  0.32976305
18.01	  0.3476144
18.03	  0.3476144
18.05	  0.3476144
18.07	  0.3476144
18.09	  0.3476144
18.11	  0.3476144
18.13	  0.3476144
18.15	  0.3476144
18.17	  0.3476144
18.19	  0.3476144
18.21	  0.3476144
18.23	  0.3476144
18.25	  0.3476144
18.27	  0.3476144
18.29	  0.3476144
18.31	  0.3476144
18.33	  0.3476144
18.35	  0.3476144
18.37	  0.3476144
18.39	  0.3476144
18.41	  0.3476144
18.43	  0.3476144
18.45	  0.3476144
18.47	  0.3476144
18.49	  0.3476144
18.51	  0.3476144
18.53	  0.3476144
18.55	  0.3476144
18.57	  0.3476144
18.59	  0.3476144
18.61	  0.3476144
18.63	  0.3476144
18.65	  0.3476144
18.67	  0.3476144
18.69	  0.3476144
18.71	  0.3476144
18.73	  0.3476144
18.75	  0.3476144
18.77	  0.3476144
18.79	  0.3476144
18.81	  0.3476144
18.83	  0.3476144
18.85	  0.3476144
18.87	  0.3476144
18.89	  0.3476144
18.91	  0.3476144
18.93	  0.3476144
18.95	  0.3476144
18.97	  0.3476144
18.99	  0.3476144
19.01	  0.36514118
19.03	  0.36514118
19.05	  0.36514118
19.07	  0.36514118
19.09	  0.36514118
19.11	  0.36514118
19.13	  0.36514118
19.15	  0.36514118
19.17	  0.36514118
19.19	  0.36514118
19.21	  0.36514118
19.23	  0.36514118
19.25	  0.36514118
19.27	  0.36514118
19.29	  0.36514118
19.31	  0.36514118
19.33	  0.36514118
19.35	  0.36514118
19.37	  0.36514118
19.39	  0.36514118
19.41	  0.36514118
19.43	  0.36514118
19.45	  0.36514118
19.47	  0.36514118
19.49	  0.36514118
19.51	  0.36514118
19.53	  0.36514118
19.55	  0.36514118
19.57	  0.36514118
19.59	  0.36514118
19.61	  0.36514118
19.63	  0.36514118
19.65	  0.36514118
19.67	  0.36514118
19.69	  0.36514118
19.71	  0.36514118
19.73	  0.36514118
19.75	  0.36514118
19.77	  0.36514118
19.79	  0.36514118
19.81	  0.36514118
19.83	  0.36514118
19.85	  0.36514118
19.87	  0.36514118
19.89	  0.36514118
19.91	  0.36514118
19.93	  0.36514118
19.95	  0.36514118
19.97	  0.36514118
19.99	  0.36514118
20.01	  0.38234338
20.03	  0.38234338
20.05	  0.38234338
20.07	  0.38234338
20.09	  0.38234338
20.11	  0.38234338
20.13	  0.38234338
20.15	  0.38234338
20.17	  0.38234338
20.19	  0.38234338
20.21	  0.38234338
20.23	  0.38234338
20.25	  0.38234338
20.27	  0.38234338
20.29	  0.38234338
20.31	  0.38234338
20.33	  0.38234338
20.35	  0.38234338
20.37	  0.38234338
20.39	  0.38234338
20.41	  0.38234338
20.43	  0.38234338
20.45	  0.38234338
20.47	  0.38234338
20.49	  0.38234338
20.51	  0.38234338
20.53	  0.38234338
20.55	  0.38234338
20.57	  0.38234338
20.59	  0.38234338
20.61	  0.38234338
20.63	  0.38234338
20.65	  0.38234338
20.67	  0.38234338
20.69	  0.38234338
20.71	  0.38234338
20.73	  0.38234338
20.75	  0.38234338
20.77	  0.38234338
20.79	  0.38234338
20.81	  0.38234338
20.83	  0.38234338
20.85	  0.38234338
20.87	  0.38234338
20.89	  0.38234338
20.91	  0.38234338
20.93	  0.38234338
20.95	  0.38234338
20.97	  0.38234338
20.99	  0.38234338
21.01	  0.39987016
21.03	  0.39987016
21.05	  0.39987016
21.07	  0.39987016
21.09	  0.39987016
21.11	  0.39987016
21.13	  0.39987016
21.15	  0.39987016
21.17	  0.39987016
21.19	  0.39987016
21.21	  0.39987016
21.23	  0.39987016
21.25	  0.39987016
21.27	  0.39987016
21.29	  0.39987016
21.31	  0.39987016
21.33	  0.39987016
21.35	  0.39987016
21.37	  0.39987016
21.39	  0.39987016
21.41	  0.39987016
21.43	  0.39987016
21.45	  0.39987016
21.47	  0.39987016
21.49	  0.39987016
21.51	  0.39987016
21.53	  0.39987016
21.55	  0.39987016
21.57	  0.39987016
21.59	  0.39987016
21.61	  0.39987016
21.63	  0.39987016
21.65	  0.39987016
21.67	  0.39987016
21.69	  0.39987016
21.71	  0.39987016
21.73	  0.39987016
21.75	  0.39987016
21.77	  0.39987016
21.79	  0.39987016
21.81	  0.39987016
21.83	  0.39987016
21.85	  0.39987016
21.87	  0.39987016
21.89	  0.39987016
21.91	  0.39987016
21.93	  0.39987016
21.95	  0.39987016
21.97	  0.39987016
21.99	  0.39987016
22.01	  0.41739696
22.03	  0.41739696
22.05	  0.41739696
22.07	  0.41739696
22.09	  0.41739696
22.11	  0.41739696
22.13	  0.41739696
22.15	  0.41739696
22.17	  0.41739696
22.19	  0.41739696
22.21	  0.41739696
22.23	  0.41739696
22.25	  0.41739696
22.27	  0.41739696
22.29	  0.41739696
22.31	  0.41739696
22.33	  0.41739696
22.35	  0.41739696
22.37	  0.41739696
22.39	  0.41739696
22.41	  0.41739696
22.43	  0.41739696
22.45	  0.41739696
22.47	  0.41739696
22.49	  0.41739696
22.51	  0.41739696
22.53	  0.41739696
22.55	  0.41739696
22.57	  0.41739696
22.59	  0.41739696
22.61	  0.41739696
22.63	  0.41739696
22.65	  0.41739696
22.67	  0.41739696
22.69	  0.41739696
22.71	  0.41739696
22.73	  0.41739696
22.75	  0.41739696
22.77	  0.41739696
22.79	  0.41739696
22.81	  0.41739696
22.83	  0.41739696
22.85	  0.41739696
22.87	  0.41739696
22.89	  0.41739696
22.91	  0.41739696
22.93	  0.41739696
22.95	  0.41739696
22.97	  0.41739696
22.99	  0.41739696
23.01	  0.43492374
23.03	  0.43492374
23.05	  0.43492374
23.07	  0.43492374
23.09	  0.43492374
23.11	  0.43492374
23.13	  0.43492374
23.15	  0.43492374
23.17	  0.43492374
23.19	  0.43492374
23.21	  0.43492374
23.23	  0.43492374
23.25	  0.43492374
23.27	  0.43492374
23.29	  0.43492374
23.31	  0.43492374
23.33	  0.43492374
23.35	  0.43492374
23.37	  0.43492374
23.39	  0.43492374
23.41	  0.43492374
23.43	  0.43492374
23.45	  0.43492374
23.47	  0.43492374
23.49	  0.43492374
23.51	  0.43492374
23.53	  0.43492374
23.55	  0.43492374
23.57	  0.43492374
23.59	  0.43492374
23.61	  0.43492374
23.63	  0.43492374
23.65	  0.43492374
23.67	  0.43492374
23.69	  0.43492374
23.71	  0.43492374
23.73	  0.43492374
23.75	  0.43492374
23.77	  0.43492374
23.79	  0.43492374
23.81	  0.43492374
23.83	  0.43492374
23.85	  0.43492374
23.87	  0.43492374
23.89	  0.43492374
23.91	  0.43492374
23.93	  0.43492374
23.95	  0.43492374
23.97	  0.43492374
23.99	  0.43492374
24.01	  0.45147678
24.03	  0.45147678
24.05	  0.45147678
24.07	  0.45147678
24.09	  0.45147678
24.11	  0.45147678
24.13	  0.45147678
24.15	  0.45147678
24.17	  0.45147678
24.19	  0.45147678
24.21	  0.45147678
24.23	  0.45147678
24.25	  0.45147678
24.27	  0.45147678
24.29	  0.45147678
24.31	  0.45147678
24.33	  0.45147678
24.35	  0.45147678
24.37	  0.45147678
24.39	  0.45147678
24.41	  0.45147678
24.43	  0.45147678
24.45	  0.45147678
24.47	  0.45147678
24.49	  0.45147678
24.51	  0.45147678
24.53	  0.45147678
24.55	  0.45147678
24.57	  0.45147678
24.59	  0.45147678
24.61	  0.45147678
24.63	  0.45147678
24.65	  0.45147678
24.67	  0.45147678
24.69	  0.45147678
24.71	  0.45147678
24.73	  0.45147678
24.75	  0.45147678
24.77	  0.45147678
24.79	  0.45147678
24.81	  0.45147678
24.83	  0.45147678
24.85	  0.45147678
24.87	  0.45147678
24.89	  0.45147678
24.91	  0.45147678
24.93	  0.45147678
24.95	  0.45147678
24.97	  0.45147678
24.99	  0.45147678
25.01	  0.46770528
25.03	  0.46770528
25.05	  0.46770528
25.07	  0.46770528
25.09	  0.46770528
25.11	  0.46770528
25.13	  0.46770528
25.15	  0.46770528
25.17	  0.46770528
25.19	  0.46770528
25.21	  0.46770528
25.23	  0.46770528
25.25	  0.46770528
25.27	  0.46770528
25.29	  0.46770528
25.31	  0.46770528
25.33	  0.46770528
25.35	  0.46770528
25.37	  0.46770528
25.39	  0.46770528
25.41	  0.46770528
25.43	  0.46770528
25.45	  0.46770528
25.47	  0.46770528
25.49	  0.46770528
25.51	  0.46770528
25.53	  0.46770528
25.55	  0.46770528
25.57	  0.46770528
25.59	  0.46770528
25.61	  0.46770528
25.63	  0.46770528
25.65	  0.46770528
25.67	  0.46770528
25.69	  0.46770528
25.71	  0.46770528
25.73	  0.46770528
25.75	  0.46770528
25.77	  0.46770528
25.79	  0.46770528
25.81	  0.46770528
25.83	  0.46770528
25.85	  0.46770528
25.87	  0.46770528
25.89	  0.46770528
25.91	  0.46770528
25.93	  0.46770528
25.95	  0.46770528
25.97	  0.46770528
25.99	  0.46770528
26.01	  0.48360923
26.03	  0.48360923
26.05	  0.48360923
26.07	  0.48360923
26.09	  0.48360923
26.11	  0.48360923
26.13	  0.48360923
26.15	  0.48360923
26.17	  0.48360923
26.19	  0.48360923
26.21	  0.48360923
26.23	  0.48360923
26.25	  0.48360923
26.27	  0.48360923
26.29	  0.48360923
26.31	  0.48360923
26.33	  0.48360923
26.35	  0.48360923
26.37	  0.48360923
26.39	  0.48360923
26.41	  0.48360923
26.43	  0.48360923
26.45	  0.48360923
26.47	  0.48360923
26.49	  0.48360923
26.51	  0.48360923
26.53	  0.48360923
26.55	  0.48360923
26.57	  0.48360923
26.59	  0.48360923
26.61	  0.48360923
26.63	  0.48360923
26.65	  0.48360923
26.67	  0.48360923
26.69	  0.48360923
26.71	  0.48360923
26.73	  0.48360923
26.75	  0.48360923
26.77	  0.48360923
26.79	  0.48360923
26.81	  0.48360923
26.83	  0.48360923
26.85	  0.48360923
26.87	  0.48360923
26.89	  0.48360923
26.91	  0.48360923
26.93	  0.48360923
26.95	  0.48360923
26.97	  0.48360923
26.99	  0.48360923
27.01	  0.49918857
27.03	  0.49918857
27.05	  0.49918857
27.07	  0.49918857
27.09	  0.49918857
27.11	  0.49918857
27.13	  0.49918857
27.15	  0.49918857
27.17	  0.49918857
27.19	  0.49918857
27.21	  0.49918857
27.23	  0.49918857
27.25	  0.49918857
27.27	  0.49918857
27.29	  0.49918857
27.31	  0.49918857
27.33	  0.49918857
27.35	  0.49918857
27.37	  0.49918857
27.39	  0.49918857
27.41	  0.49918857
27.43	  0.49918857
27.45	  0.49918857
27.47	  0.49918857
27.49	  0.49918857
27.51	  0.49918857
27.53	  0.49918857
27.55	  0.49918857
27.57	  0.49918857
27.59	  0.49918857
27.61	  0.49918857
27.63	  0.49918857
27.65	  0.49918857
27.67	  0.49918857
27.69	  0.49918857
27.71	  0.49918857
27.73	  0.49918857
27.75	  0.49918857
27.77	  0.49918857
27.79	  0.49918857
27.81	  0.49918857
27.83	  0.49918857
27.85	  0.49918857
27.87	  0.49918857
27.89	  0.49918857
27.91	  0.49918857
27.93	  0.49918857
27.95	  0.49918857
27.97	  0.49918857
27.99	  0.49918857
28.01	  0.5150925
28.03	  0.5150925
28.05	  0.5150925
28.07	  0.5150925
28.09	  0.5150925
28.11	  0.5150925
28.13	  0.5150925
28.15	  0.5150925
28.17	  0.5150925
28.19	  0.5150925
28.21	  0.5150925
28.23	  0.5150925
28.25	  0.5150925
28.27	  0.5150925
28.29	  0.5150925
28.31	  0.5150925
28.33	  0.5150925
28.35	  0.5150925
28.37	  0.5150925
28.39	  0.5150925
28.41	  0.5150925
28.43	  0.5150925
28.45	  0.5150925
28.47	  0.5150925
28.49	  0.5150925
28.51	  0.5150925
28.53	  0.5150925
28.55	  0.5150925
28.57	  0.5150925
28.59	  0.5150925
28.61	  0.5150925
28.63	  0.5150925
28.65	  0.5150925
28.67	  0.5150925
28.69	  0.5150925
28.71	  0.5150925
28.73	  0.5150925
28.75	  0.5150925
28.77	  0.5150925
28.79	  0.5150925
28.81	  0.5150925
28.83	  0.5150925
28.85	  0.5150925
28.87	  0.5150925
28.89	  0.5150925
28.91	  0.5150925
28.93	  0.5150925
28.95	  0.5150925
28.97	  0.5150925
28.99	  0.5150925
29.01	  0.53067183
29.03	  0.53067183
29.05	  0.53067183
29.07	  0.53067183
29.09	  0.53067183
29.11	  0.53067183
29.13	  0.53067183
29.15	  0.53067183
29.17	  0.53067183
29.19	  0.53067183
29.21	  0.53067183
29.23	  0.53067183
29.25	  0.53067183
29.27	  0.53067183
29.29	  0.53067183
29.31	  0.53067183
29.33	  0.53067183
29.35	  0.53067183
29.37	  0.53067183
29.39	  0.53067183
29.41	  0.53067183
29.43	  0.53067183
29.45	  0.53067183
29.47	  0.53067183
29.49	  0.53067183
29.51	  0.53067183
29.53	  0.53067183
29.55	  0.53067183
29.57	  0.53067183
29.59	  0.53067183
29.61	  0.53067183
29.63	  0.53067183
29.65	  0.53067183
29.67	  0.53067183
29.69	  0.53067183
29.71	  0.53067183
29.73	  0.53067183
29.75	  0.53067183
29.77	  0.53067183
29.79	  0.53067183
29.81	  0.53067183
29.83	  0.53067183
29.85	  0.53067183
29.87	  0.53067183
29.89	  0.53067183
29.91	  0.53067183
29.93	  0.53067183
29.95	  0.53067183
29.97	  0.53067183
29.99	  0.53067183
30.01	  0.54625124
30.03	  0.54625124
30.05	  0.54625124
30.07	  0.54625124
30.09	  0.54625124
30.11	  0.54625124
30.13	  0.54625124
30.15	  0.54625124
30.17	  0.54625124
30.19	  0.54625124
30.21	  0.54625124
30.23	  0.54625124
30.25	  0.54625124
30.27	  0.54625124
30.29	  0.54625124
30.31	  0.54625124
30.33	  0.54625124
30.35	  0.54625124
30.37	  0.54625124
30.39	  0.54625124
30.41	  0.54625124
30.43	  0.54625124
30.45	  0.54625124
30.47	  0.54625124
30.49	  0.54625124
30.51	  0.54625124
30.53	  0.54625124
30.55	  0.54625124
30.57	  0.54625124
30.59	  0.54625124
30.61	  0.54625124
30.63	  0.54625124
30.65	  0.54625124
30.67	  0.54625124
30.69	  0.54625124
30.71	  0.54625124
30.73	  0.54625124
30.75	  0.54625124
30.77	  0.54625124
30.79	  0.54625124
30.81	  0.54625124
30.83	  0.54625124
30.85	  0.54625124
30.87	  0.54625124
30.89	  0.54625124
30.91	  0.54625124
30.93	  0.54625124
30.95	  0.54625124
30.97	  0.54625124
30.99	  0.54625124
31.01	  0.5611814
31.03	  0.5611814
31.05	  0.5611814
31.07	  0.5611814
31.09	  0.5611814
31.11	  0.5611814
31.13	  0.5611814
31.15	  0.5611814
31.17	  0.5611814
31.19	  0.5611814
31.21	  0.5611814
31.23	  0.5611814
31.25	  0.5611814
31.27	  0.5611814
31.29	  0.5611814
31.31	  0.5611814
31.33	  0.5611814
31.35	  0.5611814
31.37	  0.5611814
31.39	  0.5611814
31.41	  0.5611814
31.43	  0.5611814
31.45	  0.5611814
31.47	  0.5611814
31.49	  0.5611814
31.51	  0.5611814
31.53	  0.5611814
31.55	  0.5611814
31.57	  0.5611814
31.59	  0.5611814
31.61	  0.5611814
31.63	  0.5611814
31.65	  0.5611814
31.67	  0.5611814
31.69	  0.5611814
31.71	  0.5611814
31.73	  0.5611814
31.75	  0.5611814
31.77	  0.5611814
31.79	  0.5611814
31.81	  0.5611814
31.83	  0.5611814
31.85	  0.5611814
31.87	  0.5611814
31.89	  0.5611814
31.91	  0.5611814
31.93	  0.5611814
31.95	  0.5611814
31.97	  0.5611814
31.99	  0.5611814
32.01	  0.57578707
32.03	  0.57578707
32.05	  0.57578707
32.07	  0.57578707
32.09	  0.57578707
32.11	  0.57578707
32.13	  0.57578707
32.15	  0.57578707
32.17	  0.57578707
32.19	  0.57578707
32.21	  0.57578707
32.23	  0.57578707
32.25	  0.57578707
32.27	  0.57578707
32.29	  0.57578707
32.31	  0.57578707
32.33	  0.57578707
32.35	  0.57578707
32.37	  0.57578707
32.39	  0.57578707
32.41	  0.57578707
32.43	  0.57578707
32.45	  0.57578707
32.47	  0.57578707
32.49	  0.57578707
32.51	  0.57578707
32.53	  0.57578707
32.55	  0.57578707
32.57	  0.57578707
32.59	  0.57578707
32.61	  0.57578707
32.63	  0.57578707
32.65	  0.57578707
32.67	  0.57578707
32.69	  0.57578707
32.71	  0.57578707
32.73	  0.57578707
32.75	  0.57578707
32.77	  0.57578707
32.79	  0.57578707
32.81	  0.57578707
32.83	  0.57578707
32.85	  0.57578707
32.87	  0.57578707
32.89	  0.57578707
32.91	  0.57578707
32.93	  0.57578707
32.95	  0.57578707
32.97	  0.57578707
32.99	  0.57578707
33.01	  0.5903927
33.03	  0.5903927
33.05	  0.5903927
33.07	  0.5903927
33.09	  0.5903927
33.11	  0.5903927
33.13	  0.5903927
33.15	  0.5903927
33.17	  0.5903927
33.19	  0.5903927
33.21	  0.5903927
33.23	  0.5903927
33.25	  0.5903927
33.27	  0.5903927
33.29	  0.5903927
33.31	  0.5903927
33.33	  0.5903927
33.35	  0.5903927
33.37	  0.5903927
33.39	  0.5903927
33.41	  0.5903927
33.43	  0.5903927
33.45	  0.5903927
33.47	  0.5903927
33.49	  0.5903927
33.51	  0.5903927
33.53	  0.5903927
33.55	  0.5903927
33.57	  0.5903927
33.59	  0.5903927
33.61	  0.5903927
33.63	  0.5903927
33.65	  0.5903927
33.67	  0.5903927
33.69	  0.5903927
33.71	  0.5903927
33.73	  0.5903927
33.75	  0.5903927
33.77	  0.5903927
33.79	  0.5903927
33.81	  0.5903927
33.83	  0.5903927
33.85	  0.5903927
33.87	  0.5903927
33.89	  0.5903927
33.91	  0.5903927
33.93	  0.5903927
33.95	  0.5903927
33.97	  0.5903927
33.99	  0.5903927
34.01	  0.60434926
34.03	  0.60434926
34.05	  0.60434926
34.07	  0.60434926
34.09	  0.60434926
34.11	  0.60434926
34.13	  0.60434926
34.15	  0.60434926
34.17	  0.60434926
34.19	  0.60434926
34.21	  0.60434926
34.23	  0.60434926
34.25	  0.60434926
34.27	  0.60434926
34.29	  0.60434926
34.31	  0.60434926
34.33	  0.60434926
34.35	  0.60434926
34.37	  0.60434926
34.39	  0.60434926
34.41	  0.60434926
34.43	  0.60434926
34.45	  0.60434926
34.47	  0.60434926
34.49	  0.60434926
34.51	  0.60434926
34.53	  0.60434926
34.55	  0.60434926
34.57	  0.60434926
34.59	  0.60434926
34.61	  0.60434926
34.63	  0.60434926
34.65	  0.60434926
34.67	  0.60434926
34.69	  0.60434926
34.71	  0.60434926
34.73	  0.60434926
34.75	  0.60434926
34.77	  0.60434926
34.79	  0.60434926
34.81	  0.60434926
34.83	  0.60434926
34.85	  0.60434926
34.87	  0.60434926
34.89	  0.60434926
34.91	  0.60434926
34.93	  0.60434926
34.95	  0.60434926
34.97	  0.60434926
34.99	  0.60434926
35.01	  0.6186303
35.03	  0.6186303
35.05	  0.6186303
35.07	  0.6186303
35.09	  0.6186303
35.11	  0.6186303
35.13	  0.6186303
35.15	  0.6186303
35.17	  0.6186303
35.19	  0.6186303
35.21	  0.6186303
35.23	  0.6186303
35.25	  0.6186303
35.27	  0.6186303
35.29	  0.6186303
35.31	  0.6186303
35.33	  0.6186303
35.35	  0.6186303
35.37	  0.6186303
35.39	  0.6186303
35.41	  0.6186303
35.43	  0.6186303
35.45	  0.6186303
35.47	  0.6186303
35.49	  0.6186303
35.51	  0.6186303
35.53	  0.6186303
35.55	  0.6186303
35.57	  0.6186303
35.59	  0.6186303
35.61	  0.6186303
35.63	  0.6186303
35.65	  0.6186303
35.67	  0.6186303
35.69	  0.6186303
35.71	  0.6186303
35.73	  0.6186303
35.75	  0.6186303
35.77	  0.6186303
35.79	  0.6186303
35.81	  0.6186303
35.83	  0.6186303
35.85	  0.6186303
35.87	  0.6186303
35.89	  0.6186303
35.91	  0.6186303
35.93	  0.6186303
35.95	  0.6186303
35.97	  0.6186303
35.99	  0.6186303
36.01	  0.63258684
36.03	  0.63258684
36.05	  0.63258684
36.07	  0.63258684
36.09	  0.63258684
36.11	  0.63258684
36.13	  0.63258684
36.15	  0.63258684
36.17	  0.63258684
36.19	  0.63258684
36.21	  0.63258684
36.23	  0.63258684
36.25	  0.63258684
36.27	  0.63258684
36.29	  0.63258684
36.31	  0.63258684
36.33	  0.63258684
36.35	  0.63258684
36.37	  0.63258684
36.39	  0.63258684
36.41	  0.63258684
36.43	  0.63258684
36.45	  0.63258684
36.47	  0.63258684
36.49	  0.63258684
36.51	  0.63258684
36.53	  0.63258684
36.55	  0.63258684
36.57	  0.63258684
36.59	  0.63258684
36.61	  0.63258684
36.63	  0.63258684
36.65	  0.63258684
36.67	  0.63258684
36.69	  0.63258684
36.71	  0.63258684
36.73	  0.63258684
36.75	  0.63258684
36.77	  0.63258684
36.79	  0.63258684
36.81	  0.63258684
36.83	  0.63258684
36.85	  0.63258684
36.87	  0.63258684
36.89	  0.63258684
36.91	  0.63258684
36.93	  0.63258684
36.95	  0.63258684
36.97	  0.63258684
36.99	  0.63258684
37.01	  0.6465433
37.03	  0.6465433
37.05	  0.6465433
37.07	  0.6465433
37.09	  0.6465433
37.11	  0.6465433
37.13	  0.6465433
37.15	  0.6465433
37.17	  0.6465433
37.19	  0.6465433
37.21	  0.6465433
37.23	  0.6465433
37.25	  0.6465433
37.27	  0.6465433
37.29	  0.6465433
37.31	  0.6465433
37.33	  0.6465433
37.35	  0.6465433
37.37	  0.6465433
37.39	  0.6465433
37.41	  0.6465433
37.43	  0.6465433
37.45	  0.6465433
37.47	  0.6465433
37.49	  0.6465433
37.51	  0.6465433
37.53	  0.6465433
37.55	  0.6465433
37.57	  0.6465433
37.59	  0.6465433
37.61	  0.6465433
37.63	  0.6465433
37.65	  0.6465433
37.67	  0.6465433
37.69	  0.6465433
37.71	  0.6465433
37.73	  0.6465433
37.75	  0.6465433
37.77	  0.6465433
37.79	  0.6465433
37.81	  0.6465433
37.83	  0.6465433
37.85	  0.6465433
37.87	  0.6465433
37.89	  0.6465433
37.91	  0.6465433
37.93	  0.6465433
37.95	  0.6465433
37.97	  0.6465433
37.99	  0.6465433
38.01	  0.66017526
38.03	  0.66017526
38.05	  0.66017526
38.07	  0.66017526
38.09	  0.66017526
38.11	  0.66017526
38.13	  0.66017526
38.15	  0.66017526
38.17	  0.66017526
38.19	  0.66017526
38.21	  0.66017526
38.23	  0.66017526
38.25	  0.66017526
38.27	  0.66017526
38.29	  0.66017526
38.31	  0.66017526
38.33	  0.66017526
38.35	  0.66017526
38.37	  0.66017526
38.39	  0.66017526
38.41	  0.66017526
38.43	  0.66017526
38.45	  0.66017526
38.47	  0.66017526
38.49	  0.66017526
38.51	  0.66017526
38.53	  0.66017526
38.55	  0.66017526
38.57	  0.66017526
38.59	  0.66017526
38.61	  0.66017526
38.63	  0.66017526
38.65	  0.66017526
38.67	  0.66017526
38.69	  0.66017526
38.71	  0.66017526
38.73	  0.66017526
38.75	  0.66017526
38.77	  0.66017526
38.79	  0.66017526
38.81	  0.66017526
38.83	  0.66017526
38.85	  0.66017526
38.87	  0.66017526
38.89	  0.66017526
38.91	  0.66017526
38.93	  0.66017526
38.95	  0.66017526
38.97	  0.66017526
38.99	  0.66017526
39.01	  0.67315805
39.03	  0.67315805
39.05	  0.67315805
39.07	  0.67315805
39.09	  0.67315805
39.11	  0.67315805
39.13	  0.67315805
39.15	  0.67315805
39.17	  0.67315805
39.19	  0.67315805
39.21	  0.67315805
39.23	  0.67315805
39.25	  0.67315805
39.27	  0.67315805
39.29	  0.67315805
39.31	  0.67315805
39.33	  0.67315805
39.35	  0.67315805
39.37	  0.67315805
39.39	  0.67315805
39.41	  0.67315805
39.43	  0.67315805
39.45	  0.67315805
39.47	  0.67315805
39.49	  0.67315805
39.51	  0.67315805
39.53	  0.67315805
39.55	  0.67315805
39.57	  0.67315805
39.59	  0.67315805
39.61	  0.67315805
39.63	  0.67315805
39.65	  0.67315805
39.67	  0.67315805
39.69	  0.67315805
39.71	  0.67315805
39.73	  0.67315805
39.75	  0.67315805
39.77	  0.67315805
39.79	  0.67315805
39.81	  0.67315805
39.83	  0.67315805
39.85	  0.67315805
39.87	  0.67315805
39.89	  0.67315805
39.91	  0.67315805
39.93	  0.67315805
39.95	  0.67315805
39.97	  0.67315805
39.99	  0.67315805
40.01	  0.6858163
40.03	  0.6858163
40.05	  0.6858163
40.07	  0.6858163
40.09	  0.6858163
40.11	  0.6858163
40.13	  0.6858163
40.15	  0.6858163
40.17	  0.6858163
40.19	  0.6858163
40.21	  0.6858163
40.23	  0.6858163
40.25	  0.6858163
40.27	  0.6858163
40.29	  0.6858163
40.31	  0.6858163
40.33	  0.6858163
40.35	  0.6858163
40.37	  0.6858163
40.39	  0.6858163
40.41	  0.6858163
40.43	  0.6858163
40.45	  0.6858163
40.47	  0.6858163
40.49	  0.6858163
40.51	  0.6858163
40.53	  0.6858163
40.55	  0.6858163
40.57	  0.6858163
40.59	  0.6858163
40.61	  0.6858163
40.63	  0.6858163
40.65	  0.6858163
40.67	  0.6858163
40.69	  0.6858163
40.71	  0.6858163
40.73	  0.6858163
40.75	  0.6858163
40.77	  0.6858163
40.79	  0.6858163
40.81	  0.6858163
40.83	  0.6858163
40.85	  0.6858163
40.87	  0.6858163
40.89	  0.6858163
40.91	  0.6858163
40.93	  0.6858163
40.95	  0.6858163
40.97	  0.6858163
40.99	  0.6858163
41.01	  0.6984745
41.03	  0.6984745
41.05	  0.6984745
41.07	  0.6984745
41.09	  0.6984745
41.11	  0.6984745
41.13	  0.6984745
41.15	  0.6984745
41.17	  0.6984745
41.19	  0.6984745
41.21	  0.6984745
41.23	  0.6984745
41.25	  0.6984745
41.27	  0.6984745
41.29	  0.6984745
41.31	  0.6984745
41.33	  0.6984745
41.35	  0.6984745
41.37	  0.6984745
41.39	  0.6984745
41.41	  0.6984745
41.43	  0.6984745
41.45	  0.6984745
41.47	  0.6984745
41.49	  0.6984745
41.51	  0.6984745
41.53	  0.6984745
41.55	  0.6984745
41.57	  0.6984745
41.59	  0.6984745
41.61	  0.6984745
41.63	  0.6984745
41.65	  0.6984745
41.67	  0.6984745
41.69	  0.6984745
41.71	  0.6984745
41.73	  0.6984745
41.75	  0.6984745
41.77	  0.6984745
41.79	  0.6984745
41.81	  0.6984745
41.83	  0.6984745
41.85	  0.6984745
41.87	  0.6984745
41.89	  0.6984745
41.91	  0.6984745
41.93	  0.6984745
41.95	  0.6984745
41.97	  0.6984745
41.99	  0.6984745
42.01	  0.71113276
42.03	  0.71113276
42.05	  0.71113276
42.07	  0.71113276
42.09	  0.71113276
42.11	  0.71113276
42.13	  0.71113276
42.15	  0.71113276
42.17	  0.71113276
42.19	  0.71113276
42.21	  0.71113276
42.23	  0.71113276
42.25	  0.71113276
42.27	  0.71113276
42.29	  0.71113276
42.31	  0.71113276
42.33	  0.71113276
42.35	  0.71113276
42.37	  0.71113276
42.39	  0.71113276
42.41	  0.71113276
42.43	  0.71113276
42.45	  0.71113276
42.47	  0.71113276
42.49	  0.71113276
42.51	  0.71113276
42.53	  0.71113276
42.55	  0.71113276
42.57	  0.71113276
42.59	  0.71113276
42.61	  0.71113276
42.63	  0.71113276
42.65	  0.71113276
42.67	  0.71113276
42.69	  0.71113276
42.71	  0.71113276
42.73	  0.71113276
42.75	  0.71113276
42.77	  0.71113276
42.79	  0.71113276
42.81	  0.71113276
42.83	  0.71113276
42.85	  0.71113276
42.87	  0.71113276
42.89	  0.71113276
42.91	  0.71113276
42.93	  0.71113276
42.95	  0.71113276
42.97	  0.71113276
42.99	  0.71113276
43.01	  0.723791
43.03	  0.723791
43.05	  0.723791
43.07	  0.723791
43.09	  0.723791
43.11	  0.723791
43.13	  0.723791
43.15	  0.723791
43.17	  0.723791
43.19	  0.723791
43.21	  0.723791
43.23	  0.723791
43.25	  0.723791
43.27	  0.723791
43.29	  0.723791
43.31	  0.723791
43.33	  0.723791
43.35	  0.723791
43.37	  0.723791
43.39	  0.723791
43.41	  0.723791
43.43	  0.723791
43.45	  0.723791
43.47	  0.723791
43.49	  0.723791
43.51	  0.723791
43.53	  0.723791
43.55	  0.723791
43.57	  0.723791
43.59	  0.723791
43.61	  0.723791
43.63	  0.723791
43.65	  0.723791
43.67	  0.723791
43.69	  0.723791
43.71	  0.723791
43.73	  0.723791
43.75	  0.723791
43.77	  0.723791
43.79	  0.723791
43.81	  0.723791
43.83	  0.723791
43.85	  0.723791
43.87	  0.723791
43.89	  0.723791
43.91	  0.723791
43.93	  0.723791
43.95	  0.723791
43.97	  0.723791
43.99	  0.723791
44.01	  0.7354755
44.03	  0.7354755
44.05	  0.7354755
44.07	  0.7354755
44.09	  0.7354755
44.11	  0.7354755
44.13	  0.7354755
44.15	  0.7354755
44.17	  0.7354755
44.19	  0.7354755
44.21	  0.7354755
44.23	  0.7354755
44.25	  0.7354755
44.27	  0.7354755
44.29	  0.7354755
44.31	  0.7354755
44.33	  0.7354755
44.35	  0.7354755
44.37	  0.7354755
44.39	  0.7354755
44.41	  0.7354755
44.43	  0.7354755
44.45	  0.7354755
44.47	  0.7354755
44.49	  0.7354755
44.51	  0.7354755
44.53	  0.7354755
44.55	  0.7354755
44.57	  0.7354755
44.59	  0.7354755
44.61	  0.7354755
44.63	  0.7354755
44.65	  0.7354755
44.67	  0.7354755
44.69	  0.7354755
44.71	  0.7354755
44.73	  0.7354755
44.75	  0.7354755
44.77	  0.7354755
44.79	  0.7354755
44.81	  0.7354755
44.83	  0.7354755
44.85	  0.7354755
44.87	  0.7354755
44.89	  0.7354755
44.91	  0.7354755
44.93	  0.7354755
44.95	  0.7354755
44.97	  0.7354755
44.99	  0.7354755
45.01	  0.7468355
45.03	  0.7468355
45.05	  0.7468355
45.07	  0.7468355
45.09	  0.7468355
45.11	  0.7468355
45.13	  0.7468355
45.15	  0.7468355
45.17	  0.7468355
45.19	  0.7468355
45.21	  0.7468355
45.23	  0.7468355
45.25	  0.7468355
45.27	  0.7468355
45.29	  0.7468355
45.31	  0.7468355
45.33	  0.7468355
45.35	  0.7468355
45.37	  0.7468355
45.39	  0.7468355
45.41	  0.7468355
45.43	  0.7468355
45.45	  0.7468355
45.47	  0.7468355
45.49	  0.7468355
45.51	  0.7468355
45.53	  0.7468355
45.55	  0.7468355
45.57	  0.7468355
45.59	  0.7468355
45.61	  0.7468355
45.63	  0.7468355
45.65	  0.7468355
45.67	  0.7468355
45.69	  0.7468355
45.71	  0.7468355
45.73	  0.7468355
45.75	  0.7468355
45.77	  0.7468355
45.79	  0.7468355
45.81	  0.7468355
45.83	  0.7468355
45.85	  0.7468355
45.87	  0.7468355
45.89	  0.7468355
45.91	  0.7468355
45.93	  0.7468355
45.95	  0.7468355
45.97	  0.7468355
45.99	  0.7468355
46.01	  0.7578708
46.03	  0.7578708
46.05	  0.7578708
46.07	  0.7578708
46.09	  0.7578708
46.11	  0.7578708
46.13	  0.7578708
46.15	  0.7578708
46.17	  0.7578708
46.19	  0.7578708
46.21	  0.7578708
46.23	  0.7578708
46.25	  0.7578708
46.27	  0.7578708
46.29	  0.7578708
46.31	  0.7578708
46.33	  0.7578708
46.35	  0.7578708
46.37	  0.7578708
46.39	  0.7578708
46.41	  0.7578708
46.43	  0.7578708
46.45	  0.7578708
46.47	  0.7578708
46.49	  0.7578708
46.51	  0.7578708
46.53	  0.7578708
46.55	  0.7578708
46.57	  0.7578708
46.59	  0.7578708
46.61	  0.7578708
46.63	  0.7578708
46.65	  0.7578708
46.67	  0.7578708
46.69	  0.7578708
46.71	  0.7578708
46.73	  0.7578708
46.75	  0.7578708
46.77	  0.7578708
46.79	  0.7578708
46.81	  0.7578708
46.83	  0.7578708
46.85	  0.7578708
46.87	  0.7578708
46.89	  0.7578708
46.91	  0.7578708
46.93	  0.7578708
46.95	  0.7578708
46.97	  0.7578708
46.99	  0.7578708
47.01	  0.7685816
47.03	  0.7685816
47.05	  0.7685816
47.07	  0.7685816
47.09	  0.7685816
47.11	  0.7685816
47.13	  0.7685816
47.15	  0.7685816
47.17	  0.7685816
47.19	  0.7685816
47.21	  0.7685816
47.23	  0.7685816
47.25	  0.7685816
47.27	  0.7685816
47.29	  0.7685816
47.31	  0.7685816
47.33	  0.7685816
47.35	  0.7685816
47.37	  0.7685816
47.39	  0.7685816
47.41	  0.7685816
47.43	  0.7685816
47.45	  0.7685816
47.47	  0.7685816
47.49	  0.7685816
47.51	  0.7685816
47.53	  0.7685816
47.55	  0.7685816
47.57	  0.7685816
47.59	  0.7685816
47.61	  0.7685816
47.63	  0.7685816
47.65	  0.7685816
47.67	  0.7685816
47.69	  0.7685816
47.71	  0.7685816
47.73	  0.7685816
47.75	  0.7685816
47.77	  0.7685816
47.79	  0.7685816
47.81	  0.7685816
47.83	  0.7685816
47.85	  0.7685816
47.87	  0.7685816
47.89	  0.7685816
47.91	  0.7685816
47.93	  0.7685816
47.95	  0.7685816
47.97	  0.7685816
47.99	  0.7685816
48.01	  0.77929246
48.03	  0.77929246
48.05	  0.77929246
48.07	  0.77929246
48.09	  0.77929246
48.11	  0.77929246
48.13	  0.77929246
48.15	  0.77929246
48.17	  0.77929246
48.19	  0.77929246
48.21	  0.77929246
48.23	  0.77929246
48.25	  0.77929246
48.27	  0.77929246
48.29	  0.77929246
48.31	  0.77929246
48.33	  0.77929246
48.35	  0.77929246
48.37	  0.77929246
48.39	  0.77929246
48.41	  0.77929246
48.43	  0.77929246
48.45	  0.77929246
48.47	  0.77929246
48.49	  0.77929246
48.51	  0.77929246
48.53	  0.77929246
48.55	  0.77929246
48.57	  0.77929246
48.59	  0.77929246
48.61	  0.77929246
48.63	  0.77929246
48.65	  0.77929246
48.67	  0.77929246
48.69	  0.77929246
48.71	  0.77929246
48.73	  0.77929246
48.75	  0.77929246
48.77	  0.77929246
48.79	  0.77929246
48.81	  0.77929246
48.83	  0.77929246
48.85	  0.77929246
48.87	  0.77929246
48.89	  0.77929246
48.91	  0.77929246
48.93	  0.77929246
48.95	  0.77929246
48.97	  0.77929246
48.99	  0.77929246
49.01	  0.7893541
49.03	  0.7893541
49.05	  0.7893541
49.07	  0.7893541
49.09	  0.7893541
49.11	  0.7893541
49.13	  0.7893541
49.15	  0.7893541
49.17	  0.7893541
49.19	  0.7893541
49.21	  0.7893541
49.23	  0.7893541
49.25	  0.7893541
49.27	  0.7893541
49.29	  0.7893541
49.31	  0.7893541
49.33	  0.7893541
49.35	  0.7893541
49.37	  0.7893541
49.39	  0.7893541
49.41	  0.7893541
49.43	  0.7893541
49.45	  0.7893541
49.47	  0.7893541
49.49	  0.7893541
49.51	  0.7893541
49.53	  0.7893541
49.55	  0.7893541
49.57	  0.7893541
49.59	  0.7893541
49.61	  0.7893541
49.63	  0.7893541
49.65	  0.7893541
49.67	  0.7893541
49.69	  0.7893541
49.71	  0.7893541
49.73	  0.7893541
49.75	  0.7893541
49.77	  0.7893541
49.79	  0.7893541
49.81	  0.7893541
49.83	  0.7893541
49.85	  0.7893541
49.87	  0.7893541
49.89	  0.7893541
49.91	  0.7893541
49.93	  0.7893541
49.95	  0.7893541
49.97	  0.7893541
49.99	  0.7893541
50.01	  0.7997403
50.03	  0.7997403
50.05	  0.7997403
50.07	  0.7997403
50.09	  0.7997403
50.11	  0.7997403
50.13	  0.7997403
50.15	  0.7997403
50.17	  0.7997403
50.19	  0.7997403
50.21	  0.7997403
50.23	  0.7997403
50.25	  0.7997403
50.27	  0.7997403
50.29	  0.7997403
50.31	  0.7997403
50.33	  0.7997403
50.35	  0.7997403
50.37	  0.7997403
50.39	  0.7997403
50.41	  0.7997403
50.43	  0.7997403
50.45	  0.7997403
50.47	  0.7997403
50.49	  0.7997403
50.51	  0.7997403
50.53	  0.7997403
50.55	  0.7997403
50.57	  0.7997403
50.59	  0.7997403
50.61	  0.7997403
50.63	  0.7997403
50.65	  0.7997403
50.67	  0.7997403
50.69	  0.7997403
50.71	  0.7997403
50.73	  0.7997403
50.75	  0.7997403
50.77	  0.7997403
50.79	  0.7997403
50.81	  0.7997403
50.83	  0.7997403
50.85	  0.7997403
50.87	  0.7997403
50.89	  0.7997403
50.91	  0.7997403
50.93	  0.7997403
50.95	  0.7997403
50.97	  0.7997403
50.99	  0.7997403
51.01	  0.80947745
51.03	  0.80947745
51.05	  0.80947745
51.07	  0.80947745
51.09	  0.80947745
51.11	  0.80947745
51.13	  0.80947745
51.15	  0.80947745
51.17	  0.80947745
51.19	  0.80947745
51.21	  0.80947745
51.23	  0.80947745
51.25	  0.80947745
51.27	  0.80947745
51.29	  0.80947745
51.31	  0.80947745
51.33	  0.80947745
51.35	  0.80947745
51.37	  0.80947745
51.39	  0.80947745
51.41	  0.80947745
51.43	  0.80947745
51.45	  0.80947745
51.47	  0.80947745
51.49	  0.80947745
51.51	  0.80947745
51.53	  0.80947745
51.55	  0.80947745
51.57	  0.80947745
51.59	  0.80947745
51.61	  0.80947745
51.63	  0.80947745
51.65	  0.80947745
51.67	  0.80947745
51.69	  0.80947745
51.71	  0.80947745
51.73	  0.80947745
51.75	  0.80947745
51.77	  0.80947745
51.79	  0.80947745
51.81	  0.80947745
51.83	  0.80947745
51.85	  0.80947745
51.87	  0.80947745
51.89	  0.80947745
51.91	  0.80947745
51.93	  0.80947745
51.95	  0.80947745
51.97	  0.80947745
51.99	  0.80947745
52.01	  0.81889
52.03	  0.81889
52.05	  0.81889
52.07	  0.81889
52.09	  0.81889
52.11	  0.81889
52.13	  0.81889
52.15	  0.81889
52.17	  0.81889
52.19	  0.81889
52.21	  0.81889
52.23	  0.81889
52.25	  0.81889
52.27	  0.81889
52.29	  0.81889
52.31	  0.81889
52.33	  0.81889
52.35	  0.81889
52.37	  0.81889
52.39	  0.81889
52.41	  0.81889
52.43	  0.81889
52.45	  0.81889
52.47	  0.81889
52.49	  0.81889
52.51	  0.81889
52.53	  0.81889
52.55	  0.81889
52.57	  0.81889
52.59	  0.81889
52.61	  0.81889
52.63	  0.81889
52.65	  0.81889
52.67	  0.81889
52.69	  0.81889
52.71	  0.81889
52.73	  0.81889
52.75	  0.81889
52.77	  0.81889
52.79	  0.81889
52.81	  0.81889
52.83	  0.81889
52.85	  0.81889
52.87	  0.81889
52.89	  0.81889
52.91	  0.81889
52.93	  0.81889
52.95	  0.81889
52.97	  0.81889
52.99	  0.81889
53.01	  0.82797796
53.03	  0.82797796
53.05	  0.82797796
53.07	  0.82797796
53.09	  0.82797796
53.11	  0.82797796
53.13	  0.82797796
53.15	  0.82797796
53.17	  0.82797796
53.19	  0.82797796
53.21	  0.82797796
53.23	  0.82797796
53.25	  0.82797796
53.27	  0.82797796
53.29	  0.82797796
53.31	  0.82797796
53.33	  0.82797796
53.35	  0.82797796
53.37	  0.82797796
53.39	  0.82797796
53.41	  0.82797796
53.43	  0.82797796
53.45	  0.82797796
53.47	  0.82797796
53.49	  0.82797796
53.51	  0.82797796
53.53	  0.82797796
53.55	  0.82797796
53.57	  0.82797796
53.59	  0.82797796
53.61	  0.82797796
53.63	  0.82797796
53.65	  0.82797796
53.67	  0.82797796
53.69	  0.82797796
53.71	  0.82797796
53.73	  0.82797796
53.75	  0.82797796
53.77	  0.82797796
53.79	  0.82797796
53.81	  0.82797796
53.83	  0.82797796
53.85	  0.82797796
53.87	  0.82797796
53.89	  0.82797796
53.91	  0.82797796
53.93	  0.82797796
53.95	  0.82797796
53.97	  0.82797796
53.99	  0.82797796
54.01	  0.8370659
54.03	  0.8370659
54.05	  0.8370659
54.07	  0.8370659
54.09	  0.8370659
54.11	  0.8370659
54.13	  0.8370659
54.15	  0.8370659
54.17	  0.8370659
54.19	  0.8370659
54.21	  0.8370659
54.23	  0.8370659
54.25	  0.8370659
54.27	  0.8370659
54.29	  0.8370659
54.31	  0.8370659
54.33	  0.8370659
54.35	  0.8370659
54.37	  0.8370659
54.39	  0.8370659
54.41	  0.8370659
54.43	  0.8370659
54.45	  0.8370659
54.47	  0.8370659
54.49	  0.8370659
54.51	  0.8370659
54.53	  0.8370659
54.55	  0.8370659
54.57	  0.8370659
54.59	  0.8370659
54.61	  0.8370659
54.63	  0.8370659
54.65	  0.8370659
54.67	  0.8370659
54.69	  0.8370659
54.71	  0.8370659
54.73	  0.8370659
54.75	  0.8370659
54.77	  0.8370659
54.79	  0.8370659
54.81	  0.8370659
54.83	  0.8370659
54.85	  0.8370659
54.87	  0.8370659
54.89	  0.8370659
54.91	  0.8370659
54.93	  0.8370659
54.95	  0.8370659
54.97	  0.8370659
54.99	  0.8370659
55.01	  0.8455047
55.03	  0.8455047
55.05	  0.8455047
55.07	  0.8455047
55.09	  0.8455047
55.11	  0.8455047
55.13	  0.8455047
55.15	  0.8455047
55.17	  0.8455047
55.19	  0.8455047
55.21	  0.8455047
55.23	  0.8455047
55.25	  0.8455047
55.27	  0.8455047
55.29	  0.8455047
55.31	  0.8455047
55.33	  0.8455047
55.35	  0.8455047
55.37	  0.8455047
55.39	  0.8455047
55.41	  0.8455047
55.43	  0.8455047
55.45	  0.8455047
55.47	  0.8455047
55.49	  0.8455047
55.51	  0.8455047
55.53	  0.8455047
55.55	  0.8455047
55.57	  0.8455047
55.59	  0.8455047
55.61	  0.8455047
55.63	  0.8455047
55.65	  0.8455047
55.67	  0.8455047
55.69	  0.8455047
55.71	  0.8455047
55.73	  0.8455047
55.75	  0.8455047
55.77	  0.8455047
55.79	  0.8455047
55.81	  0.8455047
55.83	  0.8455047
55.85	  0.8455047
55.87	  0.8455047
55.89	  0.8455047
55.91	  0.8455047
55.93	  0.8455047
55.95	  0.8455047
55.97	  0.8455047
55.99	  0.8455047
56.01	  0.8542681
56.03	  0.8542681
56.05	  0.8542681
56.07	  0.8542681
56.09	  0.8542681
56.11	  0.8542681
56.13	  0.8542681
56.15	  0.8542681
56.17	  0.8542681
56.19	  0.8542681
56.21	  0.8542681
56.23	  0.8542681
56.25	  0.8542681
56.27	  0.8542681
56.29	  0.8542681
56.31	  0.8542681
56.33	  0.8542681
56.35	  0.8542681
56.37	  0.8542681
56.39	  0.8542681
56.41	  0.8542681
56.43	  0.8542681
56.45	  0.8542681
56.47	  0.8542681
56.49	  0.8542681
56.51	  0.8542681
56.53	  0.8542681
56.55	  0.8542681
56.57	  0.8542681
56.59	  0.8542681
56.61	  0.8542681
56.63	  0.8542681
56.65	  0.8542681
56.67	  0.8542681
56.69	  0.8542681
56.71	  0.8542681
56.73	  0.8542681
56.75	  0.8542681
56.77	  0.8542681
56.79	  0.8542681
56.81	  0.8542681
56.83	  0.8542681
56.85	  0.8542681
56.87	  0.8542681
56.89	  0.8542681
56.91	  0.8542681
56.93	  0.8542681
56.95	  0.8542681
56.97	  0.8542681
56.99	  0.8542681
57.01	  0.8627069
57.03	  0.8627069
57.05	  0.8627069
57.07	  0.8627069
57.09	  0.8627069
57.11	  0.8627069
57.13	  0.8627069
57.15	  0.8627069
57.17	  0.8627069
57.19	  0.8627069
57.21	  0.8627069
57.23	  0.8627069
57.25	  0.8627069
57.27	  0.8627069
57.29	  0.8627069
57.31	  0.8627069
57.33	  0.8627069
57.35	  0.8627069
57.37	  0.8627069
57.39	  0.8627069
57.41	  0.8627069
57.43	  0.8627069
57.45	  0.8627069
57.47	  0.8627069
57.49	  0.8627069
57.51	  0.8627069
57.53	  0.8627069
57.55	  0.8627069
57.57	  0.8627069
57.59	  0.8627069
57.61	  0.8627069
57.63	  0.8627069
57.65	  0.8627069
57.67	  0.8627069
57.69	  0.8627069
57.71	  0.8627069
57.73	  0.8627069
57.75	  0.8627069
57.77	  0.8627069
57.79	  0.8627069
57.81	  0.8627069
57.83	  0.8627069
57.85	  0.8627069
57.87	  0.8627069
57.89	  0.8627069
57.91	  0.8627069
57.93	  0.8627069
57.95	  0.8627069
57.97	  0.8627069
57.99	  0.8627069
58.01	  0.8711457
58.03	  0.8711457
58.05	  0.8711457
58.07	  0.8711457
58.09	  0.8711457
58.11	  0.8711457
58.13	  0.8711457
58.15	  0.8711457
58.17	  0.8711457
58.19	  0.8711457
58.21	  0.8711457
58.23	  0.8711457
58.25	  0.8711457
58.27	  0.8711457
58.29	  0.8711457
58.31	  0.8711457
58.33	  0.8711457
58.35	  0.8711457
58.37	  0.8711457
58.39	  0.8711457
58.41	  0.8711457
58.43	  0.8711457
58.45	  0.8711457
58.47	  0.8711457
58.49	  0.8711457
58.51	  0.8711457
58.53	  0.8711457
58.55	  0.8711457
58.57	  0.8711457
58.59	  0.8711457
58.61	  0.8711457
58.63	  0.8711457
58.65	  0.8711457
58.67	  0.8711457
58.69	  0.8711457
58.71	  0.8711457
58.73	  0.8711457
58.75	  0.8711457
58.77	  0.8711457
58.79	  0.8711457
58.81	  0.8711457
58.83	  0.8711457
58.85	  0.8711457
58.87	  0.8711457
58.89	  0.8711457
58.91	  0.8711457
58.93	  0.8711457
58.95	  0.8711457
58.97	  0.8711457
58.99	  0.8711457
59.01	  0.8789354
59.03	  0.8789354
59.05	  0.8789354
59.07	  0.8789354
59.09	  0.8789354
59.11	  0.8789354
59.13	  0.8789354
59.15	  0.8789354
59.17	  0.8789354
59.19	  0.8789354
59.21	  0.8789354
59.23	  0.8789354
59.25	  0.8789354
59.27	  0.8789354
59.29	  0.8789354
59.31	  0.8789354
59.33	  0.8789354
59.35	  0.8789354
59.37	  0.8789354
59.39	  0.8789354
59.41	  0.8789354
59.43	  0.8789354
59.45	  0.8789354
59.47	  0.8789354
59.49	  0.8789354
59.51	  0.8789354
59.53	  0.8789354
59.55	  0.8789354
59.57	  0.8789354
59.59	  0.8789354
59.61	  0.8789354
59.63	  0.8789354
59.65	  0.8789354
59.67	  0.8789354
59.69	  0.8789354
59.71	  0.8789354
59.73	  0.8789354
59.75	  0.8789354
59.77	  0.8789354
59.79	  0.8789354
59.81	  0.8789354
59.83	  0.8789354
59.85	  0.8789354
59.87	  0.8789354
59.89	  0.8789354
59.91	  0.8789354
59.93	  0.8789354
59.95	  0.8789354
59.97	  0.8789354
59.99	  0.8789354
60.01	  0.8864005
60.03	  0.8864005
60.05	  0.8864005
60.07	  0.8864005
60.09	  0.8864005
60.11	  0.8864005
60.13	  0.8864005
60.15	  0.8864005
60.17	  0.8864005
60.19	  0.8864005
60.21	  0.8864005
60.23	  0.8864005
60.25	  0.8864005
60.27	  0.8864005
60.29	  0.8864005
60.31	  0.8864005
60.33	  0.8864005
60.35	  0.8864005
60.37	  0.8864005
60.39	  0.8864005
60.41	  0.8864005
60.43	  0.8864005
60.45	  0.8864005
60.47	  0.8864005
60.49	  0.8864005
60.51	  0.8864005
60.53	  0.8864005
60.55	  0.8864005
60.57	  0.8864005
60.59	  0.8864005
60.61	  0.8864005
60.63	  0.8864005
60.65	  0.8864005
60.67	  0.8864005
60.69	  0.8864005
60.71	  0.8864005
60.73	  0.8864005
60.75	  0.8864005
60.77	  0.8864005
60.79	  0.8864005
60.81	  0.8864005
60.83	  0.8864005
60.85	  0.8864005
60.87	  0.8864005
60.89	  0.8864005
60.91	  0.8864005
60.93	  0.8864005
60.95	  0.8864005
60.97	  0.8864005
60.99	  0.8864005
61.01	  0.89386564
61.03	  0.89386564
61.05	  0.89386564
61.07	  0.89386564
61.09	  0.89386564
61.11	  0.89386564
61.13	  0.89386564
61.15	  0.89386564
61.17	  0.89386564
61.19	  0.89386564
61.21	  0.89386564
61.23	  0.89386564
61.25	  0.89386564
61.27	  0.89386564
61.29	  0.89386564
61.31	  0.89386564
61.33	  0.89386564
61.35	  0.89386564
61.37	  0.89386564
61.39	  0.89386564
61.41	  0.89386564
61.43	  0.89386564
61.45	  0.89386564
61.47	  0.89386564
61.49	  0.89386564
61.51	  0.89386564
61.53	  0.89386564
61.55	  0.89386564
61.57	  0.89386564
61.59	  0.89386564
61.61	  0.89386564
61.63	  0.89386564
61.65	  0.89386564
61.67	  0.89386564
61.69	  0.89386564
61.71	  0.89386564
61.73	  0.89386564
61.75	  0.89386564
61.77	  0.89386564
61.79	  0.89386564
61.81	  0.89386564
61.83	  0.89386564
61.85	  0.89386564
61.87	  0.89386564
61.89	  0.89386564
61.91	  0.89386564
61.93	  0.89386564
61.95	  0.89386564
61.97	  0.89386564
61.99	  0.89386564
62.01	  0.90100616
62.03	  0.90100616
62.05	  0.90100616
62.07	  0.90100616
62.09	  0.90100616
62.11	  0.90100616
62.13	  0.90100616
62.15	  0.90100616
62.17	  0.90100616
62.19	  0.90100616
62.21	  0.90100616
62.23	  0.90100616
62.25	  0.90100616
62.27	  0.90100616
62.29	  0.90100616
62.31	  0.90100616
62.33	  0.90100616
62.35	  0.90100616
62.37	  0.90100616
62.39	  0.90100616
62.41	  0.90100616
62.43	  0.90100616
62.45	  0.90100616
62.47	  0.90100616
62.49	  0.90100616
62.51	  0.90100616
62.53	  0.90100616
62.55	  0.90100616
62.57	  0.90100616
62.59	  0.90100616
62.61	  0.90100616
62.63	  0.90100616
62.65	  0.90100616
62.67	  0.90100616
62.69	  0.90100616
62.71	  0.90100616
62.73	  0.90100616
62.75	  0.90100616
62.77	  0.90100616
62.79	  0.90100616
62.81	  0.90100616
62.83	  0.90100616
62.85	  0.90100616
62.87	  0.90100616
62.89	  0.90100616
62.91	  0.90100616
62.93	  0.90100616
62.95	  0.90100616
62.97	  0.90100616
62.99	  0.90100616
63.01	  0.9081467
63.03	  0.9081467
63.05	  0.9081467
63.07	  0.9081467
63.09	  0.9081467
63.11	  0.9081467
63.13	  0.9081467
63.15	  0.9081467
63.17	  0.9081467
63.19	  0.9081467
63.21	  0.9081467
63.23	  0.9081467
63.25	  0.9081467
63.27	  0.9081467
63.29	  0.9081467
63.31	  0.9081467
63.33	  0.9081467
63.35	  0.9081467
63.37	  0.9081467
63.39	  0.9081467
63.41	  0.9081467
63.43	  0.9081467
63.45	  0.9081467
63.47	  0.9081467
63.49	  0.9081467
63.51	  0.9081467
63.53	  0.9081467
63.55	  0.9081467
63.57	  0.9081467
63.59	  0.9081467
63.61	  0.9081467
63.63	  0.9081467
63.65	  0.9081467
63.67	  0.9081467
63.69	  0.9081467
63.71	  0.9081467
63.73	  0.9081467
63.75	  0.9081467
63.77	  0.9081467
63.79	  0.9081467
63.81	  0.9081467
63.83	  0.9081467
63.85	  0.9081467
63.87	  0.9081467
63.89	  0.9081467
63.91	  0.9081467
63.93	  0.9081467
63.95	  0.9081467
63.97	  0.9081467
63.99	  0.9081467
64.01	  0.91496265
64.03	  0.91496265
64.05	  0.91496265
64.07	  0.91496265
64.09	  0.91496265
64.11	  0.91496265
64.13	  0.91496265
64.15	  0.91496265
64.17	  0.91496265
64.19	  0.91496265
64.21	  0.91496265
64.23	  0.91496265
64.25	  0.91496265
64.27	  0.91496265
64.29	  0.91496265
64.31	  0.91496265
64.33	  0.91496265
64.35	  0.91496265
64.37	  0.91496265
64.39	  0.91496265
64.41	  0.91496265
64.43	  0.91496265
64.45	  0.91496265
64.47	  0.91496265
64.49	  0.91496265
64.51	  0.91496265
64.53	  0.91496265
64.55	  0.91496265
64.57	  0.91496265
64.59	  0.91496265
64.61	  0.91496265
64.63	  0.91496265
64.65	  0.91496265
64.67	  0.91496265
64.69	  0.91496265
64.71	  0.91496265
64.73	  0.91496265
64.75	  0.91496265
64.77	  0.91496265
64.79	  0.91496265
64.81	  0.91496265
64.83	  0.91496265
64.85	  0.91496265
64.87	  0.91496265
64.89	  0.91496265
64.91	  0.91496265
64.93	  0.91496265
64.95	  0.91496265
64.97	  0.91496265
64.99	  0.91496265
65.01	  0.9214541
65.03	  0.9214541
65.05	  0.9214541
65.07	  0.9214541
65.09	  0.9214541
65.11	  0.9214541
65.13	  0.9214541
65.15	  0.9214541
65.17	  0.9214541
65.19	  0.9214541
65.21	  0.9214541
65.23	  0.9214541
65.25	  0.9214541
65.27	  0.9214541
65.29	  0.9214541
65.31	  0.9214541
65.33	  0.9214541
65.35	  0.9214541
65.37	  0.9214541
65.39	  0.9214541
65.41	  0.9214541
65.43	  0.9214541
65.45	  0.9214541
65.47	  0.9214541
65.49	  0.9214541
65.51	  0.9214541
65.53	  0.9214541
65.55	  0.9214541
65.57	  0.9214541
65.59	  0.9214541
65.61	  0.9214541
65.63	  0.9214541
65.65	  0.9214541
65.67	  0.9214541
65.69	  0.9214541
65.71	  0.9214541
65.73	  0.9214541
65.75	  0.9214541
65.77	  0.9214541
65.79	  0.9214541
65.81	  0.9214541
65.83	  0.9214541
65.85	  0.9214541
65.87	  0.9214541
65.89	  0.9214541
65.91	  0.9214541
65.93	  0.9214541
65.95	  0.9214541
65.97	  0.9214541
65.99	  0.9214541
66.01	  0.9276209
66.03	  0.9276209
66.05	  0.9276209
66.07	  0.9276209
66.09	  0.9276209
66.11	  0.9276209
66.13	  0.9276209
66.15	  0.9276209
66.17	  0.9276209
66.19	  0.9276209
66.21	  0.9276209
66.23	  0.9276209
66.25	  0.9276209
66.27	  0.9276209
66.29	  0.9276209
66.31	  0.9276209
66.33	  0.9276209
66.35	  0.9276209
66.37	  0.9276209
66.39	  0.9276209
66.41	  0.9276209
66.43	  0.9276209
66.45	  0.9276209
66.47	  0.9276209
66.49	  0.9276209
66.51	  0.9276209
66.53	  0.9276209
66.55	  0.9276209
66.57	  0.9276209
66.59	  0.9276209
66.61	  0.9276209
66.63	  0.9276209
66.65	  0.9276209
66.67	  0.9276209
66.69	  0.9276209
66.71	  0.9276209
66.73	  0.9276209
66.75	  0.9276209
66.77	  0.9276209
66.79	  0.9276209
66.81	  0.9276209
66.83	  0.9276209
66.85	  0.9276209
66.87	  0.9276209
66.89	  0.9276209
66.91	  0.9276209
66.93	  0.9276209
66.95	  0.9276209
66.97	  0.9276209
66.99	  0.9276209
67.01	  0.93346316
67.03	  0.93346316
67.05	  0.93346316
67.07	  0.93346316
67.09	  0.93346316
67.11	  0.93346316
67.13	  0.93346316
67.15	  0.93346316
67.17	  0.93346316
67.19	  0.93346316
67.21	  0.93346316
67.23	  0.93346316
67.25	  0.93346316
67.27	  0.93346316
67.29	  0.93346316
67.31	  0.93346316
67.33	  0.93346316
67.35	  0.93346316
67.37	  0.93346316
67.39	  0.93346316
67.41	  0.93346316
67.43	  0.93346316
67.45	  0.93346316
67.47	  0.93346316
67.49	  0.93346316
67.51	  0.93346316
67.53	  0.93346316
67.55	  0.93346316
67.57	  0.93346316
67.59	  0.93346316
67.61	  0.93346316
67.63	  0.93346316
67.65	  0.93346316
67.67	  0.93346316
67.69	  0.93346316
67.71	  0.93346316
67.73	  0.93346316
67.75	  0.93346316
67.77	  0.93346316
67.79	  0.93346316
67.81	  0.93346316
67.83	  0.93346316
67.85	  0.93346316
67.87	  0.93346316
67.89	  0.93346316
67.91	  0.93346316
67.93	  0.93346316
67.95	  0.93346316
67.97	  0.93346316
67.99	  0.93346316
68.01	  0.9389809
68.03	  0.9389809
68.05	  0.9389809
68.07	  0.9389809
68.09	  0.9389809
68.11	  0.9389809
68.13	  0.9389809
68.15	  0.9389809
68.17	  0.9389809
68.19	  0.9389809
68.21	  0.9389809
68.23	  0.9389809
68.25	  0.9389809
68.27	  0.9389809
68.29	  0.9389809
68.31	  0.9389809
68.33	  0.9389809
68.35	  0.9389809
68.37	  0.9389809
68.39	  0.9389809
68.41	  0.9389809
68.43	  0.9389809
68.45	  0.9389809
68.47	  0.9389809
68.49	  0.9389809
68.51	  0.9389809
68.53	  0.9389809
68.55	  0.9389809
68.57	  0.9389809
68.59	  0.9389809
68.61	  0.9389809
68.63	  0.9389809
68.65	  0.9389809
68.67	  0.9389809
68.69	  0.9389809
68.71	  0.9389809
68.73	  0.9389809
68.75	  0.9389809
68.77	  0.9389809
68.79	  0.9389809
68.81	  0.9389809
68.83	  0.9389809
68.85	  0.9389809
68.87	  0.9389809
68.89	  0.9389809
68.91	  0.9389809
68.93	  0.9389809
68.95	  0.9389809
68.97	  0.9389809
68.99	  0.9389809
69.01	  0.9448231
69.03	  0.9448231
69.05	  0.9448231
69.07	  0.9448231
69.09	  0.9448231
69.11	  0.9448231
69.13	  0.9448231
69.15	  0.9448231
69.17	  0.9448231
69.19	  0.9448231
69.21	  0.9448231
69.23	  0.9448231
69.25	  0.9448231
69.27	  0.9448231
69.29	  0.9448231
69.31	  0.9448231
69.33	  0.9448231
69.35	  0.9448231
69.37	  0.9448231
69.39	  0.9448231
69.41	  0.9448231
69.43	  0.9448231
69.45	  0.9448231
69.47	  0.9448231
69.49	  0.9448231
69.51	  0.9448231
69.53	  0.9448231
69.55	  0.9448231
69.57	  0.9448231
69.59	  0.9448231
69.61	  0.9448231
69.63	  0.9448231
69.65	  0.9448231
69.67	  0.9448231
69.69	  0.9448231
69.71	  0.9448231
69.73	  0.9448231
69.75	  0.9448231
69.77	  0.9448231
69.79	  0.9448231
69.81	  0.9448231
69.83	  0.9448231
69.85	  0.9448231
69.87	  0.9448231
69.89	  0.9448231
69.91	  0.9448231
69.93	  0.9448231
69.95	  0.9448231
69.97	  0.9448231
69.99	  0.9448231
70.01	  0.9500162
70.03	  0.9500162
70.05	  0.9500162
70.07	  0.9500162
70.09	  0.9500162
70.11	  0.9500162
70.13	  0.9500162
70.15	  0.9500162
70.17	  0.9500162
70.19	  0.9500162
70.21	  0.9500162
70.23	  0.9500162
70.25	  0.9500162
70.27	  0.9500162
70.29	  0.9500162
70.31	  0.9500162
70.33	  0.9500162
70.35	  0.9500162
70.37	  0.9500162
70.39	  0.9500162
70.41	  0.9500162
70.43	  0.9500162
70.45	  0.9500162
70.47	  0.9500162
70.49	  0.9500162
70.51	  0.9500162
70.53	  0.9500162
70.55	  0.9500162
70.57	  0.9500162
70.59	  0.9500162
70.61	  0.9500162
70.63	  0.9500162
70.65	  0.9500162
70.67	  0.9500162
70.69	  0.9500162
70.71	  0.9500162
70.73	  0.9500162
70.75	  0.9500162
70.77	  0.9500162
70.79	  0.9500162
70.81	  0.9500162
70.83	  0.9500162
70.85	  0.9500162
70.87	  0.9500162
70.89	  0.9500162
70.91	  0.9500162
70.93	  0.9500162
70.95	  0.9500162
70.97	  0.9500162
70.99	  0.9500162
71.01	  0.9552094
71.03	  0.9552094
71.05	  0.9552094
71.07	  0.9552094
71.09	  0.9552094
71.11	  0.9552094
71.13	  0.9552094
71.15	  0.9552094
71.17	  0.9552094
71.19	  0.9552094
71.21	  0.9552094
71.23	  0.9552094
71.25	  0.9552094
71.27	  0.9552094
71.29	  0.9552094
71.31	  0.9552094
71.33	  0.9552094
71.35	  0.9552094
71.37	  0.9552094
71.39	  0.9552094
71.41	  0.9552094
71.43	  0.9552094
71.45	  0.9552094
71.47	  0.9552094
71.49	  0.9552094
71.51	  0.9552094
71.53	  0.9552094
71.55	  0.9552094
71.57	  0.9552094
71.59	  0.9552094
71.61	  0.9552094
71.63	  0.9552094
71.65	  0.9552094
71.67	  0.9552094
71.69	  0.9552094
71.71	  0.9552094
71.73	  0.9552094
71.75	  0.9552094
71.77	  0.9552094
71.79	  0.9552094
71.81	  0.9552094
71.83	  0.9552094
71.85	  0.9552094
71.87	  0.9552094
71.89	  0.9552094
71.91	  0.9552094
71.93	  0.9552094
71.95	  0.9552094
71.97	  0.9552094
71.99	  0.9552094
72.01	  0.9600779
72.03	  0.9600779
72.05	  0.9600779
72.07	  0.9600779
72.09	  0.9600779
72.11	  0.9600779
72.13	  0.9600779
72.15	  0.9600779
72.17	  0.9600779
72.19	  0.9600779
72.21	  0.9600779
72.23	  0.9600779
72.25	  0.9600779
72.27	  0.9600779
72.29	  0.9600779
72.31	  0.9600779
72.33	  0.9600779
72.35	  0.9600779
72.37	  0.9600779
72.39	  0.9600779
72.41	  0.9600779
72.43	  0.9600779
72.45	  0.9600779
72.47	  0.9600779
72.49	  0.9600779
72.51	  0.9600779
72.53	  0.9600779
72.55	  0.9600779
72.57	  0.9600779
72.59	  0.9600779
72.61	  0.9600779
72.63	  0.9600779
72.65	  0.9600779
72.67	  0.9600779
72.69	  0.9600779
72.71	  0.9600779
72.73	  0.9600779
72.75	  0.9600779
72.77	  0.9600779
72.79	  0.9600779
72.81	  0.9600779
72.83	  0.9600779
72.85	  0.9600779
72.87	  0.9600779
72.89	  0.9600779
72.91	  0.9600779
72.93	  0.9600779
72.95	  0.9600779
72.97	  0.9600779
72.99	  0.9600779
73.01	  0.9646219
73.03	  0.9646219
73.05	  0.9646219
73.07	  0.9646219
73.09	  0.9646219
73.11	  0.9646219
73.13	  0.9646219
73.15	  0.9646219
73.17	  0.9646219
73.19	  0.9646219
73.21	  0.9646219
73.23	  0.9646219
73.25	  0.9646219
73.27	  0.9646219
73.29	  0.9646219
73.31	  0.9646219
73.33	  0.9646219
73.35	  0.9646219
73.37	  0.9646219
73.39	  0.9646219
73.41	  0.9646219
73.43	  0.9646219
73.45	  0.9646219
73.47	  0.9646219
73.49	  0.9646219
73.51	  0.9646219
73.53	  0.9646219
73.55	  0.9646219
73.57	  0.9646219
73.59	  0.9646219
73.61	  0.9646219
73.63	  0.9646219
73.65	  0.9646219
73.67	  0.9646219
73.69	  0.9646219
73.71	  0.9646219
73.73	  0.9646219
73.75	  0.9646219
73.77	  0.9646219
73.79	  0.9646219
73.81	  0.9646219
73.83	  0.9646219
73.85	  0.9646219
73.87	  0.9646219
73.89	  0.9646219
73.91	  0.9646219
73.93	  0.9646219
73.95	  0.9646219
73.97	  0.9646219
73.99	  0.9646219
74.01	  0.9688413
74.03	  0.9688413
74.05	  0.9688413
74.07	  0.9688413
74.09	  0.9688413
74.11	  0.9688413
74.13	  0.9688413
74.15	  0.9688413
74.17	  0.9688413
74.19	  0.9688413
74.21	  0.9688413
74.23	  0.9688413
74.25	  0.9688413
74.27	  0.9688413
74.29	  0.9688413
74.31	  0.9688413
74.33	  0.9688413
74.35	  0.9688413
74.37	  0.9688413
74.39	  0.9688413
74.41	  0.9688413
74.43	  0.9688413
74.45	  0.9688413
74.47	  0.9688413
74.49	  0.9688413
74.51	  0.9688413
74.53	  0.9688413
74.55	  0.9688413
74.57	  0.9688413
74.59	  0.9688413
74.61	  0.9688413
74.63	  0.9688413
74.65	  0.9688413
74.67	  0.9688413
74.69	  0.9688413
74.71	  0.9688413
74.73	  0.9688413
74.75	  0.9688413
74.77	  0.9688413
74.79	  0.9688413
74.81	  0.9688413
74.83	  0.9688413
74.85	  0.9688413
74.87	  0.9688413
74.89	  0.9688413
74.91	  0.9688413
74.93	  0.9688413
74.95	  0.9688413
74.97	  0.9688413
74.99	  0.9688413
75.01	  0.9727361
75.03	  0.9727361
75.05	  0.9727361
75.07	  0.9727361
75.09	  0.9727361
75.11	  0.9727361
75.13	  0.9727361
75.15	  0.9727361
75.17	  0.9727361
75.19	  0.9727361
75.21	  0.9727361
75.23	  0.9727361
75.25	  0.9727361
75.27	  0.9727361
75.29	  0.9727361
75.31	  0.9727361
75.33	  0.9727361
75.35	  0.9727361
75.37	  0.9727361
75.39	  0.9727361
75.41	  0.9727361
75.43	  0.9727361
75.45	  0.9727361
75.47	  0.9727361
75.49	  0.9727361
75.51	  0.9727361
75.53	  0.9727361
75.55	  0.9727361
75.57	  0.9727361
75.59	  0.9727361
75.61	  0.9727361
75.63	  0.9727361
75.65	  0.9727361
75.67	  0.9727361
75.69	  0.9727361
75.71	  0.9727361
75.73	  0.9727361
75.75	  0.9727361
75.77	  0.9727361
75.79	  0.9727361
75.81	  0.9727361
75.83	  0.9727361
75.85	  0.9727361
75.87	  0.9727361
75.89	  0.9727361
75.91	  0.9727361
75.93	  0.9727361
75.95	  0.9727361
75.97	  0.9727361
75.99	  0.9727361
76.01	  0.9763064
76.03	  0.9763064
76.05	  0.9763064
76.07	  0.9763064
76.09	  0.9763064
76.11	  0.9763064
76.13	  0.9763064
76.15	  0.9763064
76.17	  0.9763064
76.19	  0.9763064
76.21	  0.9763064
76.23	  0.9763064
76.25	  0.9763064
76.27	  0.9763064
76.29	  0.9763064
76.31	  0.9763064
76.33	  0.9763064
76.35	  0.9763064
76.37	  0.9763064
76.39	  0.9763064
76.41	  0.9763064
76.43	  0.9763064
76.45	  0.9763064
76.47	  0.9763064
76.49	  0.9763064
76.51	  0.9763064
76.53	  0.9763064
76.55	  0.9763064
76.57	  0.9763064
76.59	  0.9763064
76.61	  0.9763064
76.63	  0.9763064
76.65	  0.9763064
76.67	  0.9763064
76.69	  0.9763064
76.71	  0.9763064
76.73	  0.9763064
76.75	  0.9763064
76.77	  0.9763064
76.79	  0.9763064
76.81	  0.9763064
76.83	  0.9763064
76.85	  0.9763064
76.87	  0.9763064
76.89	  0.9763064
76.91	  0.9763064
76.93	  0.9763064
76.95	  0.9763064
76.97	  0.9763064
76.99	  0.9763064
77.01	  0.97987664
77.03	  0.97987664
77.05	  0.97987664
77.07	  0.97987664
77.09	  0.97987664
77.11	  0.97987664
77.13	  0.97987664
77.15	  0.97987664
77.17	  0.97987664
77.19	  0.97987664
77.21	  0.97987664
77.23	  0.97987664
77.25	  0.97987664
77.27	  0.97987664
77.29	  0.97987664
77.31	  0.97987664
77.33	  0.97987664
77.35	  0.97987664
77.37	  0.97987664
77.39	  0.97987664
77.41	  0.97987664
77.43	  0.97987664
77.45	  0.97987664
77.47	  0.97987664
77.49	  0.97987664
77.51	  0.97987664
77.53	  0.97987664
77.55	  0.97987664
77.57	  0.97987664
77.59	  0.97987664
77.61	  0.97987664
77.63	  0.97987664
77.65	  0.97987664
77.67	  0.97987664
77.69	  0.97987664
77.71	  0.97987664
77.73	  0.97987664
77.75	  0.97987664
77.77	  0.97987664
77.79	  0.97987664
77.81	  0.97987664
77.83	  0.97987664
77.85	  0.97987664
77.87	  0.97987664
77.89	  0.97987664
77.91	  0.97987664
77.93	  0.97987664
77.95	  0.97987664
77.97	  0.97987664
77.99	  0.97987664
78.01	  0.98312235
78.03	  0.98312235
78.05	  0.98312235
78.07	  0.98312235
78.09	  0.98312235
78.11	  0.98312235
78.13	  0.98312235
78.15	  0.98312235
78.17	  0.98312235
78.19	  0.98312235
78.21	  0.98312235
78.23	  0.98312235
78.25	  0.98312235
78.27	  0.98312235
78.29	  0.98312235
78.31	  0.98312235
78.33	  0.98312235
78.35	  0.98312235
78.37	  0.98312235
78.39	  0.98312235
78.41	  0.98312235
78.43	  0.98312235
78.45	  0.98312235
78.47	  0.98312235
78.49	  0.98312235
78.51	  0.98312235
78.53	  0.98312235
78.55	  0.98312235
78.57	  0.98312235
78.59	  0.98312235
78.61	  0.98312235
78.63	  0.98312235
78.65	  0.98312235
78.67	  0.98312235
78.69	  0.98312235
78.71	  0.98312235
78.73	  0.98312235
78.75	  0.98312235
78.77	  0.98312235
78.79	  0.98312235
78.81	  0.98312235
78.83	  0.98312235
78.85	  0.98312235
78.87	  0.98312235
78.89	  0.98312235
78.91	  0.98312235
78.93	  0.98312235
78.95	  0.98312235
78.97	  0.98312235
78.99	  0.98312235
79.01	  0.9860435
79.03	  0.9860435
79.05	  0.9860435
79.07	  0.9860435
79.09	  0.9860435
79.11	  0.9860435
79.13	  0.9860435
79.15	  0.9860435
79.17	  0.9860435
79.19	  0.9860435
79.21	  0.9860435
79.23	  0.9860435
79.25	  0.9860435
79.27	  0.9860435
79.29	  0.9860435
79.31	  0.9860435
79.33	  0.9860435
79.35	  0.9860435
79.37	  0.9860435
79.39	  0.9860435
79.41	  0.9860435
79.43	  0.9860435
79.45	  0.9860435
79.47	  0.9860435
79.49	  0.9860435
79.51	  0.9860435
79.53	  0.9860435
79.55	  0.9860435
79.57	  0.9860435
79.59	  0.9860435
79.61	  0.9860435
79.63	  0.9860435
79.65	  0.9860435
79.67	  0.9860435
79.69	  0.9860435
79.71	  0.9860435
79.73	  0.9860435
79.75	  0.9860435
79.77	  0.9860435
79.79	  0.9860435
79.81	  0.9860435
79.83	  0.9860435
79.85	  0.9860435
79.87	  0.9860435
79.89	  0.9860435
79.91	  0.9860435
79.93	  0.9860435
79.95	  0.9860435
79.97	  0.9860435
79.99	  0.9860435
80.01	  0.98864007
80.03	  0.98864007
80.05	  0.98864007
80.07	  0.98864007
80.09	  0.98864007
80.11	  0.98864007
80.13	  0.98864007
80.15	  0.98864007
80.17	  0.98864007
80.19	  0.98864007
80.21	  0.98864007
80.23	  0.98864007
80.25	  0.98864007
80.27	  0.98864007
80.29	  0.98864007
80.31	  0.98864007
80.33	  0.98864007
80.35	  0.98864007
80.37	  0.98864007
80.39	  0.98864007
80.41	  0.98864007
80.43	  0.98864007
80.45	  0.98864007
80.47	  0.98864007
80.49	  0.98864007
80.51	  0.98864007
80.53	  0.98864007
80.55	  0.98864007
80.57	  0.98864007
80.59	  0.98864007
80.61	  0.98864007
80.63	  0.98864007
80.65	  0.98864007
80.67	  0.98864007
80.69	  0.98864007
80.71	  0.98864007
80.73	  0.98864007
80.75	  0.98864007
80.77	  0.98864007
80.79	  0.98864007
80.81	  0.98864007
80.83	  0.98864007
80.85	  0.98864007
80.87	  0.98864007
80.89	  0.98864007
80.91	  0.98864007
80.93	  0.98864007
80.95	  0.98864007
80.97	  0.98864007
80.99	  0.98864007
81.01	  0.990912
81.03	  0.990912
81.05	  0.990912
81.07	  0.990912
81.09	  0.990912
81.11	  0.990912
81.13	  0.990912
81.15	  0.990912
81.17	  0.990912
81.19	  0.990912
81.21	  0.990912
81.23	  0.990912
81.25	  0.990912
81.27	  0.990912
81.29	  0.990912
81.31	  0.990912
81.33	  0.990912
81.35	  0.990912
81.37	  0.990912
81.39	  0.990912
81.41	  0.990912
81.43	  0.990912
81.45	  0.990912
81.47	  0.990912
81.49	  0.990912
81.51	  0.990912
81.53	  0.990912
81.55	  0.990912
81.57	  0.990912
81.59	  0.990912
81.61	  0.990912
81.63	  0.990912
81.65	  0.990912
81.67	  0.990912
81.69	  0.990912
81.71	  0.990912
81.73	  0.990912
81.75	  0.990912
81.77	  0.990912
81.79	  0.990912
81.81	  0.990912
81.83	  0.990912
81.85	  0.990912
81.87	  0.990912
81.89	  0.990912
81.91	  0.990912
81.93	  0.990912
81.95	  0.990912
81.97	  0.990912
81.99	  0.990912
82.01	  0.99318403
82.03	  0.99318403
82.05	  0.99318403
82.07	  0.99318403
82.09	  0.99318403
82.11	  0.99318403
82.13	  0.99318403
82.15	  0.99318403
82.17	  0.99318403
82.19	  0.99318403
82.21	  0.99318403
82.23	  0.99318403
82.25	  0.99318403
82.27	  0.99318403
82.29	  0.99318403
82.31	  0.99318403
82.33	  0.99318403
82.35	  0.99318403
82.37	  0.99318403
82.39	  0.99318403
82.41	  0.99318403
82.43	  0.99318403
82.45	  0.99318403
82.47	  0.99318403
82.49	  0.99318403
82.51	  0.99318403
82.53	  0.99318403
82.55	  0.99318403
82.57	  0.99318403
82.59	  0.99318403
82.61	  0.99318403
82.63	  0.99318403
82.65	  0.99318403
82.67	  0.99318403
82.69	  0.99318403
82.71	  0.99318403
82.73	  0.99318403
82.75	  0.99318403
82.77	  0.99318403
82.79	  0.99318403
82.81	  0.99318403
82.83	  0.99318403
82.85	  0.99318403
82.87	  0.99318403
82.89	  0.99318403
82.91	  0.99318403
82.93	  0.99318403
82.95	  0.99318403
82.97	  0.99318403
82.99	  0.99318403
83.01	  0.99513143
83.03	  0.99513143
83.05	  0.99513143
83.07	  0.99513143
83.09	  0.99513143
83.11	  0.99513143
83.13	  0.99513143
83.15	  0.99513143
83.17	  0.99513143
83.19	  0.99513143
83.21	  0.99513143
83.23	  0.99513143
83.25	  0.99513143
83.27	  0.99513143
83.29	  0.99513143
83.31	  0.99513143
83.33	  0.99513143
83.35	  0.99513143
83.37	  0.99513143
83.39	  0.99513143
83.41	  0.99513143
83.43	  0.99513143
83.45	  0.99513143
83.47	  0.99513143
83.49	  0.99513143
83.51	  0.99513143
83.53	  0.99513143
83.55	  0.99513143
83.57	  0.99513143
83.59	  0.99513143
83.61	  0.99513143
83.63	  0.99513143
83.65	  0.99513143
83.67	  0.99513143
83.69	  0.99513143
83.71	  0.99513143
83.73	  0.99513143
83.75	  0.99513143
83.77	  0.99513143
83.79	  0.99513143
83.81	  0.99513143
83.83	  0.99513143
83.85	  0.99513143
83.87	  0.99513143
83.89	  0.99513143
83.91	  0.99513143
83.93	  0.99513143
83.95	  0.99513143
83.97	  0.99513143
83.99	  0.99513143
84.01	  0.9967543
84.03	  0.9967543
84.05	  0.9967543
84.07	  0.9967543
84.09	  0.9967543
84.11	  0.9967543
84.13	  0.9967543
84.15	  0.9967543
84.17	  0.9967543
84.19	  0.9967543
84.21	  0.9967543
84.23	  0.9967543
84.25	  0.9967543
84.27	  0.9967543
84.29	  0.9967543
84.31	  0.9967543
84.33	  0.9967543
84.35	  0.9967543
84.37	  0.9967543
84.39	  0.9967543
84.41	  0.9967543
84.43	  0.9967543
84.45	  0.9967543
84.47	  0.9967543
84.49	  0.9967543
84.51	  0.9967543
84.53	  0.9967543
84.55	  0.9967543
84.57	  0.9967543
84.59	  0.9967543
84.61	  0.9967543
84.63	  0.9967543
84.65	  0.9967543
84.67	  0.9967543
84.69	  0.9967543
84.71	  0.9967543
84.73	  0.9967543
84.75	  0.9967543
84.77	  0.9967543
84.79	  0.9967543
84.81	  0.9967543
84.83	  0.9967543
84.85	  0.9967543
84.87	  0.9967543
84.89	  0.9967543
84.91	  0.9967543
84.93	  0.9967543
84.95	  0.9967543
84.97	  0.9967543
84.99	  0.9967543
85.01	  0.9980526
85.03	  0.9980526
85.05	  0.9980526
85.07	  0.9980526
85.09	  0.9980526
85.11	  0.9980526
85.13	  0.9980526
85.15	  0.9980526
85.17	  0.9980526
85.19	  0.9980526
85.21	  0.9980526
85.23	  0.9980526
85.25	  0.9980526
85.27	  0.9980526
85.29	  0.9980526
85.31	  0.9980526
85.33	  0.9980526
85.35	  0.9980526
85.37	  0.9980526
85.39	  0.9980526
85.41	  0.9980526
85.43	  0.9980526
85.45	  0.9980526
85.47	  0.9980526
85.49	  0.9980526
85.51	  0.9980526
85.53	  0.9980526
85.55	  0.9980526
85.57	  0.9980526
85.59	  0.9980526
85.61	  0.9980526
85.63	  0.9980526
85.65	  0.9980526
85.67	  0.9980526
85.69	  0.9980526
85.71	  0.9980526
85.73	  0.9980526
85.75	  0.9980526
85.77	  0.9980526
85.79	  0.9980526
85.81	  0.9980526
85.83	  0.9980526
85.85	  0.9980526
85.87	  0.9980526
85.89	  0.9980526
85.91	  0.9980526
85.93	  0.9980526
85.95	  0.9980526
85.97	  0.9980526
85.99	  0.9980526
86.01	  0.9990263
86.03	  0.9990263
86.05	  0.9990263
86.07	  0.9990263
86.09	  0.9990263
86.11	  0.9990263
86.13	  0.9990263
86.15	  0.9990263
86.17	  0.9990263
86.19	  0.9990263
86.21	  0.9990263
86.23	  0.9990263
86.25	  0.9990263
86.27	  0.9990263
86.29	  0.9990263
86.31	  0.9990263
86.33	  0.9990263
86.35	  0.9990263
86.37	  0.9990263
86.39	  0.9990263
86.41	  0.9990263
86.43	  0.9990263
86.45	  0.9990263
86.47	  0.9990263
86.49	  0.9990263
86.51	  0.9990263
86.53	  0.9990263
86.55	  0.9990263
86.57	  0.9990263
86.59	  0.9990263
86.61	  0.9990263
86.63	  0.9990263
86.65	  0.9990263
86.67	  0.9990263
86.69	  0.9990263
86.71	  0.9990263
86.73	  0.9990263
86.75	  0.9990263
86.77	  0.9990263
86.79	  0.9990263
86.81	  0.9990263
86.83	  0.9990263
86.85	  0.9990263
86.87	  0.9990263
86.89	  0.9990263
86.91	  0.9990263
86.93	  0.9990263
86.95	  0.9990263
86.97	  0.9990263
86.99	  0.9990263
87.01	  0.99967545
87.03	  0.99967545
87.05	  0.99967545
87.07	  0.99967545
87.09	  0.99967545
87.11	  0.99967545
87.13	  0.99967545
87.15	  0.99967545
87.17	  0.99967545
87.19	  0.99967545
87.21	  0.99967545
87.23	  0.99967545
87.25	  0.99967545
87.27	  0.99967545
87.29	  0.99967545
87.31	  0.99967545
87.33	  0.99967545
87.35	  0.99967545
87.37	  0.99967545
87.39	  0.99967545
87.41	  0.99967545
87.43	  0.99967545
87.45	  0.99967545
87.47	  0.99967545
87.49	  0.99967545
87.51	  0.99967545
87.53	  0.99967545
87.55	  0.99967545
87.57	  0.99967545
87.59	  0.99967545
87.61	  0.99967545
87.63	  0.99967545
87.65	  0.99967545
87.67	  0.99967545
87.69	  0.99967545
87.71	  0.99967545
87.73	  0.99967545
87.75	  0.99967545
87.77	  0.99967545
87.79	  0.99967545
87.81	  0.99967545
87.83	  0.99967545
87.85	  0.99967545
87.87	  0.99967545
87.89	  0.99967545
87.91	  0.99967545
87.93	  0.99967545
87.95	  0.99967545
87.97	  0.99967545
87.99	  0.99967545
88.01	  1.0
88.03	  1.0
88.05	  1.0
88.07	  1.0
88.09	  1.0
88.11	  1.0
88.13	  1.0
88.15	  1.0
88.17	  1.0
88.19	  1.0
88.21	  1.0
88.23	  1.0
88.25	  1.0
88.27	  1.0
88.29	  1.0
88.31	  1.0
88.33	  1.0
88.35	  1.0
88.37	  1.0
88.39	  1.0
88.41	  1.0
88.43	  1.0
88.45	  1.0
88.47	  1.0
88.49	  1.0


