
X-Axis: Area (km^2)
Y-Axis: Cumulative Fraction
Number of Data Sets: 1


DATASET #1

     Name: As Discretized
   Points: 3450
     Info: 

Data[x,y]:
1.0	  0.0
3.0	  0.0
5.0	  0.0
7.0	  0.0
9.0	  0.0
11.0	  0.0
13.0	  0.0
15.0	  0.0
17.0	  0.0
19.0	  0.0022719896
21.0	  0.0022719896
23.0	  0.0022719896
25.0	  0.0022719896
27.0	  0.0022719896
29.0	  0.004219409
31.0	  0.004219409
33.0	  0.004219409
35.0	  0.004219409
37.0	  0.004219409
39.0	  0.005842259
41.0	  0.005842259
43.0	  0.005842259
45.0	  0.005842259
47.0	  0.005842259
49.0	  0.0071405387
51.0	  0.0071405387
53.0	  0.0071405387
55.0	  0.0071405387
57.0	  0.0071405387
59.0	  0.0081142485
61.0	  0.0081142485
63.0	  0.0081142485
65.0	  0.0081142485
67.0	  0.0081142485
69.0	  0.008763389
71.0	  0.008763389
73.0	  0.008763389
75.0	  0.008763389
77.0	  0.008763389
79.0	  0.009087958
81.0	  0.009087958
83.0	  0.009087958
85.0	  0.009087958
87.0	  0.009087958
89.0	  0.009087958
91.0	  0.009087958
93.0	  0.009087958
95.0	  0.009087958
97.0	  0.009087958
99.0	  0.009087958
101.0	  0.009087958
103.0	  0.009087958
105.0	  0.009087958
107.0	  0.012982798
109.0	  0.012982798
111.0	  0.012982798
113.0	  0.012982798
115.0	  0.012982798
117.0	  0.012982798
119.0	  0.012982798
121.0	  0.012982798
123.0	  0.012982798
125.0	  0.012982798
127.0	  0.012982798
129.0	  0.012982798
131.0	  0.012982798
133.0	  0.012982798
135.0	  0.012982798
137.0	  0.016228497
139.0	  0.016228497
141.0	  0.016228497
143.0	  0.016228497
145.0	  0.016228497
147.0	  0.016228497
149.0	  0.016228497
151.0	  0.017851347
153.0	  0.017851347
155.0	  0.017851347
157.0	  0.018175917
159.0	  0.020123336
161.0	  0.023693606
163.0	  0.023693606
165.0	  0.024018176
167.0	  0.024018176
169.0	  0.024018176
171.0	  0.028562155
173.0	  0.028562155
175.0	  0.028886724
177.0	  0.028886724
179.0	  0.028886724
181.0	  0.028886724
183.0	  0.028886724
185.0	  0.029211296
187.0	  0.029211296
189.0	  0.029211296
191.0	  0.029211296
193.0	  0.029211296
195.0	  0.029535865
197.0	  0.029535865
199.0	  0.029535865
201.0	  0.029535865
203.0	  0.029535865
205.0	  0.032781564
207.0	  0.032781564
209.0	  0.032781564
211.0	  0.035053555
213.0	  0.038299255
215.0	  0.040571243
217.0	  0.040571243
219.0	  0.040571243
221.0	  0.040571243
223.0	  0.044141512
225.0	  0.044466082
227.0	  0.04576436
229.0	  0.04576436
231.0	  0.04576436
233.0	  0.04576436
235.0	  0.046088934
237.0	  0.046088934
239.0	  0.047711782
241.0	  0.047711782
243.0	  0.04803635
245.0	  0.04803635
247.0	  0.04803635
249.0	  0.04803635
251.0	  0.04803635
253.0	  0.04836092
255.0	  0.05258033
257.0	  0.05258033
259.0	  0.05258033
261.0	  0.05258033
263.0	  0.0529049
265.0	  0.0529049
267.0	  0.05582603
269.0	  0.05582603
271.0	  0.05582603
273.0	  0.05874716
275.0	  0.05874716
277.0	  0.05874716
279.0	  0.05874716
281.0	  0.05874716
283.0	  0.05907173
285.0	  0.05907173
287.0	  0.05907173
289.0	  0.05907173
291.0	  0.05907173
293.0	  0.0593963
295.0	  0.0593963
297.0	  0.0593963
299.0	  0.0593963
301.0	  0.06037001
303.0	  0.06069458
305.0	  0.06069458
307.0	  0.06069458
309.0	  0.06101915
311.0	  0.06101915
313.0	  0.06134372
315.0	  0.06134372
317.0	  0.06491399
319.0	  0.06491399
321.0	  0.06815969
323.0	  0.06978254
325.0	  0.06978254
327.0	  0.06978254
329.0	  0.06978254
331.0	  0.07010711
333.0	  0.07010711
335.0	  0.07302824
337.0	  0.07302824
339.0	  0.07302824
341.0	  0.07951964
343.0	  0.07951964
345.0	  0.07951964
347.0	  0.07951964
349.0	  0.07951964
351.0	  0.07984421
353.0	  0.07984421
355.0	  0.07984421
357.0	  0.07984421
359.0	  0.080168776
361.0	  0.080493346
363.0	  0.080493346
365.0	  0.080493346
367.0	  0.080493346
369.0	  0.080817915
371.0	  0.081467055
373.0	  0.08373904
375.0	  0.08373904
377.0	  0.08438819
379.0	  0.08438819
381.0	  0.08471276
383.0	  0.08471276
385.0	  0.08503733
387.0	  0.08503733
389.0	  0.0853619
391.0	  0.08568647
393.0	  0.08601104
395.0	  0.08601104
397.0	  0.087309316
399.0	  0.087633885
401.0	  0.087633885
403.0	  0.087633885
405.0	  0.087633885
407.0	  0.087958455
409.0	  0.09023044
411.0	  0.09023044
413.0	  0.09023044
415.0	  0.09023044
417.0	  0.09023044
419.0	  0.09055501
421.0	  0.09217787
423.0	  0.09250244
425.0	  0.09282701
427.0	  0.09866926
429.0	  0.10029212
431.0	  0.10029212
433.0	  0.10029212
435.0	  0.10029212
437.0	  0.100941256
439.0	  0.101265825
441.0	  0.101265825
443.0	  0.101265825
445.0	  0.10353781
447.0	  0.10353781
449.0	  0.10418695
451.0	  0.10418695
453.0	  0.10451152
455.0	  0.10451152
457.0	  0.10451152
459.0	  0.10483609
461.0	  0.10516066
463.0	  0.10516066
465.0	  0.10548523
467.0	  0.10548523
469.0	  0.10613437
471.0	  0.10645894
473.0	  0.10678351
475.0	  0.10710808
477.0	  0.11035378
479.0	  0.11067835
481.0	  0.1123012
483.0	  0.11262577
485.0	  0.11262577
487.0	  0.11295034
489.0	  0.11295034
491.0	  0.11295034
493.0	  0.11327491
495.0	  0.11359948
497.0	  0.11392405
499.0	  0.11392405
501.0	  0.11392405
503.0	  0.11392405
505.0	  0.11424862
507.0	  0.11457319
509.0	  0.11457319
511.0	  0.11781889
513.0	  0.11781889
515.0	  0.11781889
517.0	  0.11814346
519.0	  0.11814346
521.0	  0.11814346
523.0	  0.11814346
525.0	  0.11814346
527.0	  0.11976631
529.0	  0.12074002
531.0	  0.12106459
533.0	  0.12236287
535.0	  0.12268744
537.0	  0.123985715
539.0	  0.12463486
541.0	  0.12463486
543.0	  0.12495943
545.0	  0.12690684
547.0	  0.12788056
549.0	  0.1285297
551.0	  0.1285297
553.0	  0.1285297
555.0	  0.12950341
557.0	  0.13145083
559.0	  0.13145083
561.0	  0.13145083
563.0	  0.13145083
565.0	  0.13242453
567.0	  0.13274911
569.0	  0.13274911
571.0	  0.13274911
573.0	  0.13274911
575.0	  0.13307367
577.0	  0.13339825
579.0	  0.13339825
581.0	  0.13404739
583.0	  0.13469653
585.0	  0.13534567
587.0	  0.13631938
589.0	  0.13631938
591.0	  0.13664395
593.0	  0.13664395
595.0	  0.13696852
597.0	  0.13988964
599.0	  0.13988964
601.0	  0.13988964
603.0	  0.13988964
605.0	  0.14021422
607.0	  0.14086336
609.0	  0.14086336
611.0	  0.14118792
613.0	  0.14118792
615.0	  0.14281078
617.0	  0.14313534
619.0	  0.14345992
621.0	  0.14345992
623.0	  0.14410906
625.0	  0.14443363
627.0	  0.1447582
629.0	  0.1447582
631.0	  0.1447582
633.0	  0.14670561
635.0	  0.14767933
637.0	  0.14832847
639.0	  0.14832847
641.0	  0.14897761
643.0	  0.14962675
645.0	  0.15027589
647.0	  0.15027589
649.0	  0.15060045
651.0	  0.15092503
653.0	  0.1522233
655.0	  0.1522233
657.0	  0.15287244
659.0	  0.15287244
661.0	  0.15384616
663.0	  0.1544953
665.0	  0.1544953
667.0	  0.1544953
669.0	  0.155469
671.0	  0.155469
673.0	  0.15579358
675.0	  0.15644272
677.0	  0.15644272
679.0	  0.15644272
681.0	  0.15644272
683.0	  0.16001299
685.0	  0.16001299
687.0	  0.16098669
689.0	  0.16131127
691.0	  0.16228497
693.0	  0.16325869
695.0	  0.16358325
697.0	  0.16358325
699.0	  0.16390783
701.0	  0.16455697
703.0	  0.1652061
705.0	  0.1652061
707.0	  0.16553067
709.0	  0.16585524
711.0	  0.1661798
713.0	  0.16650438
715.0	  0.16650438
717.0	  0.16650438
719.0	  0.16715352
721.0	  0.16747808
723.0	  0.16747808
725.0	  0.16747808
727.0	  0.16780266
729.0	  0.16812724
731.0	  0.1684518
733.0	  0.1684518
735.0	  0.16877638
737.0	  0.16877638
739.0	  0.17039922
741.0	  0.17104836
743.0	  0.17202207
745.0	  0.17234664
747.0	  0.17234664
749.0	  0.17267121
751.0	  0.17364492
753.0	  0.17364492
755.0	  0.17364492
757.0	  0.17364492
759.0	  0.17429405
761.0	  0.1749432
763.0	  0.17591691
765.0	  0.17624149
767.0	  0.1791626
769.0	  0.18013632
771.0	  0.18078546
773.0	  0.1814346
775.0	  0.1814346
777.0	  0.1814346
779.0	  0.18175916
781.0	  0.18305744
783.0	  0.18338202
785.0	  0.18338202
787.0	  0.18403116
789.0	  0.18435574
791.0	  0.1846803
793.0	  0.18565401
795.0	  0.18630315
797.0	  0.18662772
799.0	  0.18727686
801.0	  0.18727686
803.0	  0.18760143
805.0	  0.187926
807.0	  0.187926
809.0	  0.18825057
811.0	  0.18825057
813.0	  0.18922427
815.0	  0.18922427
817.0	  0.18922427
819.0	  0.18987341
821.0	  0.19019799
823.0	  0.19052255
825.0	  0.19052255
827.0	  0.19052255
829.0	  0.19084713
831.0	  0.19117169
833.0	  0.19149627
835.0	  0.19149627
837.0	  0.19182083
839.0	  0.19182083
841.0	  0.19182083
843.0	  0.1921454
845.0	  0.19279455
847.0	  0.19376826
849.0	  0.1944174
851.0	  0.19506654
853.0	  0.19733852
855.0	  0.1976631
857.0	  0.19798766
859.0	  0.19798766
861.0	  0.19831224
863.0	  0.19831224
865.0	  0.19831224
867.0	  0.19928594
869.0	  0.19928594
871.0	  0.20025966
873.0	  0.20123337
875.0	  0.20188251
877.0	  0.20188251
879.0	  0.20285621
881.0	  0.20318079
883.0	  0.20350535
885.0	  0.20350535
887.0	  0.20350535
889.0	  0.20382993
891.0	  0.20415449
893.0	  0.20415449
895.0	  0.20415449
897.0	  0.20447907
899.0	  0.20642649
901.0	  0.20675105
903.0	  0.20740019
905.0	  0.2083739
907.0	  0.2083739
909.0	  0.20869848
911.0	  0.20869848
913.0	  0.20869848
915.0	  0.20869848
917.0	  0.20934762
919.0	  0.20967218
921.0	  0.20967218
923.0	  0.20999676
925.0	  0.21032132
927.0	  0.21032132
929.0	  0.2106459
931.0	  0.21097046
933.0	  0.21129504
935.0	  0.21129504
937.0	  0.21129504
939.0	  0.21291788
941.0	  0.21356702
943.0	  0.2138916
945.0	  0.2138916
947.0	  0.21421616
949.0	  0.21454073
951.0	  0.21551444
953.0	  0.21616359
955.0	  0.21681273
957.0	  0.21746187
959.0	  0.21746187
961.0	  0.21746187
963.0	  0.21746187
965.0	  0.21778643
967.0	  0.21811101
969.0	  0.21811101
971.0	  0.21811101
973.0	  0.21843557
975.0	  0.21940929
977.0	  0.22005843
979.0	  0.22070757
981.0	  0.22070757
983.0	  0.22168127
985.0	  0.2223304
987.0	  0.22297955
989.0	  0.22297955
991.0	  0.22395326
993.0	  0.2246024
995.0	  0.22525154
997.0	  0.22525154
999.0	  0.22525154
1001.0	  0.22525154
1003.0	  0.22654982
1005.0	  0.22719896
1007.0	  0.2278481
1009.0	  0.22849724
1011.0	  0.22914638
1013.0	  0.22947095
1015.0	  0.22947095
1017.0	  0.2301201
1019.0	  0.2301201
1021.0	  0.23044465
1023.0	  0.23239209
1025.0	  0.23271665
1027.0	  0.23304123
1029.0	  0.23369037
1031.0	  0.23401493
1033.0	  0.2343395
1035.0	  0.23466407
1037.0	  0.23498864
1039.0	  0.23498864
1041.0	  0.23498864
1043.0	  0.23563778
1045.0	  0.23563778
1047.0	  0.23563778
1049.0	  0.23628692
1051.0	  0.23661149
1053.0	  0.23693606
1055.0	  0.23726062
1057.0	  0.2375852
1059.0	  0.2385589
1061.0	  0.23920804
1063.0	  0.23953262
1065.0	  0.23953262
1067.0	  0.23953262
1069.0	  0.24050634
1071.0	  0.24050634
1073.0	  0.24050634
1075.0	  0.24050634
1077.0	  0.2408309
1079.0	  0.24148004
1081.0	  0.24180461
1083.0	  0.24212918
1085.0	  0.24277832
1087.0	  0.2431029
1089.0	  0.24375203
1091.0	  0.2440766
1093.0	  0.24440117
1095.0	  0.24472573
1097.0	  0.24505031
1099.0	  0.24602401
1101.0	  0.24602401
1103.0	  0.24699773
1105.0	  0.24764687
1107.0	  0.24797143
1109.0	  0.24959429
1111.0	  0.250568
1113.0	  0.25121713
1115.0	  0.25219086
1117.0	  0.2525154
1119.0	  0.2525154
1121.0	  0.25283998
1123.0	  0.25316456
1125.0	  0.25348914
1127.0	  0.25348914
1129.0	  0.25446284
1131.0	  0.25446284
1133.0	  0.25446284
1135.0	  0.25576112
1137.0	  0.25576112
1139.0	  0.25576112
1141.0	  0.25576112
1143.0	  0.25641027
1145.0	  0.25673482
1147.0	  0.2570594
1149.0	  0.2570594
1151.0	  0.2570594
1153.0	  0.25738397
1155.0	  0.2580331
1157.0	  0.25835767
1159.0	  0.25835767
1161.0	  0.25900683
1163.0	  0.25998053
1165.0	  0.26095423
1167.0	  0.2616034
1169.0	  0.2616034
1171.0	  0.26192793
1173.0	  0.2622525
1175.0	  0.2625771
1177.0	  0.2625771
1179.0	  0.26290166
1181.0	  0.26290166
1183.0	  0.26290166
1185.0	  0.2632262
1187.0	  0.2635508
1189.0	  0.26452452
1191.0	  0.26484907
1193.0	  0.26484907
1195.0	  0.26549822
1197.0	  0.26712108
1199.0	  0.26744562
1201.0	  0.26809478
1203.0	  0.2687439
1205.0	  0.26906848
1207.0	  0.26906848
1209.0	  0.26971763
1211.0	  0.26971763
1213.0	  0.27004218
1215.0	  0.27134046
1217.0	  0.2719896
1219.0	  0.27296332
1221.0	  0.27393705
1223.0	  0.27393705
1225.0	  0.2742616
1227.0	  0.2742616
1229.0	  0.2742616
1231.0	  0.27458617
1233.0	  0.27523533
1235.0	  0.27555987
1237.0	  0.27555987
1239.0	  0.27620903
1241.0	  0.27685815
1243.0	  0.27783188
1245.0	  0.27815643
1247.0	  0.278481
1249.0	  0.27880558
1251.0	  0.27913016
1253.0	  0.27913016
1255.0	  0.2794547
1257.0	  0.2794547
1259.0	  0.2797793
1261.0	  0.28010386
1263.0	  0.28010386
1265.0	  0.28107756
1267.0	  0.28107756
1269.0	  0.28172672
1271.0	  0.28270042
1273.0	  0.28334957
1275.0	  0.28367412
1277.0	  0.2839987
1279.0	  0.28464785
1281.0	  0.2849724
1283.0	  0.28562155
1285.0	  0.28562155
1287.0	  0.28594613
1289.0	  0.28594613
1291.0	  0.28594613
1293.0	  0.28627068
1295.0	  0.28691983
1297.0	  0.28691983
1299.0	  0.2872444
1301.0	  0.28756896
1303.0	  0.28756896
1305.0	  0.2882181
1307.0	  0.2882181
1309.0	  0.29016554
1311.0	  0.2904901
1313.0	  0.29081467
1315.0	  0.29113925
1317.0	  0.29146382
1319.0	  0.29146382
1321.0	  0.29243752
1323.0	  0.2927621
1325.0	  0.29438493
1327.0	  0.2956832
1329.0	  0.2956832
1331.0	  0.2956832
1333.0	  0.29600778
1335.0	  0.29633236
1337.0	  0.29665694
1339.0	  0.2969815
1341.0	  0.2969815
1343.0	  0.2969815
1345.0	  0.29730606
1347.0	  0.29795521
1349.0	  0.29892892
1351.0	  0.29957807
1353.0	  0.29957807
1355.0	  0.3002272
1357.0	  0.30055177
1359.0	  0.30087635
1361.0	  0.3012009
1363.0	  0.3012009
1365.0	  0.3012009
1367.0	  0.30185005
1369.0	  0.30249918
1371.0	  0.30282375
1373.0	  0.30314833
1375.0	  0.3034729
1377.0	  0.3044466
1379.0	  0.3054203
1381.0	  0.3054203
1383.0	  0.3054203
1385.0	  0.30606946
1387.0	  0.30639404
1389.0	  0.3067186
1391.0	  0.30736774
1393.0	  0.30736774
1395.0	  0.30769232
1397.0	  0.30769232
1399.0	  0.30801687
1401.0	  0.30866602
1403.0	  0.3089906
1405.0	  0.3089906
1407.0	  0.3089906
1409.0	  0.3089906
1411.0	  0.30963972
1413.0	  0.3099643
1415.0	  0.31028888
1417.0	  0.31061342
1419.0	  0.31126258
1421.0	  0.31288543
1423.0	  0.31288543
1425.0	  0.31321
1427.0	  0.31353456
1429.0	  0.3145083
1431.0	  0.315482
1433.0	  0.31580657
1435.0	  0.3164557
1437.0	  0.31678027
1439.0	  0.31710485
1441.0	  0.3174294
1443.0	  0.31775397
1445.0	  0.31807855
1447.0	  0.31872767
1449.0	  0.31905225
1451.0	  0.31905225
1453.0	  0.31937683
1455.0	  0.32035053
1457.0	  0.32099968
1459.0	  0.3216488
1461.0	  0.32197338
1463.0	  0.32229796
1465.0	  0.32262254
1467.0	  0.32262254
1469.0	  0.32327166
1471.0	  0.32327166
1473.0	  0.32327166
1475.0	  0.32359624
1477.0	  0.32424536
1479.0	  0.32489452
1481.0	  0.32554364
1483.0	  0.32586822
1485.0	  0.3261928
1487.0	  0.32684192
1489.0	  0.3271665
1491.0	  0.32749107
1493.0	  0.32749107
1495.0	  0.32814023
1497.0	  0.32878935
1499.0	  0.32911393
1501.0	  0.32911393
1503.0	  0.3294385
1505.0	  0.3294385
1507.0	  0.3307368
1509.0	  0.33106133
1511.0	  0.33106133
1513.0	  0.33106133
1515.0	  0.33106133
1517.0	  0.3313859
1519.0	  0.3313859
1521.0	  0.3323596
1523.0	  0.3323596
1525.0	  0.3323596
1527.0	  0.33300877
1529.0	  0.33333334
1531.0	  0.33528075
1533.0	  0.3359299
1535.0	  0.33657902
1537.0	  0.3378773
1539.0	  0.33820188
1541.0	  0.33820188
1543.0	  0.33885103
1545.0	  0.33885103
1547.0	  0.33885103
1549.0	  0.33917558
1551.0	  0.33982474
1553.0	  0.33982474
1555.0	  0.34047386
1557.0	  0.34047386
1559.0	  0.34079844
1561.0	  0.3424213
1563.0	  0.34274587
1565.0	  0.34371957
1567.0	  0.34371957
1569.0	  0.34371957
1571.0	  0.34436873
1573.0	  0.34436873
1575.0	  0.34469327
1577.0	  0.34469327
1579.0	  0.34501785
1581.0	  0.34599155
1583.0	  0.34631613
1585.0	  0.3466407
1587.0	  0.34696528
1589.0	  0.34793898
1591.0	  0.34793898
1593.0	  0.34793898
1595.0	  0.3485881
1597.0	  0.3485881
1599.0	  0.3489127
1601.0	  0.34923726
1603.0	  0.34923726
1605.0	  0.3498864
1607.0	  0.3498864
1609.0	  0.35021096
1611.0	  0.35053554
1613.0	  0.35086012
1615.0	  0.35183382
1617.0	  0.3521584
1619.0	  0.3521584
1621.0	  0.3521584
1623.0	  0.35280752
1625.0	  0.35345668
1627.0	  0.35378125
1629.0	  0.3541058
1631.0	  0.3541058
1633.0	  0.35443038
1635.0	  0.35475495
1637.0	  0.35475495
1639.0	  0.35475495
1641.0	  0.35605323
1643.0	  0.3583252
1645.0	  0.3586498
1647.0	  0.3592989
1649.0	  0.3596235
1651.0	  0.3596235
1653.0	  0.36027265
1655.0	  0.36027265
1657.0	  0.36092177
1659.0	  0.36092177
1661.0	  0.36092177
1663.0	  0.36157092
1665.0	  0.3618955
1667.0	  0.3628692
1669.0	  0.36351833
1671.0	  0.36416748
1673.0	  0.36449206
1675.0	  0.36449206
1677.0	  0.36449206
1679.0	  0.36449206
1681.0	  0.3648166
1683.0	  0.3648166
1685.0	  0.3648166
1687.0	  0.36514118
1689.0	  0.36514118
1691.0	  0.36643946
1693.0	  0.36676404
1695.0	  0.36708862
1697.0	  0.36773774
1699.0	  0.36773774
1701.0	  0.36871147
1703.0	  0.3693606
1705.0	  0.3693606
1707.0	  0.36968517
1709.0	  0.37000975
1711.0	  0.37098345
1713.0	  0.37130803
1715.0	  0.37163258
1717.0	  0.37163258
1719.0	  0.37195715
1721.0	  0.37325543
1723.0	  0.37358
1725.0	  0.3739046
1727.0	  0.3739046
1729.0	  0.37422913
1731.0	  0.3748783
1733.0	  0.375852
1735.0	  0.37617657
1737.0	  0.37617657
1739.0	  0.37617657
1741.0	  0.37650114
1743.0	  0.37650114
1745.0	  0.37650114
1747.0	  0.37715027
1749.0	  0.37747484
1751.0	  0.378124
1753.0	  0.378124
1755.0	  0.37974682
1757.0	  0.37974682
1759.0	  0.37974682
1761.0	  0.3800714
1763.0	  0.38039598
1765.0	  0.38072056
1767.0	  0.38072056
1769.0	  0.3810451
1771.0	  0.38136968
1773.0	  0.38169426
1775.0	  0.38234338
1777.0	  0.3833171
1779.0	  0.38364166
1781.0	  0.38364166
1783.0	  0.38396624
1785.0	  0.3842908
1787.0	  0.3846154
1789.0	  0.38526452
1791.0	  0.3855891
1793.0	  0.38591367
1795.0	  0.38623825
1797.0	  0.38623825
1799.0	  0.38721195
1801.0	  0.38786107
1803.0	  0.38786107
1805.0	  0.38851023
1807.0	  0.3888348
1809.0	  0.38915935
1811.0	  0.38948393
1813.0	  0.3898085
1815.0	  0.3898085
1817.0	  0.3907822
1819.0	  0.3907822
1821.0	  0.39110678
1823.0	  0.39110678
1825.0	  0.39110678
1827.0	  0.3917559
1829.0	  0.3920805
1831.0	  0.3920805
1833.0	  0.3920805
1835.0	  0.3920805
1837.0	  0.39272964
1839.0	  0.39370334
1841.0	  0.39402792
1843.0	  0.39402792
1845.0	  0.39402792
1847.0	  0.39402792
1849.0	  0.3943525
1851.0	  0.39467704
1853.0	  0.39500162
1855.0	  0.3953262
1857.0	  0.39597532
1859.0	  0.39597532
1861.0	  0.39694905
1863.0	  0.39694905
1865.0	  0.3972736
1867.0	  0.39889646
1869.0	  0.39889646
1871.0	  0.39922103
1873.0	  0.39987016
1875.0	  0.39987016
1877.0	  0.40116847
1879.0	  0.40214217
1881.0	  0.4027913
1883.0	  0.40344045
1885.0	  0.40376502
1887.0	  0.40408957
1889.0	  0.40408957
1891.0	  0.40441415
1893.0	  0.40473872
1895.0	  0.40473872
1897.0	  0.40571243
1899.0	  0.406037
1901.0	  0.40636158
1903.0	  0.40668613
1905.0	  0.4070107
1907.0	  0.4079844
1909.0	  0.4079844
1911.0	  0.4079844
1913.0	  0.4079844
1915.0	  0.40895814
1917.0	  0.40960726
1919.0	  0.40960726
1921.0	  0.40993184
1923.0	  0.41025642
1925.0	  0.41123012
1927.0	  0.41123012
1929.0	  0.41123012
1931.0	  0.41123012
1933.0	  0.4115547
1935.0	  0.4125284
1937.0	  0.41285297
1939.0	  0.41285297
1941.0	  0.41285297
1943.0	  0.41317755
1945.0	  0.41382667
1947.0	  0.41447583
1949.0	  0.41447583
1951.0	  0.41480038
1953.0	  0.41512495
1955.0	  0.41544953
1957.0	  0.41544953
1959.0	  0.41642323
1961.0	  0.4167478
1963.0	  0.4170724
1965.0	  0.4177215
1967.0	  0.41837066
1969.0	  0.41869524
1971.0	  0.4190198
1973.0	  0.4190198
1975.0	  0.41934437
1977.0	  0.42064264
1979.0	  0.42064264
1981.0	  0.42064264
1983.0	  0.42096722
1985.0	  0.42194092
1987.0	  0.42291462
1989.0	  0.42356378
1991.0	  0.42421293
1993.0	  0.42421293
1995.0	  0.42453748
1997.0	  0.42453748
1999.0	  0.42486206
2001.0	  0.42486206
2003.0	  0.42616034
2005.0	  0.42616034
2007.0	  0.4264849
2009.0	  0.4264849
2011.0	  0.4274586
2013.0	  0.42810777
2015.0	  0.42843232
2017.0	  0.42843232
2019.0	  0.42843232
2021.0	  0.4287569
2023.0	  0.42940605
2025.0	  0.42940605
2027.0	  0.43005517
2029.0	  0.43005517
2031.0	  0.43037975
2033.0	  0.43135345
2035.0	  0.43135345
2037.0	  0.43167803
2039.0	  0.4320026
2041.0	  0.43232718
2043.0	  0.43395
2045.0	  0.43395
2047.0	  0.43427458
2049.0	  0.43459916
2051.0	  0.43492374
2053.0	  0.43557286
2055.0	  0.43589744
2057.0	  0.43589744
2059.0	  0.43589744
2061.0	  0.43589744
2063.0	  0.43622202
2065.0	  0.43654656
2067.0	  0.43719572
2069.0	  0.4375203
2071.0	  0.43784484
2073.0	  0.43881857
2075.0	  0.43914312
2077.0	  0.4394677
2079.0	  0.4394677
2081.0	  0.4394677
2083.0	  0.43979228
2085.0	  0.44011685
2087.0	  0.44044143
2089.0	  0.44109055
2091.0	  0.44141513
2093.0	  0.44206426
2095.0	  0.4427134
2097.0	  0.443038
2099.0	  0.443038
2101.0	  0.44336253
2103.0	  0.4436871
2105.0	  0.4436871
2107.0	  0.44433627
2109.0	  0.44433627
2111.0	  0.4449854
2113.0	  0.44563454
2115.0	  0.4459591
2117.0	  0.44660825
2119.0	  0.44693282
2121.0	  0.44790652
2123.0	  0.4482311
2125.0	  0.4482311
2127.0	  0.4482311
2129.0	  0.44952938
2131.0	  0.44985396
2133.0	  0.4501785
2135.0	  0.4501785
2137.0	  0.45050308
2139.0	  0.45147678
2141.0	  0.45180136
2143.0	  0.45180136
2145.0	  0.45180136
2147.0	  0.45180136
2149.0	  0.45212594
2151.0	  0.45309964
2153.0	  0.45342422
2155.0	  0.4537488
2157.0	  0.45407334
2159.0	  0.4547225
2161.0	  0.45504707
2163.0	  0.45504707
2165.0	  0.45504707
2167.0	  0.45504707
2169.0	  0.45504707
2171.0	  0.45504707
2173.0	  0.4556962
2175.0	  0.4556962
2177.0	  0.45634535
2179.0	  0.45666993
2181.0	  0.45764363
2183.0	  0.45829275
2185.0	  0.45829275
2187.0	  0.45829275
2189.0	  0.45861733
2191.0	  0.4589419
2193.0	  0.45959103
2195.0	  0.45959103
2197.0	  0.4599156
2199.0	  0.4602402
2201.0	  0.46056476
2203.0	  0.46186304
2205.0	  0.46186304
2207.0	  0.46251217
2209.0	  0.46316132
2211.0	  0.46316132
2213.0	  0.46381044
2215.0	  0.4644596
2217.0	  0.4644596
2219.0	  0.4654333
2221.0	  0.4654333
2223.0	  0.4654333
2225.0	  0.46673158
2227.0	  0.46673158
2229.0	  0.46705616
2231.0	  0.46705616
2233.0	  0.46738073
2235.0	  0.46770528
2237.0	  0.46802986
2239.0	  0.468679
2241.0	  0.46900356
2243.0	  0.46932814
2245.0	  0.4696527
2247.0	  0.47030184
2249.0	  0.47030184
2251.0	  0.4706264
2253.0	  0.4706264
2255.0	  0.4706264
2257.0	  0.47160012
2259.0	  0.47224927
2261.0	  0.47224927
2263.0	  0.47257385
2265.0	  0.47257385
2267.0	  0.47387213
2269.0	  0.47387213
2271.0	  0.47387213
2273.0	  0.4741967
2275.0	  0.47452125
2277.0	  0.47484583
2279.0	  0.47549498
2281.0	  0.47549498
2283.0	  0.47581953
2285.0	  0.47581953
2287.0	  0.4761441
2289.0	  0.47776696
2291.0	  0.47776696
2293.0	  0.4784161
2295.0	  0.4784161
2297.0	  0.4784161
2299.0	  0.47906524
2301.0	  0.47906524
2303.0	  0.47938982
2305.0	  0.47971436
2307.0	  0.48003894
2309.0	  0.48036352
2311.0	  0.48101267
2313.0	  0.48101267
2315.0	  0.48101267
2317.0	  0.48133722
2319.0	  0.48231095
2321.0	  0.4826355
2323.0	  0.48296008
2325.0	  0.48393378
2327.0	  0.48393378
2329.0	  0.48425835
2331.0	  0.48425835
2333.0	  0.4849075
2335.0	  0.48523206
2337.0	  0.4858812
2339.0	  0.4858812
2341.0	  0.4862058
2343.0	  0.4871795
2345.0	  0.4878286
2347.0	  0.4878286
2349.0	  0.4881532
2351.0	  0.48847777
2353.0	  0.48945147
2355.0	  0.48977605
2357.0	  0.48977605
2359.0	  0.48977605
2361.0	  0.49010062
2363.0	  0.49074975
2365.0	  0.49107432
2367.0	  0.49107432
2369.0	  0.4913989
2371.0	  0.49172348
2373.0	  0.49204803
2375.0	  0.4923726
2377.0	  0.49269718
2379.0	  0.49269718
2381.0	  0.49269718
2383.0	  0.49269718
2385.0	  0.49432003
2387.0	  0.49464458
2389.0	  0.49496916
2391.0	  0.49496916
2393.0	  0.49496916
2395.0	  0.49594286
2397.0	  0.49626744
2399.0	  0.49626744
2401.0	  0.49626744
2403.0	  0.49626744
2405.0	  0.4969166
2407.0	  0.49724117
2409.0	  0.49756572
2411.0	  0.4978903
2413.0	  0.498864
2415.0	  0.49918857
2417.0	  0.5001623
2419.0	  0.5001623
2421.0	  0.5001623
2423.0	  0.50048685
2425.0	  0.50048685
2427.0	  0.50048685
2429.0	  0.50146055
2431.0	  0.50243425
2433.0	  0.5030834
2435.0	  0.5030834
2437.0	  0.50340796
2439.0	  0.5040571
2441.0	  0.5040571
2443.0	  0.5043817
2445.0	  0.5043817
2447.0	  0.50470626
2449.0	  0.5053554
2451.0	  0.5053554
2453.0	  0.5060046
2455.0	  0.5063291
2457.0	  0.50665367
2459.0	  0.50665367
2461.0	  0.5073028
2463.0	  0.5082765
2465.0	  0.5082765
2467.0	  0.5082765
2469.0	  0.5082765
2471.0	  0.5092502
2473.0	  0.5098994
2475.0	  0.5102239
2477.0	  0.5102239
2479.0	  0.5102239
2481.0	  0.5111977
2483.0	  0.5111977
2485.0	  0.5111977
2487.0	  0.5111977
2489.0	  0.51152223
2491.0	  0.51152223
2493.0	  0.51249593
2495.0	  0.5131451
2497.0	  0.51346964
2499.0	  0.5141188
2501.0	  0.5141188
2503.0	  0.5150925
2505.0	  0.5150925
2507.0	  0.5154171
2509.0	  0.5154171
2511.0	  0.51574165
2513.0	  0.5160662
2515.0	  0.51671535
2517.0	  0.51671535
2519.0	  0.5170399
2521.0	  0.5170399
2523.0	  0.51801366
2525.0	  0.5183382
2527.0	  0.51866275
2529.0	  0.51866275
2531.0	  0.51866275
2533.0	  0.51866275
2535.0	  0.51963645
2537.0	  0.51963645
2539.0	  0.51996106
2541.0	  0.5206102
2543.0	  0.52093476
2545.0	  0.5215839
2547.0	  0.5215839
2549.0	  0.52223307
2551.0	  0.52223307
2553.0	  0.52223307
2555.0	  0.52288216
2557.0	  0.5232068
2559.0	  0.5235313
2561.0	  0.5235313
2563.0	  0.5235313
2565.0	  0.5235313
2567.0	  0.524505
2569.0	  0.524505
2571.0	  0.524505
2573.0	  0.524505
2575.0	  0.5254787
2577.0	  0.5258033
2579.0	  0.5261279
2581.0	  0.5264524
2583.0	  0.5264524
2585.0	  0.5264524
2587.0	  0.5264524
2589.0	  0.5271016
2591.0	  0.5274262
2593.0	  0.52775073
2595.0	  0.52775073
2597.0	  0.52775073
2599.0	  0.52872443
2601.0	  0.52904904
2603.0	  0.52904904
2605.0	  0.5293736
2607.0	  0.53002274
2609.0	  0.53099644
2611.0	  0.531321
2613.0	  0.531321
2615.0	  0.531321
2617.0	  0.5316456
2619.0	  0.53197014
2621.0	  0.5322947
2623.0	  0.5326193
2625.0	  0.53294384
2627.0	  0.5332684
2629.0	  0.5332684
2631.0	  0.53391755
2633.0	  0.53424215
2635.0	  0.5345667
2637.0	  0.53489125
2639.0	  0.53489125
2641.0	  0.53586495
2643.0	  0.53618956
2645.0	  0.5368387
2647.0	  0.53716326
2649.0	  0.53716326
2651.0	  0.53716326
2653.0	  0.5374878
2655.0	  0.5378124
2657.0	  0.53813696
2659.0	  0.53813696
2661.0	  0.53911066
2663.0	  0.54008436
2665.0	  0.5407335
2667.0	  0.5410581
2669.0	  0.5410581
2671.0	  0.5410581
2673.0	  0.5413827
2675.0	  0.5420318
2677.0	  0.5420318
2679.0	  0.5426809
2681.0	  0.5426809
2683.0	  0.5426809
2685.0	  0.5436547
2687.0	  0.5443038
2689.0	  0.5443038
2691.0	  0.5443038
2693.0	  0.5446284
2695.0	  0.5456021
2697.0	  0.5456021
2699.0	  0.5456021
2701.0	  0.5456021
2703.0	  0.54592663
2705.0	  0.5465758
2707.0	  0.54690033
2709.0	  0.54722494
2711.0	  0.54722494
2713.0	  0.5478741
2715.0	  0.5478741
2717.0	  0.5485232
2719.0	  0.54917234
2721.0	  0.5494969
2723.0	  0.5494969
2725.0	  0.5494969
2727.0	  0.55047065
2729.0	  0.55111974
2731.0	  0.55144435
2733.0	  0.5517689
2735.0	  0.5517689
2737.0	  0.5520935
2739.0	  0.55241805
2741.0	  0.55241805
2743.0	  0.5527426
2745.0	  0.5530672
2747.0	  0.55436546
2749.0	  0.55469006
2751.0	  0.55533916
2753.0	  0.55566376
2755.0	  0.55566376
2757.0	  0.5559883
2759.0	  0.55631286
2761.0	  0.55631286
2763.0	  0.55663747
2765.0	  0.556962
2767.0	  0.5572866
2769.0	  0.55761117
2771.0	  0.5589094
2773.0	  0.5589094
2775.0	  0.5589094
2777.0	  0.559234
2779.0	  0.5598832
2781.0	  0.5605323
2783.0	  0.5608569
2785.0	  0.5608569
2787.0	  0.5611814
2789.0	  0.5611814
2791.0	  0.5618306
2793.0	  0.5618306
2795.0	  0.5618306
2797.0	  0.5628043
2799.0	  0.5628043
2801.0	  0.56345344
2803.0	  0.56345344
2805.0	  0.563778
2807.0	  0.5641026
2809.0	  0.5641026
2811.0	  0.5647517
2813.0	  0.5650763
2815.0	  0.56637454
2817.0	  0.56637454
2819.0	  0.56637454
2821.0	  0.56669915
2823.0	  0.5670237
2825.0	  0.56734824
2827.0	  0.56767285
2829.0	  0.56767285
2831.0	  0.568322
2833.0	  0.5692957
2835.0	  0.56962025
2837.0	  0.5699448
2839.0	  0.5702694
2841.0	  0.5702694
2843.0	  0.5702694
2845.0	  0.57091856
2847.0	  0.57091856
2849.0	  0.57189226
2851.0	  0.57189226
2853.0	  0.57189226
2855.0	  0.57254136
2857.0	  0.5731905
2859.0	  0.5735151
2861.0	  0.5735151
2863.0	  0.57383966
2865.0	  0.57481337
2867.0	  0.57481337
2869.0	  0.5751379
2871.0	  0.5751379
2873.0	  0.5751379
2875.0	  0.5754625
2877.0	  0.5761117
2879.0	  0.5764362
2881.0	  0.5764362
2883.0	  0.5774099
2885.0	  0.5774099
2887.0	  0.5780591
2889.0	  0.5790328
2891.0	  0.5790328
2893.0	  0.5790328
2895.0	  0.5790328
2897.0	  0.57968193
2899.0	  0.5800065
2901.0	  0.58065563
2903.0	  0.58065563
2905.0	  0.58065563
2907.0	  0.58065563
2909.0	  0.5813048
2911.0	  0.5813048
2913.0	  0.5813048
2915.0	  0.5813048
2917.0	  0.58260304
2919.0	  0.5832522
2921.0	  0.58357674
2923.0	  0.58390135
2925.0	  0.58390135
2927.0	  0.58390135
2929.0	  0.5845505
2931.0	  0.5845505
2933.0	  0.5851996
2935.0	  0.58584875
2937.0	  0.58584875
2939.0	  0.5861733
2941.0	  0.58682245
2943.0	  0.58714706
2945.0	  0.5874716
2947.0	  0.5874716
2949.0	  0.58779615
2951.0	  0.58909446
2953.0	  0.58909446
2955.0	  0.58909446
2957.0	  0.589419
2959.0	  0.589419
2961.0	  0.59006816
2963.0	  0.5903927
2965.0	  0.5907173
2967.0	  0.5907173
2969.0	  0.5913664
2971.0	  0.591691
2973.0	  0.5923402
2975.0	  0.5926647
2977.0	  0.5926647
2979.0	  0.5926647
2981.0	  0.5933139
2983.0	  0.593963
2985.0	  0.5949367
2987.0	  0.5949367
2989.0	  0.5949367
2991.0	  0.5952613
2993.0	  0.5955858
2995.0	  0.5955858
2997.0	  0.5955858
2999.0	  0.59591043
3001.0	  0.596235
3003.0	  0.5972087
3005.0	  0.5975333
3007.0	  0.5975333
3009.0	  0.5981824
3011.0	  0.5981824
3013.0	  0.5981824
3015.0	  0.598507
3017.0	  0.598507
3019.0	  0.5994807
3021.0	  0.5994807
3023.0	  0.5994807
3025.0	  0.59980524
3027.0	  0.6004544
3029.0	  0.600779
3031.0	  0.600779
3033.0	  0.600779
3035.0	  0.6014281
3037.0	  0.6027264
3039.0	  0.60305095
3041.0	  0.60337555
3043.0	  0.60337555
3045.0	  0.6037001
3047.0	  0.60434926
3049.0	  0.60434926
3051.0	  0.6046738
3053.0	  0.6056475
3055.0	  0.6059721
3057.0	  0.6066212
3059.0	  0.6069458
3061.0	  0.60727036
3063.0	  0.60727036
3065.0	  0.6075949
3067.0	  0.6079195
3069.0	  0.60824406
3071.0	  0.6088932
3073.0	  0.60921776
3075.0	  0.60921776
3077.0	  0.60921776
3079.0	  0.60954237
3081.0	  0.60954237
3083.0	  0.60954237
3085.0	  0.60954237
3087.0	  0.6108406
3089.0	  0.6114898
3091.0	  0.6114898
3093.0	  0.6118143
3095.0	  0.6118143
3097.0	  0.6118143
3099.0	  0.6118143
3101.0	  0.6121389
3103.0	  0.6121389
3105.0	  0.6127881
3107.0	  0.6127881
3109.0	  0.6127881
3111.0	  0.6131126
3113.0	  0.6137618
3115.0	  0.61408633
3117.0	  0.61408633
3119.0	  0.61408633
3121.0	  0.61538464
3123.0	  0.61538464
3125.0	  0.61538464
3127.0	  0.61538464
3129.0	  0.61538464
3131.0	  0.6157092
3133.0	  0.61603373
3135.0	  0.61603373
3137.0	  0.61603373
3139.0	  0.6170075
3141.0	  0.61733204
3143.0	  0.6186303
3145.0	  0.6189549
3147.0	  0.6189549
3149.0	  0.61960405
3151.0	  0.6199286
3153.0	  0.62057775
3155.0	  0.62122685
3157.0	  0.62155145
3159.0	  0.62155145
3161.0	  0.6222006
3163.0	  0.6222006
3165.0	  0.62252516
3167.0	  0.6228497
3169.0	  0.6228497
3171.0	  0.62349886
3173.0	  0.62447256
3175.0	  0.6251217
3177.0	  0.6251217
3179.0	  0.6251217
3181.0	  0.62544626
3183.0	  0.62544626
3185.0	  0.6260954
3187.0	  0.6260954
3189.0	  0.62642
3191.0	  0.6273937
3193.0	  0.6273937
3195.0	  0.62771827
3197.0	  0.6280428
3199.0	  0.6290166
3201.0	  0.6290166
3203.0	  0.6290166
3205.0	  0.6290166
3207.0	  0.6303148
3209.0	  0.6303148
3211.0	  0.6303148
3213.0	  0.6303148
3215.0	  0.6303148
3217.0	  0.6306394
3219.0	  0.6306394
3221.0	  0.6306394
3223.0	  0.630964
3225.0	  0.63226223
3227.0	  0.63258684
3229.0	  0.633236
3231.0	  0.633236
3233.0	  0.633236
3235.0	  0.633236
3237.0	  0.63356054
3239.0	  0.6342097
3241.0	  0.6348588
3243.0	  0.6348588
3245.0	  0.6348588
3247.0	  0.6351834
3249.0	  0.63583255
3251.0	  0.6361571
3253.0	  0.6361571
3255.0	  0.63680625
3257.0	  0.6371308
3259.0	  0.6381045
3261.0	  0.6390782
3263.0	  0.6394028
3265.0	  0.63972735
3267.0	  0.64005196
3269.0	  0.64005196
3271.0	  0.64070106
3273.0	  0.64070106
3275.0	  0.64199936
3277.0	  0.64199936
3279.0	  0.6423239
3281.0	  0.6426485
3283.0	  0.64297307
3285.0	  0.6432976
3287.0	  0.6432976
3289.0	  0.6432976
3291.0	  0.6436222
3293.0	  0.6445959
3295.0	  0.6445959
3297.0	  0.64492047
3299.0	  0.6452451
3301.0	  0.6452451
3303.0	  0.64589417
3305.0	  0.64589417
3307.0	  0.64589417
3309.0	  0.6468679
3311.0	  0.6471925
3313.0	  0.64784163
3315.0	  0.64784163
3317.0	  0.64784163
3319.0	  0.64784163
3321.0	  0.6481662
3323.0	  0.6481662
3325.0	  0.6484907
3327.0	  0.6491399
3329.0	  0.6491399
3331.0	  0.64978904
3333.0	  0.64978904
3335.0	  0.6504382
3337.0	  0.6504382
3339.0	  0.6504382
3341.0	  0.65076274
3343.0	  0.6514119
3345.0	  0.65206105
3347.0	  0.65206105
3349.0	  0.65206105
3351.0	  0.6523856
3353.0	  0.6523856
3355.0	  0.65271014
3357.0	  0.65303475
3359.0	  0.6533593
3361.0	  0.6546576
3363.0	  0.6546576
3365.0	  0.6546576
3367.0	  0.6553067
3369.0	  0.6556313
3371.0	  0.65595585
3373.0	  0.656605
3375.0	  0.65692955
3377.0	  0.65822786
3379.0	  0.6585524
3381.0	  0.658877
3383.0	  0.658877
3385.0	  0.658877
3387.0	  0.658877
3389.0	  0.65920156
3391.0	  0.65920156
3393.0	  0.65920156
3395.0	  0.66017526
3397.0	  0.6604998
3399.0	  0.66114897
3401.0	  0.66114897
3403.0	  0.66114897
3405.0	  0.66114897
3407.0	  0.6614736
3409.0	  0.6624473
3411.0	  0.66309637
3413.0	  0.663421
3415.0	  0.663421
3417.0	  0.6637455
3419.0	  0.6637455
3421.0	  0.6640701
3423.0	  0.6643947
3425.0	  0.6643947
3427.0	  0.6647192
3429.0	  0.6653684
3431.0	  0.665693
3433.0	  0.665693
3435.0	  0.665693
3437.0	  0.6663421
3439.0	  0.6663421
3441.0	  0.6666667
3443.0	  0.6666667
3445.0	  0.6666667
3447.0	  0.66796494
3449.0	  0.66796494
3451.0	  0.66796494
3453.0	  0.66828954
3455.0	  0.6686141
3457.0	  0.6686141
3459.0	  0.6686141
3461.0	  0.66893864
3463.0	  0.66991234
3465.0	  0.67023695
3467.0	  0.67023695
3469.0	  0.67023695
3471.0	  0.6705615
3473.0	  0.6708861
3475.0	  0.6708861
3477.0	  0.67121065
3479.0	  0.67121065
3481.0	  0.67250896
3483.0	  0.67348266
3485.0	  0.67413175
3487.0	  0.67445636
3489.0	  0.6747809
3491.0	  0.6747809
3493.0	  0.6751055
3495.0	  0.67543006
3497.0	  0.6760792
3499.0	  0.6760792
3501.0	  0.67640376
3503.0	  0.6767283
3505.0	  0.6770529
3507.0	  0.6770529
3509.0	  0.6770529
3511.0	  0.67737746
3513.0	  0.67737746
3515.0	  0.67835116
3517.0	  0.6790003
3519.0	  0.67932487
3521.0	  0.6796495
3523.0	  0.679974
3525.0	  0.679974
3527.0	  0.6802986
3529.0	  0.6802986
3531.0	  0.6812723
3533.0	  0.6812723
3535.0	  0.6815969
3537.0	  0.6815969
3539.0	  0.6815969
3541.0	  0.6819215
3543.0	  0.6819215
3545.0	  0.6819215
3547.0	  0.6819215
3549.0	  0.6828952
3551.0	  0.6828952
3553.0	  0.6828952
3555.0	  0.6828952
3557.0	  0.6828952
3559.0	  0.6835443
3561.0	  0.6835443
3563.0	  0.6835443
3565.0	  0.68419343
3567.0	  0.68451804
3569.0	  0.68516713
3571.0	  0.68516713
3573.0	  0.68549174
3575.0	  0.68549174
3577.0	  0.68614084
3579.0	  0.68614084
3581.0	  0.68679
3583.0	  0.6877637
3585.0	  0.6877637
3587.0	  0.68841285
3589.0	  0.68873745
3591.0	  0.689062
3593.0	  0.68938655
3595.0	  0.68971115
3597.0	  0.69036025
3599.0	  0.691334
3601.0	  0.69165856
3603.0	  0.69165856
3605.0	  0.69165856
3607.0	  0.6919831
3609.0	  0.6919831
3611.0	  0.6919831
3613.0	  0.69263226
3615.0	  0.69263226
3617.0	  0.69360596
3619.0	  0.69360596
3621.0	  0.69393057
3623.0	  0.69393057
3625.0	  0.69393057
3627.0	  0.69457966
3629.0	  0.69457966
3631.0	  0.69490427
3633.0	  0.69587797
3635.0	  0.6962025
3637.0	  0.6962025
3639.0	  0.6962025
3641.0	  0.6962025
3643.0	  0.6962025
3645.0	  0.6965271
3647.0	  0.6965271
3649.0	  0.6965271
3651.0	  0.6971762
3653.0	  0.6975008
3655.0	  0.6978254
3657.0	  0.6978254
3659.0	  0.6978254
3661.0	  0.69815
3663.0	  0.6984745
3665.0	  0.6987991
3667.0	  0.6994482
3669.0	  0.6994482
3671.0	  0.6997728
3673.0	  0.7000974
3675.0	  0.7004219
3677.0	  0.7004219
3679.0	  0.70074654
3681.0	  0.70074654
3683.0	  0.7010711
3685.0	  0.7020448
3687.0	  0.70236933
3689.0	  0.70269394
3691.0	  0.70269394
3693.0	  0.70366764
3695.0	  0.7039922
3697.0	  0.7043168
3699.0	  0.70464134
3701.0	  0.70496595
3703.0	  0.70561504
3705.0	  0.70561504
3707.0	  0.70593965
3709.0	  0.7062642
3711.0	  0.70658875
3713.0	  0.70658875
3715.0	  0.70658875
3717.0	  0.70658875
3719.0	  0.7075625
3721.0	  0.7075625
3723.0	  0.7075625
3725.0	  0.70788705
3727.0	  0.70788705
3729.0	  0.7082116
3731.0	  0.7082116
3733.0	  0.7085362
3735.0	  0.7085362
3737.0	  0.7095099
3739.0	  0.70983446
3741.0	  0.7104836
3743.0	  0.7104836
3745.0	  0.71080816
3747.0	  0.71080816
3749.0	  0.71113276
3751.0	  0.71113276
3753.0	  0.71178186
3755.0	  0.71178186
3757.0	  0.71210647
3759.0	  0.712431
3761.0	  0.712431
3763.0	  0.712431
3765.0	  0.712431
3767.0	  0.71308017
3769.0	  0.71308017
3771.0	  0.7134047
3773.0	  0.71405387
3775.0	  0.71405387
3777.0	  0.7143785
3779.0	  0.7143785
3781.0	  0.7150276
3783.0	  0.7150276
3785.0	  0.7150276
3787.0	  0.7160013
3789.0	  0.7160013
3791.0	  0.7163259
3793.0	  0.7163259
3795.0	  0.7166504
3797.0	  0.7172996
3799.0	  0.7176241
3801.0	  0.71794873
3803.0	  0.7182733
3805.0	  0.7195716
3807.0	  0.71989614
3809.0	  0.71989614
3811.0	  0.71989614
3813.0	  0.71989614
3815.0	  0.71989614
3817.0	  0.71989614
3819.0	  0.7202207
3821.0	  0.72119445
3823.0	  0.721519
3825.0	  0.72184354
3827.0	  0.72184354
3829.0	  0.72184354
3831.0	  0.72184354
3833.0	  0.72216815
3835.0	  0.72281724
3837.0	  0.72314185
3839.0	  0.723791
3841.0	  0.723791
3843.0	  0.7244401
3845.0	  0.7247647
3847.0	  0.7247647
3849.0	  0.72508925
3851.0	  0.7254138
3853.0	  0.7257384
3855.0	  0.72606295
3857.0	  0.72638756
3859.0	  0.72638756
3861.0	  0.72638756
3863.0	  0.7267121
3865.0	  0.7267121
3867.0	  0.7267121
3869.0	  0.72703665
3871.0	  0.72703665
3873.0	  0.7276858
3875.0	  0.7276858
3877.0	  0.7276858
3879.0	  0.7276858
3881.0	  0.7276858
3883.0	  0.72833496
3885.0	  0.72833496
3887.0	  0.72833496
3889.0	  0.72930866
3891.0	  0.72930866
3893.0	  0.7296332
3895.0	  0.7296332
3897.0	  0.7299578
3899.0	  0.7299578
3901.0	  0.7299578
3903.0	  0.730607
3905.0	  0.73125607
3907.0	  0.7319052
3909.0	  0.7325544
3911.0	  0.73320353
3913.0	  0.7335281
3915.0	  0.7338526
3917.0	  0.7338526
3919.0	  0.7345018
3921.0	  0.7345018
3923.0	  0.7348263
3925.0	  0.7348263
3927.0	  0.7348263
3929.0	  0.73515093
3931.0	  0.7354755
3933.0	  0.7358001
3935.0	  0.7358001
3937.0	  0.7358001
3939.0	  0.73612463
3941.0	  0.7367738
3943.0	  0.7367738
3945.0	  0.7367738
3947.0	  0.73742294
3949.0	  0.7377475
3951.0	  0.73807204
3953.0	  0.73807204
3955.0	  0.73839664
3957.0	  0.73839664
3959.0	  0.73904574
3961.0	  0.73904574
3963.0	  0.73937035
3965.0	  0.73937035
3967.0	  0.7396949
3969.0	  0.7396949
3971.0	  0.7396949
3973.0	  0.7400195
3975.0	  0.74034405
3977.0	  0.74034405
3979.0	  0.7409932
3981.0	  0.7409932
3983.0	  0.7409932
3985.0	  0.7409932
3987.0	  0.74131775
3989.0	  0.74131775
3991.0	  0.74131775
3993.0	  0.7419669
3995.0	  0.7429406
3997.0	  0.7429406
3999.0	  0.74326515
4001.0	  0.74326515
4003.0	  0.74326515
4005.0	  0.7439143
4007.0	  0.7439143
4009.0	  0.74456346
4011.0	  0.7452126
4013.0	  0.74553716
4015.0	  0.7461863
4017.0	  0.74651086
4019.0	  0.7468355
4021.0	  0.7468355
4023.0	  0.74716
4025.0	  0.74716
4027.0	  0.7478092
4029.0	  0.7478092
4031.0	  0.7481337
4033.0	  0.74845827
4035.0	  0.74845827
4037.0	  0.74845827
4039.0	  0.74845827
4041.0	  0.7487829
4043.0	  0.749432
4045.0	  0.749432
4047.0	  0.7497566
4049.0	  0.7500811
4051.0	  0.7500811
4053.0	  0.7507303
4055.0	  0.7510548
4057.0	  0.75137943
4059.0	  0.751704
4061.0	  0.75235313
4063.0	  0.7530023
4065.0	  0.7530023
4067.0	  0.7530023
4069.0	  0.75332683
4071.0	  0.75332683
4073.0	  0.75332683
4075.0	  0.75365144
4077.0	  0.753976
4079.0	  0.75430053
4081.0	  0.75430053
4083.0	  0.75430053
4085.0	  0.75430053
4087.0	  0.75430053
4089.0	  0.75462514
4091.0	  0.7549497
4093.0	  0.7549497
4095.0	  0.75527424
4097.0	  0.75527424
4099.0	  0.75559884
4101.0	  0.75559884
4103.0	  0.75559884
4105.0	  0.75559884
4107.0	  0.756248
4109.0	  0.7568971
4111.0	  0.7572217
4113.0	  0.7572217
4115.0	  0.7578708
4117.0	  0.75851995
4119.0	  0.7591691
4121.0	  0.75981826
4123.0	  0.7604674
4125.0	  0.7604674
4127.0	  0.7604674
4129.0	  0.76079196
4131.0	  0.7611165
4133.0	  0.7611165
4135.0	  0.7614411
4137.0	  0.76176566
4139.0	  0.7624148
4141.0	  0.76273936
4143.0	  0.76273936
4145.0	  0.76306397
4147.0	  0.76306397
4149.0	  0.76306397
4151.0	  0.76306397
4153.0	  0.76306397
4155.0	  0.7633885
4157.0	  0.7633885
4159.0	  0.76371306
4161.0	  0.76371306
4163.0	  0.76403767
4165.0	  0.76468676
4167.0	  0.76468676
4169.0	  0.76501137
4171.0	  0.7659851
4173.0	  0.7659851
4175.0	  0.7663096
4177.0	  0.7666342
4179.0	  0.7666342
4181.0	  0.7666342
4183.0	  0.7666342
4185.0	  0.7672833
4187.0	  0.7676079
4189.0	  0.7676079
4191.0	  0.7679325
4193.0	  0.7679325
4195.0	  0.7682571
4197.0	  0.7682571
4199.0	  0.7685816
4201.0	  0.7685816
4203.0	  0.7685816
4205.0	  0.7692308
4207.0	  0.7692308
4209.0	  0.7692308
4211.0	  0.7692308
4213.0	  0.7692308
4215.0	  0.76955533
4217.0	  0.76987994
4219.0	  0.7702045
4221.0	  0.7702045
4223.0	  0.7711782
4225.0	  0.7721519
4227.0	  0.77280104
4229.0	  0.7731256
4231.0	  0.7734502
4233.0	  0.7734502
4235.0	  0.7734502
4237.0	  0.7734502
4239.0	  0.7734502
4241.0	  0.77377474
4243.0	  0.77377474
4245.0	  0.7740993
4247.0	  0.7744239
4249.0	  0.7744239
4251.0	  0.77507305
4253.0	  0.77572215
4255.0	  0.77572215
4257.0	  0.77572215
4259.0	  0.77604675
4261.0	  0.7763713
4263.0	  0.7763713
4265.0	  0.7766959
4267.0	  0.77702045
4269.0	  0.77702045
4271.0	  0.7776696
4273.0	  0.77799416
4275.0	  0.7783187
4277.0	  0.77896786
4279.0	  0.779617
4281.0	  0.779617
4283.0	  0.779617
4285.0	  0.779617
4287.0	  0.779617
4289.0	  0.77994156
4291.0	  0.77994156
4293.0	  0.77994156
4295.0	  0.77994156
4297.0	  0.7805907
4299.0	  0.78091526
4301.0	  0.78091526
4303.0	  0.78091526
4305.0	  0.78091526
4307.0	  0.78123987
4309.0	  0.7815644
4311.0	  0.7815644
4313.0	  0.781889
4315.0	  0.781889
4317.0	  0.781889
4319.0	  0.781889
4321.0	  0.78221357
4323.0	  0.78221357
4325.0	  0.78221357
4327.0	  0.7825381
4329.0	  0.78318727
4331.0	  0.784161
4333.0	  0.7848101
4335.0	  0.7854593
4337.0	  0.7854593
4339.0	  0.7854593
4341.0	  0.7854593
4343.0	  0.7857838
4345.0	  0.7857838
4347.0	  0.78610843
4349.0	  0.78610843
4351.0	  0.78610843
4353.0	  0.786433
4355.0	  0.786433
4357.0	  0.786433
4359.0	  0.7867575
4361.0	  0.7867575
4363.0	  0.7867575
4365.0	  0.7874067
4367.0	  0.7874067
4369.0	  0.7874067
4371.0	  0.7874067
4373.0	  0.7874067
4375.0	  0.78773123
4377.0	  0.78805584
4379.0	  0.78805584
4381.0	  0.7883804
4383.0	  0.78902954
4385.0	  0.79000324
4387.0	  0.7903278
4389.0	  0.7906524
4391.0	  0.7906524
4393.0	  0.7906524
4395.0	  0.7906524
4397.0	  0.79097694
4399.0	  0.79097694
4401.0	  0.79130155
4403.0	  0.7916261
4405.0	  0.7916261
4407.0	  0.7916261
4409.0	  0.79195064
4411.0	  0.7925998
4413.0	  0.7925998
4415.0	  0.7925998
4417.0	  0.7925998
4419.0	  0.7925998
4421.0	  0.7929244
4423.0	  0.7929244
4425.0	  0.7929244
4427.0	  0.7929244
4429.0	  0.7929244
4431.0	  0.79324895
4433.0	  0.7935735
4435.0	  0.7935735
4437.0	  0.79422265
4439.0	  0.79519635
4441.0	  0.7958455
4443.0	  0.79617006
4445.0	  0.79617006
4447.0	  0.79617006
4449.0	  0.79617006
4451.0	  0.79649466
4453.0	  0.7968192
4455.0	  0.79714376
4457.0	  0.79746836
4459.0	  0.7981175
4461.0	  0.7981175
4463.0	  0.7981175
4465.0	  0.7987666
4467.0	  0.7990912
4469.0	  0.7990912
4471.0	  0.7997403
4473.0	  0.7997403
4475.0	  0.7997403
4477.0	  0.80038947
4479.0	  0.8007141
4481.0	  0.8007141
4483.0	  0.8007141
4485.0	  0.8007141
4487.0	  0.8010386
4489.0	  0.80136317
4491.0	  0.80233693
4493.0	  0.802986
4495.0	  0.802986
4497.0	  0.80331063
4499.0	  0.80331063
4501.0	  0.8036352
4503.0	  0.8036352
4505.0	  0.8036352
4507.0	  0.8039597
4509.0	  0.8039597
4511.0	  0.8039597
4513.0	  0.80428433
4515.0	  0.8046089
4517.0	  0.8046089
4519.0	  0.8046089
4521.0	  0.8046089
4523.0	  0.8049335
4525.0	  0.80525804
4527.0	  0.80525804
4529.0	  0.80525804
4531.0	  0.80525804
4533.0	  0.8055826
4535.0	  0.80623174
4537.0	  0.80623174
4539.0	  0.8065563
4541.0	  0.8065563
4543.0	  0.8068809
4545.0	  0.80817914
4547.0	  0.8091529
4549.0	  0.8091529
4551.0	  0.8091529
4553.0	  0.80947745
4555.0	  0.80947745
4557.0	  0.809802
4559.0	  0.809802
4561.0	  0.8101266
4563.0	  0.81045115
4565.0	  0.81045115
4567.0	  0.81045115
4569.0	  0.8111003
4571.0	  0.81142485
4573.0	  0.81142485
4575.0	  0.81174946
4577.0	  0.81174946
4579.0	  0.81174946
4581.0	  0.81272316
4583.0	  0.81272316
4585.0	  0.81272316
4587.0	  0.8130477
4589.0	  0.8130477
4591.0	  0.81369686
4593.0	  0.81369686
4595.0	  0.81369686
4597.0	  0.814346
4599.0	  0.8153197
4601.0	  0.8159688
4603.0	  0.8162934
4605.0	  0.8162934
4607.0	  0.81661797
4609.0	  0.81661797
4611.0	  0.8169426
4613.0	  0.8172671
4615.0	  0.81759167
4617.0	  0.81759167
4619.0	  0.81759167
4621.0	  0.81759167
4623.0	  0.81759167
4625.0	  0.8179163
4627.0	  0.8182408
4629.0	  0.8182408
4631.0	  0.8182408
4633.0	  0.8182408
4635.0	  0.8182408
4637.0	  0.81889
4639.0	  0.81889
4641.0	  0.81889
4643.0	  0.81889
4645.0	  0.81889
4647.0	  0.8192145
4649.0	  0.8195391
4651.0	  0.8201882
4653.0	  0.821162
4655.0	  0.821162
4657.0	  0.82148653
4659.0	  0.8218111
4661.0	  0.8218111
4663.0	  0.8221357
4665.0	  0.8221357
4667.0	  0.82246023
4669.0	  0.8227848
4671.0	  0.8231094
4673.0	  0.8231094
4675.0	  0.82343394
4677.0	  0.82375854
4679.0	  0.82375854
4681.0	  0.8240831
4683.0	  0.82473224
4685.0	  0.82473224
4687.0	  0.8253814
4689.0	  0.8253814
4691.0	  0.8253814
4693.0	  0.8260305
4695.0	  0.8260305
4697.0	  0.8260305
4699.0	  0.8263551
4701.0	  0.8263551
4703.0	  0.82667965
4705.0	  0.82797796
4707.0	  0.82862705
4709.0	  0.82862705
4711.0	  0.82862705
4713.0	  0.82895166
4715.0	  0.82895166
4717.0	  0.8292762
4719.0	  0.8292762
4721.0	  0.8292762
4723.0	  0.82960075
4725.0	  0.82960075
4727.0	  0.82960075
4729.0	  0.82992536
4731.0	  0.82992536
4733.0	  0.8302499
4735.0	  0.8302499
4737.0	  0.8302499
4739.0	  0.8305745
4741.0	  0.83089906
4743.0	  0.83089906
4745.0	  0.83089906
4747.0	  0.83089906
4749.0	  0.83089906
4751.0	  0.8315482
4753.0	  0.8315482
4755.0	  0.8315482
4757.0	  0.8315482
4759.0	  0.8325219
4761.0	  0.8334956
4763.0	  0.8334956
4765.0	  0.8334956
4767.0	  0.8334956
4769.0	  0.83382016
4771.0	  0.83382016
4773.0	  0.8341448
4775.0	  0.8344693
4777.0	  0.8344693
4779.0	  0.8344693
4781.0	  0.8347939
4783.0	  0.8347939
4785.0	  0.8351185
4787.0	  0.835443
4789.0	  0.835443
4791.0	  0.835443
4793.0	  0.8357676
4795.0	  0.8357676
4797.0	  0.8360922
4799.0	  0.8364167
4801.0	  0.8364167
4803.0	  0.8364167
4805.0	  0.8367413
4807.0	  0.8370659
4809.0	  0.8370659
4811.0	  0.8370659
4813.0	  0.8383642
4815.0	  0.8383642
4817.0	  0.8383642
4819.0	  0.83868873
4821.0	  0.83868873
4823.0	  0.8390133
4825.0	  0.8390133
4827.0	  0.8390133
4829.0	  0.8393379
4831.0	  0.8393379
4833.0	  0.8393379
4835.0	  0.83966243
4837.0	  0.83966243
4839.0	  0.83966243
4841.0	  0.83966243
4843.0	  0.83998704
4845.0	  0.83998704
4847.0	  0.83998704
4849.0	  0.83998704
4851.0	  0.83998704
4853.0	  0.8403116
4855.0	  0.8403116
4857.0	  0.8403116
4859.0	  0.8403116
4861.0	  0.84063613
4863.0	  0.84063613
4865.0	  0.84096074
4867.0	  0.84193444
4869.0	  0.84193444
4871.0	  0.842259
4873.0	  0.842259
4875.0	  0.8425836
4877.0	  0.84290814
4879.0	  0.84290814
4881.0	  0.8435573
4883.0	  0.8435573
4885.0	  0.8435573
4887.0	  0.84420645
4889.0	  0.84420645
4891.0	  0.844531
4893.0	  0.84485555
4895.0	  0.84485555
4897.0	  0.84485555
4899.0	  0.8455047
4901.0	  0.84582925
4903.0	  0.84582925
4905.0	  0.8464784
4907.0	  0.8464784
4909.0	  0.8464784
4911.0	  0.84712756
4913.0	  0.84712756
4915.0	  0.84712756
4917.0	  0.84712756
4919.0	  0.8474521
4921.0	  0.8487504
4923.0	  0.8487504
4925.0	  0.8487504
4927.0	  0.8487504
4929.0	  0.8487504
4931.0	  0.84907496
4933.0	  0.84939957
4935.0	  0.8497241
4937.0	  0.8497241
4939.0	  0.8497241
4941.0	  0.85037327
4943.0	  0.8506978
4945.0	  0.8506978
4947.0	  0.8506978
4949.0	  0.8506978
4951.0	  0.8510224
4953.0	  0.8510224
4955.0	  0.85134697
4957.0	  0.85134697
4959.0	  0.85134697
4961.0	  0.8516715
4963.0	  0.8516715
4965.0	  0.8516715
4967.0	  0.8519961
4969.0	  0.8519961
4971.0	  0.8523207
4973.0	  0.8529698
4975.0	  0.8532944
4977.0	  0.8532944
4979.0	  0.8532944
4981.0	  0.853619
4983.0	  0.8539435
4985.0	  0.8539435
4987.0	  0.8539435
4989.0	  0.8545927
4991.0	  0.8545927
4993.0	  0.8549172
4995.0	  0.8549172
4997.0	  0.8552418
4999.0	  0.8555664
5001.0	  0.8558909
5003.0	  0.85621554
5005.0	  0.85621554
5007.0	  0.85621554
5009.0	  0.85686463
5011.0	  0.85686463
5013.0	  0.85718924
5015.0	  0.8575138
5017.0	  0.8575138
5019.0	  0.8575138
5021.0	  0.8578384
5023.0	  0.85816294
5025.0	  0.85816294
5027.0	  0.8588121
5029.0	  0.8588121
5031.0	  0.85913664
5033.0	  0.85913664
5035.0	  0.8594612
5037.0	  0.8597858
5039.0	  0.8597858
5041.0	  0.8607595
5043.0	  0.8607595
5045.0	  0.8607595
5047.0	  0.86140865
5049.0	  0.8617332
5051.0	  0.8617332
5053.0	  0.8617332
5055.0	  0.8617332
5057.0	  0.8617332
5059.0	  0.86205775
5061.0	  0.86205775
5063.0	  0.86205775
5065.0	  0.86205775
5067.0	  0.86205775
5069.0	  0.86238235
5071.0	  0.86238235
5073.0	  0.86238235
5075.0	  0.86238235
5077.0	  0.8627069
5079.0	  0.8630315
5081.0	  0.8636806
5083.0	  0.8636806
5085.0	  0.8636806
5087.0	  0.8636806
5089.0	  0.8636806
5091.0	  0.86432976
5093.0	  0.86432976
5095.0	  0.86465436
5097.0	  0.86465436
5099.0	  0.86530346
5101.0	  0.86530346
5103.0	  0.86562806
5105.0	  0.8659526
5107.0	  0.8659526
5109.0	  0.8669263
5111.0	  0.8669263
5113.0	  0.8669263
5115.0	  0.86757547
5117.0	  0.86757547
5119.0	  0.8679
5121.0	  0.8682246
5123.0	  0.8682246
5125.0	  0.8682246
5127.0	  0.8682246
5129.0	  0.86854917
5131.0	  0.86854917
5133.0	  0.86854917
5135.0	  0.8688737
5137.0	  0.8688737
5139.0	  0.8691983
5141.0	  0.8691983
5143.0	  0.86952287
5145.0	  0.86952287
5147.0	  0.8698475
5149.0	  0.8704966
5151.0	  0.8704966
5153.0	  0.8711457
5155.0	  0.8711457
5157.0	  0.8714703
5159.0	  0.8721194
5161.0	  0.8721194
5163.0	  0.8721194
5165.0	  0.8721194
5167.0	  0.8721194
5169.0	  0.8721194
5171.0	  0.87244403
5173.0	  0.87244403
5175.0	  0.87244403
5177.0	  0.8727686
5179.0	  0.8730931
5181.0	  0.8730931
5183.0	  0.87341774
5185.0	  0.87341774
5187.0	  0.87341774
5189.0	  0.8737423
5191.0	  0.8737423
5193.0	  0.8737423
5195.0	  0.8737423
5197.0	  0.8740669
5199.0	  0.87439144
5201.0	  0.874716
5203.0	  0.874716
5205.0	  0.874716
5207.0	  0.8750406
5209.0	  0.87536514
5211.0	  0.8756897
5213.0	  0.8756897
5215.0	  0.87633884
5217.0	  0.87633884
5219.0	  0.87666345
5221.0	  0.87731254
5223.0	  0.87731254
5225.0	  0.87731254
5227.0	  0.87763715
5229.0	  0.8779617
5231.0	  0.8779617
5233.0	  0.8779617
5235.0	  0.8779617
5237.0	  0.87828624
5239.0	  0.87861085
5241.0	  0.87861085
5243.0	  0.87861085
5245.0	  0.8789354
5247.0	  0.8789354
5249.0	  0.8789354
5251.0	  0.87958455
5253.0	  0.87958455
5255.0	  0.8799091
5257.0	  0.8802337
5259.0	  0.88088286
5261.0	  0.88088286
5263.0	  0.88088286
5265.0	  0.8812074
5267.0	  0.8812074
5269.0	  0.88185656
5271.0	  0.88185656
5273.0	  0.88185656
5275.0	  0.88185656
5277.0	  0.88185656
5279.0	  0.8821811
5281.0	  0.8821811
5283.0	  0.88250566
5285.0	  0.88250566
5287.0	  0.88250566
5289.0	  0.8831548
5291.0	  0.8831548
5293.0	  0.8831548
5295.0	  0.8831548
5297.0	  0.8834794
5299.0	  0.8834794
5301.0	  0.8834794
5303.0	  0.88380396
5305.0	  0.88380396
5307.0	  0.8841285
5309.0	  0.8844531
5311.0	  0.8844531
5313.0	  0.8851022
5315.0	  0.8851022
5317.0	  0.88575137
5319.0	  0.886076
5321.0	  0.886076
5323.0	  0.8864005
5325.0	  0.88672507
5327.0	  0.8870497
5329.0	  0.8870497
5331.0	  0.8870497
5333.0	  0.8873742
5335.0	  0.8873742
5337.0	  0.8873742
5339.0	  0.8873742
5341.0	  0.8873742
5343.0	  0.8873742
5345.0	  0.8873742
5347.0	  0.8873742
5349.0	  0.8873742
5351.0	  0.88769877
5353.0	  0.88769877
5355.0	  0.88769877
5357.0	  0.8883479
5359.0	  0.8883479
5361.0	  0.88867253
5363.0	  0.8889971
5365.0	  0.8889971
5367.0	  0.8893216
5369.0	  0.8893216
5371.0	  0.88964623
5373.0	  0.88964623
5375.0	  0.88964623
5377.0	  0.8899708
5379.0	  0.8899708
5381.0	  0.89061993
5383.0	  0.89061993
5385.0	  0.89061993
5387.0	  0.89061993
5389.0	  0.8909445
5391.0	  0.8909445
5393.0	  0.8909445
5395.0	  0.8912691
5397.0	  0.8912691
5399.0	  0.8912691
5401.0	  0.8912691
5403.0	  0.8912691
5405.0	  0.8912691
5407.0	  0.8912691
5409.0	  0.8912691
5411.0	  0.8912691
5413.0	  0.8912691
5415.0	  0.89159364
5417.0	  0.89159364
5419.0	  0.8922428
5421.0	  0.8922428
5423.0	  0.8922428
5425.0	  0.89289194
5427.0	  0.89289194
5429.0	  0.8932165
5431.0	  0.89354104
5433.0	  0.89354104
5435.0	  0.89386564
5437.0	  0.89386564
5439.0	  0.8941902
5441.0	  0.8941902
5443.0	  0.8941902
5445.0	  0.8941902
5447.0	  0.8941902
5449.0	  0.8941902
5451.0	  0.89451474
5453.0	  0.89451474
5455.0	  0.89451474
5457.0	  0.89483935
5459.0	  0.89483935
5461.0	  0.89483935
5463.0	  0.8951639
5465.0	  0.8951639
5467.0	  0.8951639
5469.0	  0.8961376
5471.0	  0.8961376
5473.0	  0.8964622
5475.0	  0.8964622
5477.0	  0.8964622
5479.0	  0.89711136
5481.0	  0.89711136
5483.0	  0.8974359
5485.0	  0.8974359
5487.0	  0.89808506
5489.0	  0.8984096
5491.0	  0.8984096
5493.0	  0.89905876
5495.0	  0.89905876
5497.0	  0.89905876
5499.0	  0.8997079
5501.0	  0.8997079
5503.0	  0.8997079
5505.0	  0.8997079
5507.0	  0.8997079
5509.0	  0.90003246
5511.0	  0.90003246
5513.0	  0.90003246
5515.0	  0.90003246
5517.0	  0.90003246
5519.0	  0.900357
5521.0	  0.900357
5523.0	  0.900357
5525.0	  0.9006816
5527.0	  0.90100616
5529.0	  0.9013307
5531.0	  0.90197986
5533.0	  0.90197986
5535.0	  0.90197986
5537.0	  0.902629
5539.0	  0.902629
5541.0	  0.90295357
5543.0	  0.90295357
5545.0	  0.9032782
5547.0	  0.9032782
5549.0	  0.9032782
5551.0	  0.9032782
5553.0	  0.9032782
5555.0	  0.9036027
5557.0	  0.9036027
5559.0	  0.9036027
5561.0	  0.90392727
5563.0	  0.90392727
5565.0	  0.90392727
5567.0	  0.9042519
5569.0	  0.9042519
5571.0	  0.9042519
5573.0	  0.9042519
5575.0	  0.904901
5577.0	  0.904901
5579.0	  0.904901
5581.0	  0.9052256
5583.0	  0.9052256
5585.0	  0.9058747
5587.0	  0.9058747
5589.0	  0.9061993
5591.0	  0.9061993
5593.0	  0.9065239
5595.0	  0.907173
5597.0	  0.907173
5599.0	  0.90782213
5601.0	  0.90782213
5603.0	  0.90782213
5605.0	  0.9084713
5607.0	  0.9084713
5609.0	  0.9084713
5611.0	  0.9084713
5613.0	  0.9084713
5615.0	  0.90879583
5617.0	  0.90879583
5619.0	  0.90879583
5621.0	  0.90879583
5623.0	  0.90912044
5625.0	  0.90912044
5627.0	  0.90912044
5629.0	  0.909445
5631.0	  0.90976954
5633.0	  0.91009414
5635.0	  0.91009414
5637.0	  0.9104187
5639.0	  0.91074324
5641.0	  0.91074324
5643.0	  0.9113924
5645.0	  0.9113924
5647.0	  0.911717
5649.0	  0.911717
5651.0	  0.911717
5653.0	  0.91204154
5655.0	  0.91204154
5657.0	  0.91204154
5659.0	  0.91204154
5661.0	  0.9123661
5663.0	  0.9123661
5665.0	  0.9123661
5667.0	  0.9126907
5669.0	  0.9126907
5671.0	  0.9126907
5673.0	  0.91301525
5675.0	  0.91301525
5677.0	  0.91301525
5679.0	  0.91301525
5681.0	  0.91333985
5683.0	  0.9136644
5685.0	  0.9136644
5687.0	  0.9136644
5689.0	  0.9136644
5691.0	  0.91431355
5693.0	  0.91431355
5695.0	  0.91431355
5697.0	  0.91496265
5699.0	  0.91528726
5701.0	  0.9159364
5703.0	  0.9159364
5705.0	  0.9165855
5707.0	  0.9165855
5709.0	  0.9169101
5711.0	  0.91723466
5713.0	  0.91723466
5715.0	  0.91723466
5717.0	  0.91723466
5719.0	  0.9175592
5721.0	  0.9175592
5723.0	  0.9175592
5725.0	  0.9175592
5727.0	  0.9175592
5729.0	  0.9178838
5731.0	  0.9178838
5733.0	  0.9178838
5735.0	  0.91853297
5737.0	  0.91853297
5739.0	  0.9188575
5741.0	  0.91918206
5743.0	  0.91918206
5745.0	  0.91918206
5747.0	  0.91918206
5749.0	  0.91950667
5751.0	  0.9198312
5753.0	  0.9198312
5755.0	  0.9201558
5757.0	  0.9201558
5759.0	  0.9204804
5761.0	  0.9204804
5763.0	  0.9204804
5765.0	  0.9208049
5767.0	  0.9211295
5769.0	  0.9211295
5771.0	  0.9211295
5773.0	  0.9214541
5775.0	  0.9214541
5777.0	  0.9214541
5779.0	  0.9214541
5781.0	  0.9217786
5783.0	  0.9217786
5785.0	  0.9217786
5787.0	  0.9221032
5789.0	  0.9224278
5791.0	  0.9224278
5793.0	  0.9224278
5795.0	  0.9227524
5797.0	  0.9227524
5799.0	  0.9227524
5801.0	  0.9227524
5803.0	  0.9237261
5805.0	  0.9240506
5807.0	  0.9243752
5809.0	  0.9246998
5811.0	  0.9246998
5813.0	  0.92502433
5815.0	  0.92534894
5817.0	  0.92534894
5819.0	  0.9256735
5821.0	  0.9256735
5823.0	  0.9256735
5825.0	  0.92599803
5827.0	  0.92599803
5829.0	  0.92599803
5831.0	  0.92599803
5833.0	  0.92632264
5835.0	  0.9266472
5837.0	  0.9266472
5839.0	  0.9266472
5841.0	  0.92697173
5843.0	  0.92729634
5845.0	  0.9276209
5847.0	  0.9276209
5849.0	  0.9279455
5851.0	  0.9279455
5853.0	  0.9279455
5855.0	  0.9279455
5857.0	  0.92827004
5859.0	  0.92827004
5861.0	  0.9285946
5863.0	  0.9285946
5865.0	  0.9289192
5867.0	  0.9289192
5869.0	  0.9289192
5871.0	  0.92924374
5873.0	  0.92956835
5875.0	  0.92956835
5877.0	  0.92956835
5879.0	  0.9298929
5881.0	  0.9298929
5883.0	  0.9298929
5885.0	  0.9298929
5887.0	  0.93021744
5889.0	  0.93021744
5891.0	  0.93054205
5893.0	  0.93054205
5895.0	  0.9308666
5897.0	  0.9308666
5899.0	  0.9308666
5901.0	  0.93151575
5903.0	  0.93151575
5905.0	  0.93151575
5907.0	  0.93151575
5909.0	  0.9318403
5911.0	  0.93248945
5913.0	  0.93248945
5915.0	  0.932814
5917.0	  0.9331386
5919.0	  0.93346316
5921.0	  0.9337877
5923.0	  0.9337877
5925.0	  0.9341123
5927.0	  0.9341123
5929.0	  0.9341123
5931.0	  0.93443686
5933.0	  0.93443686
5935.0	  0.93443686
5937.0	  0.93443686
5939.0	  0.93443686
5941.0	  0.935086
5943.0	  0.935086
5945.0	  0.935086
5947.0	  0.93541056
5949.0	  0.93573517
5951.0	  0.9360597
5953.0	  0.9360597
5955.0	  0.9363843
5957.0	  0.9363843
5959.0	  0.9363843
5961.0	  0.9363843
5963.0	  0.93670887
5965.0	  0.93670887
5967.0	  0.93670887
5969.0	  0.93670887
5971.0	  0.9370334
5973.0	  0.937358
5975.0	  0.937358
5977.0	  0.93768257
5979.0	  0.9380071
5981.0	  0.9380071
5983.0	  0.9380071
5985.0	  0.9383317
5987.0	  0.9383317
5989.0	  0.9383317
5991.0	  0.9383317
5993.0	  0.9386563
5995.0	  0.9386563
5997.0	  0.9389809
5999.0	  0.9389809
6001.0	  0.9389809
6003.0	  0.9393054
6005.0	  0.9393054
6007.0	  0.93963
6009.0	  0.9399546
6011.0	  0.9399546
6013.0	  0.9399546
6015.0	  0.9402791
6017.0	  0.9409283
6019.0	  0.9409283
6021.0	  0.9409283
6023.0	  0.9412528
6025.0	  0.9412528
6027.0	  0.941902
6029.0	  0.941902
6031.0	  0.941902
6033.0	  0.9422265
6035.0	  0.9422265
6037.0	  0.94255114
6039.0	  0.9428757
6041.0	  0.9428757
6043.0	  0.9428757
6045.0	  0.94320023
6047.0	  0.94352484
6049.0	  0.94352484
6051.0	  0.94352484
6053.0	  0.9438494
6055.0	  0.94449854
6057.0	  0.94449854
6059.0	  0.94449854
6061.0	  0.9448231
6063.0	  0.9448231
6065.0	  0.9448231
6067.0	  0.9448231
6069.0	  0.9448231
6071.0	  0.9451477
6073.0	  0.9451477
6075.0	  0.9451477
6077.0	  0.94547224
6079.0	  0.94547224
6081.0	  0.94547224
6083.0	  0.94579685
6085.0	  0.9461214
6087.0	  0.9461214
6089.0	  0.9461214
6091.0	  0.94644594
6093.0	  0.94644594
6095.0	  0.94644594
6097.0	  0.94644594
6099.0	  0.94644594
6101.0	  0.94677055
6103.0	  0.9470951
6105.0	  0.9470951
6107.0	  0.94741964
6109.0	  0.94774425
6111.0	  0.94774425
6113.0	  0.9480688
6115.0	  0.9483934
6117.0	  0.9483934
6119.0	  0.9483934
6121.0	  0.9490425
6123.0	  0.9490425
6125.0	  0.9493671
6127.0	  0.9493671
6129.0	  0.9493671
6131.0	  0.9500162
6133.0	  0.9500162
6135.0	  0.9500162
6137.0	  0.9500162
6139.0	  0.9503408
6141.0	  0.95066535
6143.0	  0.95066535
6145.0	  0.95098996
6147.0	  0.95098996
6149.0	  0.95098996
6151.0	  0.9513145
6153.0	  0.95163906
6155.0	  0.95163906
6157.0	  0.95163906
6159.0	  0.95196366
6161.0	  0.9522882
6163.0	  0.9526128
6165.0	  0.9526128
6167.0	  0.9526128
6169.0	  0.95293736
6171.0	  0.95293736
6173.0	  0.95293736
6175.0	  0.9532619
6177.0	  0.9535865
6179.0	  0.9535865
6181.0	  0.9535865
6183.0	  0.95391107
6185.0	  0.95391107
6187.0	  0.95391107
6189.0	  0.9542356
6191.0	  0.9542356
6193.0	  0.9545602
6195.0	  0.9545602
6197.0	  0.9545602
6199.0	  0.95488477
6201.0	  0.95488477
6203.0	  0.95488477
6205.0	  0.95488477
6207.0	  0.9552094
6209.0	  0.9555339
6211.0	  0.9555339
6213.0	  0.95585847
6215.0	  0.95585847
6217.0	  0.95585847
6219.0	  0.9561831
6221.0	  0.9561831
6223.0	  0.9565076
6225.0	  0.9565076
6227.0	  0.9565076
6229.0	  0.9571568
6231.0	  0.9574813
6233.0	  0.9574813
6235.0	  0.9574813
6237.0	  0.95780593
6239.0	  0.9581305
6241.0	  0.9581305
6243.0	  0.958455
6245.0	  0.95877963
6247.0	  0.95877963
6249.0	  0.9591042
6251.0	  0.9594287
6253.0	  0.9594287
6255.0	  0.9594287
6257.0	  0.95975333
6259.0	  0.95975333
6261.0	  0.9600779
6263.0	  0.9604025
6265.0	  0.9604025
6267.0	  0.9610516
6269.0	  0.9610516
6271.0	  0.9610516
6273.0	  0.9613762
6275.0	  0.96170074
6277.0	  0.96170074
6279.0	  0.96170074
6281.0	  0.96202534
6283.0	  0.9623499
6285.0	  0.9623499
6287.0	  0.9623499
6289.0	  0.9623499
6291.0	  0.96299905
6293.0	  0.96299905
6295.0	  0.96299905
6297.0	  0.9633236
6299.0	  0.96364814
6301.0	  0.96397275
6303.0	  0.96397275
6305.0	  0.9642973
6307.0	  0.9642973
6309.0	  0.9642973
6311.0	  0.9646219
6313.0	  0.96494645
6315.0	  0.965271
6317.0	  0.965271
6319.0	  0.965271
6321.0	  0.96592015
6323.0	  0.96592015
6325.0	  0.9662447
6327.0	  0.9662447
6329.0	  0.9665693
6331.0	  0.9665693
6333.0	  0.9665693
6335.0	  0.96721846
6337.0	  0.96721846
6339.0	  0.96721846
6341.0	  0.96721846
6343.0	  0.967543
6345.0	  0.96786755
6347.0	  0.96786755
6349.0	  0.96819216
6351.0	  0.96819216
6353.0	  0.96819216
6355.0	  0.9685167
6357.0	  0.9685167
6359.0	  0.9688413
6361.0	  0.9688413
6363.0	  0.9688413
6365.0	  0.96916586
6367.0	  0.9694904
6369.0	  0.969815
6371.0	  0.969815
6373.0	  0.97013956
6375.0	  0.9704641
6377.0	  0.9704641
6379.0	  0.9707887
6381.0	  0.9707887
6383.0	  0.97111326
6385.0	  0.97111326
6387.0	  0.97111326
6389.0	  0.9717624
6391.0	  0.9717624
6393.0	  0.9717624
6395.0	  0.9717624
6397.0	  0.97208697
6399.0	  0.9724116
6401.0	  0.9724116
6403.0	  0.9727361
6405.0	  0.9727361
6407.0	  0.9727361
6409.0	  0.97306067
6411.0	  0.9733853
6413.0	  0.9733853
6415.0	  0.9733853
6417.0	  0.9733853
6419.0	  0.9737098
6421.0	  0.9737098
6423.0	  0.9740344
6425.0	  0.9740344
6427.0	  0.9746835
6429.0	  0.9746835
6431.0	  0.9746835
6433.0	  0.97500813
6435.0	  0.9753327
6437.0	  0.9753327
6439.0	  0.9753327
6441.0	  0.9756572
6443.0	  0.97598183
6445.0	  0.97598183
6447.0	  0.97598183
6449.0	  0.97598183
6451.0	  0.976631
6453.0	  0.976631
6455.0	  0.976631
6457.0	  0.97695553
6459.0	  0.97695553
6461.0	  0.9772801
6463.0	  0.9772801
6465.0	  0.9776047
6467.0	  0.9776047
6469.0	  0.9776047
6471.0	  0.97792923
6473.0	  0.97792923
6475.0	  0.97792923
6477.0	  0.97825384
6479.0	  0.97825384
6481.0	  0.97890294
6483.0	  0.97890294
6485.0	  0.97922754
6487.0	  0.97922754
6489.0	  0.97922754
6491.0	  0.97922754
6493.0	  0.97922754
6495.0	  0.97987664
6497.0	  0.97987664
6499.0	  0.97987664
6501.0	  0.97987664
6503.0	  0.98020124
6505.0	  0.9805258
6507.0	  0.9805258
6509.0	  0.9808504
6511.0	  0.9808504
6513.0	  0.9808504
6515.0	  0.98117495
6517.0	  0.98117495
6519.0	  0.9814995
6521.0	  0.9814995
6523.0	  0.9814995
6525.0	  0.9818241
6527.0	  0.9818241
6529.0	  0.98214865
6531.0	  0.98214865
6533.0	  0.9824732
6535.0	  0.9827978
6537.0	  0.9827978
6539.0	  0.98312235
6541.0	  0.98312235
6543.0	  0.98312235
6545.0	  0.98312235
6547.0	  0.98312235
6549.0	  0.9837715
6551.0	  0.9837715
6553.0	  0.9837715
6555.0	  0.9837715
6557.0	  0.9837715
6559.0	  0.98409605
6561.0	  0.98409605
6563.0	  0.98442066
6565.0	  0.98442066
6567.0	  0.98442066
6569.0	  0.9847452
6571.0	  0.9847452
6573.0	  0.9850698
6575.0	  0.9850698
6577.0	  0.9850698
6579.0	  0.98539436
6581.0	  0.98539436
6583.0	  0.9857189
6585.0	  0.9857189
6587.0	  0.9860435
6589.0	  0.98636806
6591.0	  0.98636806
6593.0	  0.9866926
6595.0	  0.9866926
6597.0	  0.9866926
6599.0	  0.9866926
6601.0	  0.9870172
6603.0	  0.98734176
6605.0	  0.98734176
6607.0	  0.98734176
6609.0	  0.98734176
6611.0	  0.98734176
6613.0	  0.98766637
6615.0	  0.98766637
6617.0	  0.9879909
6619.0	  0.9879909
6621.0	  0.98831546
6623.0	  0.98831546
6625.0	  0.98831546
6627.0	  0.98831546
6629.0	  0.98831546
6631.0	  0.98864007
6633.0	  0.98864007
6635.0	  0.98864007
6637.0	  0.9889646
6639.0	  0.9889646
6641.0	  0.9896138
6643.0	  0.9896138
6645.0	  0.9899383
6647.0	  0.9899383
6649.0	  0.9899383
6651.0	  0.9899383
6653.0	  0.9899383
6655.0	  0.9905875
6657.0	  0.9905875
6659.0	  0.9905875
6661.0	  0.9905875
6663.0	  0.9905875
6665.0	  0.990912
6667.0	  0.990912
6669.0	  0.990912
6671.0	  0.9912366
6673.0	  0.9912366
6675.0	  0.9915612
6677.0	  0.9915612
6679.0	  0.9915612
6681.0	  0.9915612
6683.0	  0.9915612
6685.0	  0.9918857
6687.0	  0.9918857
6689.0	  0.9922103
6691.0	  0.9922103
6693.0	  0.9922103
6695.0	  0.9925349
6697.0	  0.9925349
6699.0	  0.9928595
6701.0	  0.9928595
6703.0	  0.9928595
6705.0	  0.9928595
6707.0	  0.9928595
6709.0	  0.9935086
6711.0	  0.9935086
6713.0	  0.9935086
6715.0	  0.9935086
6717.0	  0.9935086
6719.0	  0.9938332
6721.0	  0.9938332
6723.0	  0.99415773
6725.0	  0.99415773
6727.0	  0.99415773
6729.0	  0.99448234
6731.0	  0.99448234
6733.0	  0.99448234
6735.0	  0.99448234
6737.0	  0.99448234
6739.0	  0.9948069
6741.0	  0.9948069
6743.0	  0.99513143
6745.0	  0.99513143
6747.0	  0.99513143
6749.0	  0.99545604
6751.0	  0.99545604
6753.0	  0.9957806
6755.0	  0.9957806
6757.0	  0.9957806
6759.0	  0.9957806
6761.0	  0.9957806
6763.0	  0.99610513
6765.0	  0.99610513
6767.0	  0.99610513
6769.0	  0.99610513
6771.0	  0.99610513
6773.0	  0.99642974
6775.0	  0.99642974
6777.0	  0.9967543
6779.0	  0.9967543
6781.0	  0.9967543
6783.0	  0.9970789
6785.0	  0.9970789
6787.0	  0.9970789
6789.0	  0.9970789
6791.0	  0.99740344
6793.0	  0.99740344
6795.0	  0.99740344
6797.0	  0.997728
6799.0	  0.997728
6801.0	  0.9980526
6803.0	  0.9980526
6805.0	  0.9980526
6807.0	  0.99837714
6809.0	  0.99837714
6811.0	  0.99837714
6813.0	  0.99837714
6815.0	  0.9987017
6817.0	  0.9987017
6819.0	  0.9987017
6821.0	  0.9987017
6823.0	  0.9987017
6825.0	  0.9990263
6827.0	  0.9990263
6829.0	  0.9990263
6831.0	  0.9990263
6833.0	  0.9990263
6835.0	  0.99935085
6837.0	  0.99935085
6839.0	  0.99935085
6841.0	  0.99935085
6843.0	  0.99935085
6845.0	  0.99967545
6847.0	  0.99967545
6849.0	  0.99967545
6851.0	  0.99967545
6853.0	  0.99967545
6855.0	  1.0
6857.0	  1.0
6859.0	  1.0
6861.0	  1.0
6863.0	  1.0
6865.0	  1.0
6867.0	  1.0
6869.0	  1.0
6871.0	  1.0
6873.0	  1.0
6875.0	  1.0
6877.0	  1.0
6879.0	  1.0
6881.0	  1.0
6883.0	  1.0
6885.0	  1.0
6887.0	  1.0
6889.0	  1.0
6891.0	  1.0
6893.0	  1.0
6895.0	  1.0
6897.0	  1.0
6899.0	  1.0


