
X-Axis: Cumulative Azimuth Change (degrees)
Y-Axis: Cumulative Fraction
Number of Data Sets: 1


DATASET #1

     Name: As Discretized
   Points: 700
     Info: 

Data[x,y]:
0.2	  0.075300224
0.6	  0.080817915
1.0	  0.08406362
1.4	  0.08601104
1.8	  0.10418695
2.2	  0.12106459
2.6	  0.1308017
3.0	  0.13404739
3.4	  0.1359948
3.8	  0.14086336
4.2	  0.14800389
4.6	  0.14800389
5.0	  0.1544953
5.4	  0.15806556
5.8	  0.16098669
6.2	  0.16163583
6.6	  0.16293411
7.0	  0.1661798
7.4	  0.17396949
7.8	  0.1814346
8.2	  0.18403116
8.6	  0.18630315
9.0	  0.19019799
9.4	  0.1944174
9.8	  0.19701396
10.2	  0.20220707
10.6	  0.20545277
11.0	  0.21226874
11.4	  0.21421616
11.8	  0.21681273
12.2	  0.2213567
12.6	  0.22265498
13.0	  0.22362868
13.4	  0.22622526
13.8	  0.22849724
14.2	  0.23206751
14.6	  0.23401493
15.0	  0.23563778
15.4	  0.2385589
15.8	  0.24212918
16.2	  0.24440117
16.6	  0.24732229
17.0	  0.24894515
17.4	  0.24959429
17.8	  0.2515417
18.2	  0.25446284
18.6	  0.25998053
19.0	  0.2635508
19.4	  0.26971763
19.8	  0.27134046
20.2	  0.27263877
20.6	  0.27393705
21.0	  0.27783188
21.4	  0.27880558
21.8	  0.283025
22.2	  0.2849724
22.6	  0.2849724
23.0	  0.2849724
23.4	  0.2849724
23.8	  0.28594613
24.2	  0.2872444
24.6	  0.28789353
25.0	  0.28886726
25.4	  0.2904901
25.8	  0.29406038
26.2	  0.29600778
26.6	  0.2982798
27.0	  0.3012009
27.4	  0.3044466
27.8	  0.30736774
28.2	  0.3099643
28.6	  0.31288543
29.0	  0.31483284
29.4	  0.31775397
29.8	  0.32002598
30.2	  0.32099968
30.6	  0.32197338
31.0	  0.32586822
31.4	  0.3271665
31.8	  0.3294385
32.2	  0.33008763
32.6	  0.3326842
33.0	  0.3326842
33.4	  0.3326842
33.8	  0.33398247
34.2	  0.33430704
34.6	  0.33625448
35.0	  0.33755276
35.4	  0.33852646
35.8	  0.33885103
36.2	  0.33950016
36.6	  0.34079844
37.0	  0.341123
37.4	  0.34469327
37.8	  0.3466407
38.2	  0.34793898
38.6	  0.34923726
39.0	  0.35183382
39.4	  0.35378125
39.8	  0.35507953
40.2	  0.3576761
40.6	  0.3592989
41.0	  0.3618955
41.4	  0.36222005
41.8	  0.36514118
42.2	  0.36579034
42.6	  0.37000975
43.0	  0.37293085
43.4	  0.37520286
43.8	  0.37520286
44.2	  0.37715027
44.6	  0.38201883
45.0	  0.38201883
45.4	  0.38364166
45.8	  0.38493997
46.2	  0.38721195
46.6	  0.38915935
47.0	  0.39143136
47.4	  0.39565077
47.8	  0.39597532
48.2	  0.39694905
48.6	  0.39694905
49.0	  0.39857188
49.4	  0.40246674
49.8	  0.40668613
50.2	  0.40863356
50.6	  0.41187927
51.0	  0.41512495
51.4	  0.4190198
51.8	  0.4264849
52.2	  0.42713404
52.6	  0.4274586
53.0	  0.4297306
53.4	  0.43816942
53.8	  0.43979228
54.2	  0.44336253
54.6	  0.44693282
55.0	  0.44758195
55.4	  0.44888023
55.8	  0.44888023
56.2	  0.4501785
56.6	  0.4654333
57.0	  0.47127557
57.4	  0.47581953
57.8	  0.47679326
58.2	  0.47938982
58.6	  0.49107432
59.0	  0.5030834
59.4	  0.51346964
59.8	  0.5141188
60.2	  0.51476794
60.6	  0.52093476
61.0	  0.52775073
61.4	  0.5345667
61.8	  0.53716326
62.2	  0.53716326
62.6	  0.5374878
63.0	  0.5374878
63.4	  0.54008436
63.8	  0.54040897
64.2	  0.5410581
64.6	  0.5417072
65.0	  0.5433301
65.4	  0.54527754
65.8	  0.54917234
66.2	  0.55014604
66.6	  0.55047065
67.0	  0.55339175
67.4	  0.55663747
67.8	  0.55663747
68.2	  0.5579357
68.6	  0.5598832
69.0	  0.5618306
69.4	  0.56767285
69.8	  0.56767285
70.2	  0.56767285
70.6	  0.5679974
71.0	  0.57059395
71.4	  0.57286596
71.8	  0.5735151
72.2	  0.5735151
72.6	  0.57383966
73.0	  0.5770854
73.4	  0.5770854
73.8	  0.5770854
74.2	  0.5774099
74.6	  0.5774099
75.0	  0.57870823
75.4	  0.5800065
75.8	  0.5803311
76.2	  0.5822785
76.6	  0.58292764
77.0	  0.5832522
77.4	  0.59006816
77.8	  0.5926647
78.2	  0.593963
78.6	  0.598507
79.0	  0.6024018
79.4	  0.6075949
79.8	  0.6079195
80.2	  0.6105161
80.6	  0.6127881
81.0	  0.6131126
81.4	  0.6131126
81.8	  0.6170075
82.2	  0.6170075
82.6	  0.6186303
83.0	  0.6209023
83.4	  0.62122685
83.8	  0.62122685
84.2	  0.62252516
84.6	  0.62252516
85.0	  0.6228497
85.4	  0.6228497
85.8	  0.6231743
86.2	  0.624148
86.6	  0.62577087
87.0	  0.62577087
87.4	  0.6260954
87.8	  0.6260954
88.2	  0.6283674
88.6	  0.6283674
89.0	  0.6283674
89.4	  0.628692
89.8	  0.6290166
90.2	  0.6293411
90.6	  0.6293411
91.0	  0.6293411
91.4	  0.6296657
91.8	  0.6296657
92.2	  0.6296657
92.6	  0.6296657
93.0	  0.6296657
93.4	  0.6296657
93.8	  0.6296657
94.2	  0.6303148
94.6	  0.6303148
95.0	  0.6303148
95.4	  0.6306394
95.8	  0.6306394
96.2	  0.6306394
96.6	  0.6312885
97.0	  0.6312885
97.4	  0.63226223
97.8	  0.63453424
98.2	  0.63453424
98.6	  0.63453424
99.0	  0.63453424
99.4	  0.6348588
99.8	  0.6348588
100.2	  0.63648164
100.6	  0.63680625
101.0	  0.6371308
101.4	  0.6381045
101.8	  0.6381045
102.2	  0.6384291
102.6	  0.6384291
103.0	  0.6384291
103.4	  0.63972735
103.8	  0.64102566
104.2	  0.64102566
104.6	  0.64167476
105.0	  0.6423239
105.4	  0.6455696
105.8	  0.6465433
106.2	  0.6465433
106.6	  0.6471925
107.0	  0.6471925
107.4	  0.6471925
107.8	  0.6471925
108.2	  0.6471925
108.6	  0.64784163
109.0	  0.65076274
109.4	  0.6523856
109.8	  0.65271014
110.2	  0.65303475
110.6	  0.65303475
111.0	  0.65368384
111.4	  0.65368384
111.8	  0.65400845
112.2	  0.654333
112.6	  0.654333
113.0	  0.6546576
113.4	  0.6546576
113.8	  0.6553067
114.2	  0.6556313
114.6	  0.65595585
115.0	  0.65595585
115.4	  0.65595585
115.8	  0.65692955
116.2	  0.65725416
116.6	  0.65790325
117.0	  0.65822786
117.4	  0.6585524
117.8	  0.658877
118.2	  0.658877
118.6	  0.658877
119.0	  0.65920156
119.4	  0.6595261
119.8	  0.6598507
120.2	  0.66017526
120.6	  0.66017526
121.0	  0.6604998
121.4	  0.6614736
121.8	  0.6617981
122.2	  0.6617981
122.6	  0.6627718
123.0	  0.6627718
123.4	  0.6627718
123.8	  0.6637455
124.2	  0.6653684
124.6	  0.6663421
125.0	  0.6676404
125.4	  0.66828954
125.8	  0.66893864
126.2	  0.66893864
126.6	  0.6708861
127.0	  0.67121065
127.4	  0.67348266
127.8	  0.6738072
128.2	  0.67543006
128.6	  0.67543006
129.0	  0.67737746
129.4	  0.6790003
129.8	  0.67932487
130.2	  0.679974
130.6	  0.6809477
131.0	  0.6815969
131.4	  0.6825706
131.8	  0.68451804
132.2	  0.6848426
132.6	  0.6858163
133.0	  0.68614084
133.4	  0.68646544
133.8	  0.68646544
134.2	  0.68646544
134.6	  0.68646544
135.0	  0.68646544
135.4	  0.68743914
135.8	  0.6877637
136.2	  0.6877637
136.6	  0.68873745
137.0	  0.68971115
137.4	  0.68971115
137.8	  0.69036025
138.2	  0.69036025
138.6	  0.69068485
139.0	  0.69068485
139.4	  0.69068485
139.8	  0.69068485
140.2	  0.6910094
140.6	  0.69165856
141.0	  0.6923077
141.4	  0.69393057
141.8	  0.69393057
142.2	  0.6942551
142.6	  0.69457966
143.0	  0.6952288
143.4	  0.6965271
143.8	  0.6971762
144.2	  0.69815
144.6	  0.6984745
145.0	  0.6984745
145.4	  0.6984745
145.8	  0.6994482
146.2	  0.6997728
146.6	  0.7000974
147.0	  0.7004219
147.4	  0.70074654
147.8	  0.70172024
148.2	  0.7020448
148.6	  0.7033431
149.0	  0.70366764
149.4	  0.70366764
149.8	  0.7039922
150.2	  0.7039922
150.6	  0.7039922
151.0	  0.7043168
151.4	  0.70464134
151.8	  0.70464134
152.2	  0.70496595
152.6	  0.70496595
153.0	  0.70496595
153.4	  0.7052905
153.8	  0.70561504
154.2	  0.70561504
154.6	  0.70691335
155.0	  0.70691335
155.4	  0.7072379
155.8	  0.7082116
156.2	  0.71015906
156.6	  0.7114573
157.0	  0.71308017
157.4	  0.7137293
157.8	  0.71405387
158.2	  0.71405387
158.6	  0.71794873
159.0	  0.71794873
159.4	  0.7185978
159.8	  0.7185978
160.2	  0.71892244
160.6	  0.719247
161.0	  0.719247
161.4	  0.719247
161.8	  0.719247
162.2	  0.72086984
162.6	  0.72314185
163.0	  0.7234664
163.4	  0.72411555
163.8	  0.7247647
164.2	  0.7247647
164.6	  0.7247647
165.0	  0.7247647
165.4	  0.7247647
165.8	  0.7247647
166.2	  0.7247647
166.6	  0.7247647
167.0	  0.7247647
167.4	  0.7247647
167.8	  0.7247647
168.2	  0.7247647
168.6	  0.7247647
169.0	  0.7247647
169.4	  0.72508925
169.8	  0.7254138
170.2	  0.7254138
170.6	  0.7257384
171.0	  0.72606295
171.4	  0.72606295
171.8	  0.72638756
172.2	  0.72638756
172.6	  0.72703665
173.0	  0.72703665
173.4	  0.72703665
173.8	  0.7280104
174.2	  0.72833496
174.6	  0.72833496
175.0	  0.7296332
175.4	  0.7299578
175.8	  0.7299578
176.2	  0.73028237
176.6	  0.73028237
177.0	  0.73028237
177.4	  0.730607
177.8	  0.7315807
178.2	  0.7315807
178.6	  0.7319052
179.0	  0.7319052
179.4	  0.7345018
179.8	  0.7364492
180.2	  0.7364492
180.6	  0.7367738
181.0	  0.7377475
181.4	  0.73807204
181.8	  0.73937035
182.2	  0.73937035
182.6	  0.73937035
183.0	  0.7406686
183.4	  0.74229145
183.8	  0.74261606
184.2	  0.7452126
184.6	  0.7458617
185.0	  0.7487829
185.4	  0.7487829
185.8	  0.7507303
186.2	  0.75235313
186.6	  0.75235313
187.0	  0.75527424
187.4	  0.7620902
187.8	  0.76371306
188.2	  0.7663096
188.6	  0.7740993
189.0	  0.7763713
189.4	  0.7763713
189.8	  0.7763713
190.2	  0.7786433
190.6	  0.7786433
191.0	  0.77929246
191.4	  0.77929246
191.8	  0.77929246
192.2	  0.77929246
192.6	  0.77929246
193.0	  0.77929246
193.4	  0.77929246
193.8	  0.77929246
194.2	  0.77929246
194.6	  0.78026617
195.0	  0.7835118
195.4	  0.7835118
195.8	  0.7835118
196.2	  0.7835118
196.6	  0.7874067
197.0	  0.7874067
197.4	  0.7874067
197.8	  0.78805584
198.2	  0.788705
198.6	  0.7925998
199.0	  0.79649466
199.4	  0.79649466
199.8	  0.79649466
200.2	  0.7990912
200.6	  0.7990912
201.0	  0.7990912
201.4	  0.7990912
201.8	  0.7997403
202.2	  0.8016878
202.6	  0.8016878
203.0	  0.8020123
203.4	  0.8020123
203.8	  0.8020123
204.2	  0.80428433
204.6	  0.8059072
205.0	  0.8059072
205.4	  0.8059072
205.8	  0.8059072
206.2	  0.80753005
206.6	  0.8182408
207.0	  0.8373905
207.4	  0.837715
207.8	  0.837715
208.2	  0.837715
208.6	  0.8416099
209.0	  0.84290814
209.4	  0.86108404
209.8	  0.86140865
210.2	  0.86140865
210.6	  0.86140865
211.0	  0.86140865
211.4	  0.86140865
211.8	  0.86140865
212.2	  0.86140865
212.6	  0.86140865
213.0	  0.8627069
213.4	  0.8627069
213.8	  0.8627069
214.2	  0.8727686
214.6	  0.8779617
215.0	  0.87926
215.4	  0.88088286
215.8	  0.88088286
216.2	  0.88088286
216.6	  0.88088286
217.0	  0.8831548
217.4	  0.8831548
217.8	  0.8831548
218.2	  0.8831548
218.6	  0.8831548
219.0	  0.8831548
219.4	  0.8831548
219.8	  0.8831548
220.2	  0.8831548
220.6	  0.8831548
221.0	  0.8831548
221.4	  0.8831548
221.8	  0.8831548
222.2	  0.8831548
222.6	  0.8831548
223.0	  0.886076
223.4	  0.8870497
223.8	  0.8870497
224.2	  0.8870497
224.6	  0.8870497
225.0	  0.8909445
225.4	  0.8909445
225.8	  0.89386564
226.2	  0.89483935
226.6	  0.89483935
227.0	  0.89483935
227.4	  0.89483935
227.8	  0.89483935
228.2	  0.89483935
228.6	  0.89873415
229.0	  0.89873415
229.4	  0.89873415
229.8	  0.89873415
230.2	  0.89873415
230.6	  0.89873415
231.0	  0.89873415
231.4	  0.89873415
231.8	  0.89873415
232.2	  0.89873415
232.6	  0.89873415
233.0	  0.89873415
233.4	  0.89873415
233.8	  0.89873415
234.2	  0.89873415
234.6	  0.89873415
235.0	  0.902629
235.4	  0.902629
235.8	  0.902629
236.2	  0.902629
236.6	  0.902629
237.0	  0.902629
237.4	  0.902629
237.8	  0.902629
238.2	  0.9061993
238.6	  0.9065239
239.0	  0.9065239
239.4	  0.9065239
239.8	  0.9065239
240.2	  0.9065239
240.6	  0.9065239
241.0	  0.9065239
241.4	  0.9065239
241.8	  0.9065239
242.2	  0.9065239
242.6	  0.9065239
243.0	  0.9065239
243.4	  0.9065239
243.8	  0.9065239
244.2	  0.9065239
244.6	  0.9065239
245.0	  0.9065239
245.4	  0.9065239
245.8	  0.9065239
246.2	  0.9065239
246.6	  0.9065239
247.0	  0.9065239
247.4	  0.9065239
247.8	  0.9065239
248.2	  0.9065239
248.6	  0.9065239
249.0	  0.9065239
249.4	  0.9065239
249.8	  0.9065239
250.2	  0.9065239
250.6	  0.9065239
251.0	  0.9065239
251.4	  0.9065239
251.8	  0.9065239
252.2	  0.9065239
252.6	  0.9104187
253.0	  0.9104187
253.4	  0.9104187
253.8	  0.91431355
254.2	  0.91431355
254.6	  0.91431355
255.0	  0.91431355
255.4	  0.91431355
255.8	  0.91431355
256.2	  0.91431355
256.6	  0.91820836
257.0	  0.9221032
257.4	  0.9221032
257.8	  0.9221032
258.2	  0.9221032
258.6	  0.9221032
259.0	  0.9221032
259.4	  0.9221032
259.8	  0.9221032
260.2	  0.9240506
260.6	  0.92599803
261.0	  0.92599803
261.4	  0.92599803
261.8	  0.92599803
262.2	  0.92599803
262.6	  0.92599803
263.0	  0.92599803
263.4	  0.92924374
263.8	  0.94157743
264.2	  0.94157743
264.6	  0.94157743
265.0	  0.94157743
265.4	  0.94157743
265.8	  0.9571568
266.2	  0.9727361
266.6	  0.9727361
267.0	  0.9727361
267.4	  0.9727361
267.8	  1.0
268.2	  1.0
268.6	  1.0
269.0	  1.0
269.4	  1.0
269.8	  1.0
270.2	  1.0
270.6	  1.0
271.0	  1.0
271.4	  1.0
271.8	  1.0
272.2	  1.0
272.6	  1.0
273.0	  1.0
273.4	  1.0
273.8	  1.0
274.2	  1.0
274.6	  1.0
275.0	  1.0
275.4	  1.0
275.8	  1.0
276.2	  1.0
276.6	  1.0
277.0	  1.0
277.4	  1.0
277.8	  1.0
278.2	  1.0
278.6	  1.0
279.0	  1.0
279.4	  1.0
279.8	  1.0


