
X-Axis: # Subsections
Y-Axis: Cumulative Fraction
Number of Data Sets: 3


DATASET #1

     Name: As Discretized
   Points: 1750
     Info: 

Data[x,y]:
0.51	  0.0
0.53	  0.0
0.55	  0.0
0.57	  0.0
0.59	  0.0
0.61	  0.0
0.63	  0.0
0.65	  0.0
0.67	  0.0
0.69	  0.0
0.71	  0.0
0.73	  0.0
0.75	  0.0
0.77	  0.0
0.79	  0.0
0.81	  0.0
0.83	  0.0
0.85	  0.0
0.87	  0.0
0.89	  0.0
0.91	  0.0
0.93	  0.0
0.95	  0.0
0.97	  0.0
0.99	  0.0
1.01	  0.0
1.03	  0.0
1.05	  0.0
1.07	  0.0
1.09	  0.0
1.11	  0.0
1.13	  0.0
1.15	  0.0
1.17	  0.0
1.19	  0.0
1.21	  0.0
1.23	  0.0
1.25	  0.0
1.27	  0.0
1.29	  0.0
1.31	  0.0
1.33	  0.0
1.35	  0.0
1.37	  0.0
1.39	  0.0
1.41	  0.0
1.43	  0.0
1.45	  0.0
1.47	  0.0
1.49	  0.0
1.51	  0.0
1.53	  0.0
1.55	  0.0
1.57	  0.0
1.59	  0.0
1.61	  0.0
1.63	  0.0
1.65	  0.0
1.67	  0.0
1.69	  0.0
1.71	  0.0
1.73	  0.0
1.75	  0.0
1.77	  0.0
1.79	  0.0
1.81	  0.0
1.83	  0.0
1.85	  0.0
1.87	  0.0
1.89	  0.0
1.91	  0.0
1.93	  0.0
1.95	  0.0
1.97	  0.0
1.99	  0.0
2.01	  0.0625
2.03	  0.0625
2.05	  0.0625
2.07	  0.0625
2.09	  0.0625
2.11	  0.0625
2.13	  0.0625
2.15	  0.0625
2.17	  0.0625
2.19	  0.0625
2.21	  0.0625
2.23	  0.0625
2.25	  0.0625
2.27	  0.0625
2.29	  0.0625
2.31	  0.0625
2.33	  0.0625
2.35	  0.0625
2.37	  0.0625
2.39	  0.0625
2.41	  0.0625
2.43	  0.0625
2.45	  0.0625
2.47	  0.0625
2.49	  0.0625
2.51	  0.0625
2.53	  0.0625
2.55	  0.0625
2.57	  0.0625
2.59	  0.0625
2.61	  0.0625
2.63	  0.0625
2.65	  0.0625
2.67	  0.0625
2.69	  0.0625
2.71	  0.0625
2.73	  0.0625
2.75	  0.0625
2.77	  0.0625
2.79	  0.0625
2.81	  0.0625
2.83	  0.0625
2.85	  0.0625
2.87	  0.0625
2.89	  0.0625
2.91	  0.0625
2.93	  0.0625
2.95	  0.0625
2.97	  0.0625
2.99	  0.0625
3.01	  0.1097973
3.03	  0.1097973
3.05	  0.1097973
3.07	  0.1097973
3.09	  0.1097973
3.11	  0.1097973
3.13	  0.1097973
3.15	  0.1097973
3.17	  0.1097973
3.19	  0.1097973
3.21	  0.1097973
3.23	  0.1097973
3.25	  0.1097973
3.27	  0.1097973
3.29	  0.1097973
3.31	  0.1097973
3.33	  0.1097973
3.35	  0.1097973
3.37	  0.1097973
3.39	  0.1097973
3.41	  0.1097973
3.43	  0.1097973
3.45	  0.1097973
3.47	  0.1097973
3.49	  0.1097973
3.51	  0.1097973
3.53	  0.1097973
3.55	  0.1097973
3.57	  0.1097973
3.59	  0.1097973
3.61	  0.1097973
3.63	  0.1097973
3.65	  0.1097973
3.67	  0.1097973
3.69	  0.1097973
3.71	  0.1097973
3.73	  0.1097973
3.75	  0.1097973
3.77	  0.1097973
3.79	  0.1097973
3.81	  0.1097973
3.83	  0.1097973
3.85	  0.1097973
3.87	  0.1097973
3.89	  0.1097973
3.91	  0.1097973
3.93	  0.1097973
3.95	  0.1097973
3.97	  0.1097973
3.99	  0.1097973
4.01	  0.1554054
4.03	  0.1554054
4.05	  0.1554054
4.07	  0.1554054
4.09	  0.1554054
4.11	  0.1554054
4.13	  0.1554054
4.15	  0.1554054
4.17	  0.1554054
4.19	  0.1554054
4.21	  0.1554054
4.23	  0.1554054
4.25	  0.1554054
4.27	  0.1554054
4.29	  0.1554054
4.31	  0.1554054
4.33	  0.1554054
4.35	  0.1554054
4.37	  0.1554054
4.39	  0.1554054
4.41	  0.1554054
4.43	  0.1554054
4.45	  0.1554054
4.47	  0.1554054
4.49	  0.1554054
4.51	  0.1554054
4.53	  0.1554054
4.55	  0.1554054
4.57	  0.1554054
4.59	  0.1554054
4.61	  0.1554054
4.63	  0.1554054
4.65	  0.1554054
4.67	  0.1554054
4.69	  0.1554054
4.71	  0.1554054
4.73	  0.1554054
4.75	  0.1554054
4.77	  0.1554054
4.79	  0.1554054
4.81	  0.1554054
4.83	  0.1554054
4.85	  0.1554054
4.87	  0.1554054
4.89	  0.1554054
4.91	  0.1554054
4.93	  0.1554054
4.95	  0.1554054
4.97	  0.1554054
4.99	  0.1554054
5.01	  0.2027027
5.03	  0.2027027
5.05	  0.2027027
5.07	  0.2027027
5.09	  0.2027027
5.11	  0.2027027
5.13	  0.2027027
5.15	  0.2027027
5.17	  0.2027027
5.19	  0.2027027
5.21	  0.2027027
5.23	  0.2027027
5.25	  0.2027027
5.27	  0.2027027
5.29	  0.2027027
5.31	  0.2027027
5.33	  0.2027027
5.35	  0.2027027
5.37	  0.2027027
5.39	  0.2027027
5.41	  0.2027027
5.43	  0.2027027
5.45	  0.2027027
5.47	  0.2027027
5.49	  0.2027027
5.51	  0.2027027
5.53	  0.2027027
5.55	  0.2027027
5.57	  0.2027027
5.59	  0.2027027
5.61	  0.2027027
5.63	  0.2027027
5.65	  0.2027027
5.67	  0.2027027
5.69	  0.2027027
5.71	  0.2027027
5.73	  0.2027027
5.75	  0.2027027
5.77	  0.2027027
5.79	  0.2027027
5.81	  0.2027027
5.83	  0.2027027
5.85	  0.2027027
5.87	  0.2027027
5.89	  0.2027027
5.91	  0.2027027
5.93	  0.2027027
5.95	  0.2027027
5.97	  0.2027027
5.99	  0.2027027
6.01	  0.24493243
6.03	  0.24493243
6.05	  0.24493243
6.07	  0.24493243
6.09	  0.24493243
6.11	  0.24493243
6.13	  0.24493243
6.15	  0.24493243
6.17	  0.24493243
6.19	  0.24493243
6.21	  0.24493243
6.23	  0.24493243
6.25	  0.24493243
6.27	  0.24493243
6.29	  0.24493243
6.31	  0.24493243
6.33	  0.24493243
6.35	  0.24493243
6.37	  0.24493243
6.39	  0.24493243
6.41	  0.24493243
6.43	  0.24493243
6.45	  0.24493243
6.47	  0.24493243
6.49	  0.24493243
6.51	  0.24493243
6.53	  0.24493243
6.55	  0.24493243
6.57	  0.24493243
6.59	  0.24493243
6.61	  0.24493243
6.63	  0.24493243
6.65	  0.24493243
6.67	  0.24493243
6.69	  0.24493243
6.71	  0.24493243
6.73	  0.24493243
6.75	  0.24493243
6.77	  0.24493243
6.79	  0.24493243
6.81	  0.24493243
6.83	  0.24493243
6.85	  0.24493243
6.87	  0.24493243
6.89	  0.24493243
6.91	  0.24493243
6.93	  0.24493243
6.95	  0.24493243
6.97	  0.24493243
6.99	  0.24493243
7.01	  0.29054055
7.03	  0.29054055
7.05	  0.29054055
7.07	  0.29054055
7.09	  0.29054055
7.11	  0.29054055
7.13	  0.29054055
7.15	  0.29054055
7.17	  0.29054055
7.19	  0.29054055
7.21	  0.29054055
7.23	  0.29054055
7.25	  0.29054055
7.27	  0.29054055
7.29	  0.29054055
7.31	  0.29054055
7.33	  0.29054055
7.35	  0.29054055
7.37	  0.29054055
7.39	  0.29054055
7.41	  0.29054055
7.43	  0.29054055
7.45	  0.29054055
7.47	  0.29054055
7.49	  0.29054055
7.51	  0.29054055
7.53	  0.29054055
7.55	  0.29054055
7.57	  0.29054055
7.59	  0.29054055
7.61	  0.29054055
7.63	  0.29054055
7.65	  0.29054055
7.67	  0.29054055
7.69	  0.29054055
7.71	  0.29054055
7.73	  0.29054055
7.75	  0.29054055
7.77	  0.29054055
7.79	  0.29054055
7.81	  0.29054055
7.83	  0.29054055
7.85	  0.29054055
7.87	  0.29054055
7.89	  0.29054055
7.91	  0.29054055
7.93	  0.29054055
7.95	  0.29054055
7.97	  0.29054055
7.99	  0.29054055
8.01	  0.33783785
8.03	  0.33783785
8.05	  0.33783785
8.07	  0.33783785
8.09	  0.33783785
8.11	  0.33783785
8.13	  0.33783785
8.15	  0.33783785
8.17	  0.33783785
8.19	  0.33783785
8.21	  0.33783785
8.23	  0.33783785
8.25	  0.33783785
8.27	  0.33783785
8.29	  0.33783785
8.31	  0.33783785
8.33	  0.33783785
8.35	  0.33783785
8.37	  0.33783785
8.39	  0.33783785
8.41	  0.33783785
8.43	  0.33783785
8.45	  0.33783785
8.47	  0.33783785
8.49	  0.33783785
8.51	  0.33783785
8.53	  0.33783785
8.55	  0.33783785
8.57	  0.33783785
8.59	  0.33783785
8.61	  0.33783785
8.63	  0.33783785
8.65	  0.33783785
8.67	  0.33783785
8.69	  0.33783785
8.71	  0.33783785
8.73	  0.33783785
8.75	  0.33783785
8.77	  0.33783785
8.79	  0.33783785
8.81	  0.33783785
8.83	  0.33783785
8.85	  0.33783785
8.87	  0.33783785
8.89	  0.33783785
8.91	  0.33783785
8.93	  0.33783785
8.95	  0.33783785
8.97	  0.33783785
8.99	  0.33783785
9.01	  0.3783784
9.03	  0.3783784
9.05	  0.3783784
9.07	  0.3783784
9.09	  0.3783784
9.11	  0.3783784
9.13	  0.3783784
9.15	  0.3783784
9.17	  0.3783784
9.19	  0.3783784
9.21	  0.3783784
9.23	  0.3783784
9.25	  0.3783784
9.27	  0.3783784
9.29	  0.3783784
9.31	  0.3783784
9.33	  0.3783784
9.35	  0.3783784
9.37	  0.3783784
9.39	  0.3783784
9.41	  0.3783784
9.43	  0.3783784
9.45	  0.3783784
9.47	  0.3783784
9.49	  0.3783784
9.51	  0.3783784
9.53	  0.3783784
9.55	  0.3783784
9.57	  0.3783784
9.59	  0.3783784
9.61	  0.3783784
9.63	  0.3783784
9.65	  0.3783784
9.67	  0.3783784
9.69	  0.3783784
9.71	  0.3783784
9.73	  0.3783784
9.75	  0.3783784
9.77	  0.3783784
9.79	  0.3783784
9.81	  0.3783784
9.83	  0.3783784
9.85	  0.3783784
9.87	  0.3783784
9.89	  0.3783784
9.91	  0.3783784
9.93	  0.3783784
9.95	  0.3783784
9.97	  0.3783784
9.99	  0.3783784
10.01	  0.4206081
10.03	  0.4206081
10.05	  0.4206081
10.07	  0.4206081
10.09	  0.4206081
10.11	  0.4206081
10.13	  0.4206081
10.15	  0.4206081
10.17	  0.4206081
10.19	  0.4206081
10.21	  0.4206081
10.23	  0.4206081
10.25	  0.4206081
10.27	  0.4206081
10.29	  0.4206081
10.31	  0.4206081
10.33	  0.4206081
10.35	  0.4206081
10.37	  0.4206081
10.39	  0.4206081
10.41	  0.4206081
10.43	  0.4206081
10.45	  0.4206081
10.47	  0.4206081
10.49	  0.4206081
10.51	  0.4206081
10.53	  0.4206081
10.55	  0.4206081
10.57	  0.4206081
10.59	  0.4206081
10.61	  0.4206081
10.63	  0.4206081
10.65	  0.4206081
10.67	  0.4206081
10.69	  0.4206081
10.71	  0.4206081
10.73	  0.4206081
10.75	  0.4206081
10.77	  0.4206081
10.79	  0.4206081
10.81	  0.4206081
10.83	  0.4206081
10.85	  0.4206081
10.87	  0.4206081
10.89	  0.4206081
10.91	  0.4206081
10.93	  0.4206081
10.95	  0.4206081
10.97	  0.4206081
10.99	  0.4206081
11.01	  0.46114865
11.03	  0.46114865
11.05	  0.46114865
11.07	  0.46114865
11.09	  0.46114865
11.11	  0.46114865
11.13	  0.46114865
11.15	  0.46114865
11.17	  0.46114865
11.19	  0.46114865
11.21	  0.46114865
11.23	  0.46114865
11.25	  0.46114865
11.27	  0.46114865
11.29	  0.46114865
11.31	  0.46114865
11.33	  0.46114865
11.35	  0.46114865
11.37	  0.46114865
11.39	  0.46114865
11.41	  0.46114865
11.43	  0.46114865
11.45	  0.46114865
11.47	  0.46114865
11.49	  0.46114865
11.51	  0.46114865
11.53	  0.46114865
11.55	  0.46114865
11.57	  0.46114865
11.59	  0.46114865
11.61	  0.46114865
11.63	  0.46114865
11.65	  0.46114865
11.67	  0.46114865
11.69	  0.46114865
11.71	  0.46114865
11.73	  0.46114865
11.75	  0.46114865
11.77	  0.46114865
11.79	  0.46114865
11.81	  0.46114865
11.83	  0.46114865
11.85	  0.46114865
11.87	  0.46114865
11.89	  0.46114865
11.91	  0.46114865
11.93	  0.46114865
11.95	  0.46114865
11.97	  0.46114865
11.99	  0.46114865
12.01	  0.4966216
12.03	  0.4966216
12.05	  0.4966216
12.07	  0.4966216
12.09	  0.4966216
12.11	  0.4966216
12.13	  0.4966216
12.15	  0.4966216
12.17	  0.4966216
12.19	  0.4966216
12.21	  0.4966216
12.23	  0.4966216
12.25	  0.4966216
12.27	  0.4966216
12.29	  0.4966216
12.31	  0.4966216
12.33	  0.4966216
12.35	  0.4966216
12.37	  0.4966216
12.39	  0.4966216
12.41	  0.4966216
12.43	  0.4966216
12.45	  0.4966216
12.47	  0.4966216
12.49	  0.4966216
12.51	  0.4966216
12.53	  0.4966216
12.55	  0.4966216
12.57	  0.4966216
12.59	  0.4966216
12.61	  0.4966216
12.63	  0.4966216
12.65	  0.4966216
12.67	  0.4966216
12.69	  0.4966216
12.71	  0.4966216
12.73	  0.4966216
12.75	  0.4966216
12.77	  0.4966216
12.79	  0.4966216
12.81	  0.4966216
12.83	  0.4966216
12.85	  0.4966216
12.87	  0.4966216
12.89	  0.4966216
12.91	  0.4966216
12.93	  0.4966216
12.95	  0.4966216
12.97	  0.4966216
12.99	  0.4966216
13.01	  0.535473
13.03	  0.535473
13.05	  0.535473
13.07	  0.535473
13.09	  0.535473
13.11	  0.535473
13.13	  0.535473
13.15	  0.535473
13.17	  0.535473
13.19	  0.535473
13.21	  0.535473
13.23	  0.535473
13.25	  0.535473
13.27	  0.535473
13.29	  0.535473
13.31	  0.535473
13.33	  0.535473
13.35	  0.535473
13.37	  0.535473
13.39	  0.535473
13.41	  0.535473
13.43	  0.535473
13.45	  0.535473
13.47	  0.535473
13.49	  0.535473
13.51	  0.535473
13.53	  0.535473
13.55	  0.535473
13.57	  0.535473
13.59	  0.535473
13.61	  0.535473
13.63	  0.535473
13.65	  0.535473
13.67	  0.535473
13.69	  0.535473
13.71	  0.535473
13.73	  0.535473
13.75	  0.535473
13.77	  0.535473
13.79	  0.535473
13.81	  0.535473
13.83	  0.535473
13.85	  0.535473
13.87	  0.535473
13.89	  0.535473
13.91	  0.535473
13.93	  0.535473
13.95	  0.535473
13.97	  0.535473
13.99	  0.535473
14.01	  0.5743243
14.03	  0.5743243
14.05	  0.5743243
14.07	  0.5743243
14.09	  0.5743243
14.11	  0.5743243
14.13	  0.5743243
14.15	  0.5743243
14.17	  0.5743243
14.19	  0.5743243
14.21	  0.5743243
14.23	  0.5743243
14.25	  0.5743243
14.27	  0.5743243
14.29	  0.5743243
14.31	  0.5743243
14.33	  0.5743243
14.35	  0.5743243
14.37	  0.5743243
14.39	  0.5743243
14.41	  0.5743243
14.43	  0.5743243
14.45	  0.5743243
14.47	  0.5743243
14.49	  0.5743243
14.51	  0.5743243
14.53	  0.5743243
14.55	  0.5743243
14.57	  0.5743243
14.59	  0.5743243
14.61	  0.5743243
14.63	  0.5743243
14.65	  0.5743243
14.67	  0.5743243
14.69	  0.5743243
14.71	  0.5743243
14.73	  0.5743243
14.75	  0.5743243
14.77	  0.5743243
14.79	  0.5743243
14.81	  0.5743243
14.83	  0.5743243
14.85	  0.5743243
14.87	  0.5743243
14.89	  0.5743243
14.91	  0.5743243
14.93	  0.5743243
14.95	  0.5743243
14.97	  0.5743243
14.99	  0.5743243
15.01	  0.6114865
15.03	  0.6114865
15.05	  0.6114865
15.07	  0.6114865
15.09	  0.6114865
15.11	  0.6114865
15.13	  0.6114865
15.15	  0.6114865
15.17	  0.6114865
15.19	  0.6114865
15.21	  0.6114865
15.23	  0.6114865
15.25	  0.6114865
15.27	  0.6114865
15.29	  0.6114865
15.31	  0.6114865
15.33	  0.6114865
15.35	  0.6114865
15.37	  0.6114865
15.39	  0.6114865
15.41	  0.6114865
15.43	  0.6114865
15.45	  0.6114865
15.47	  0.6114865
15.49	  0.6114865
15.51	  0.6114865
15.53	  0.6114865
15.55	  0.6114865
15.57	  0.6114865
15.59	  0.6114865
15.61	  0.6114865
15.63	  0.6114865
15.65	  0.6114865
15.67	  0.6114865
15.69	  0.6114865
15.71	  0.6114865
15.73	  0.6114865
15.75	  0.6114865
15.77	  0.6114865
15.79	  0.6114865
15.81	  0.6114865
15.83	  0.6114865
15.85	  0.6114865
15.87	  0.6114865
15.89	  0.6114865
15.91	  0.6114865
15.93	  0.6114865
15.95	  0.6114865
15.97	  0.6114865
15.99	  0.6114865
16.01	  0.6452703
16.03	  0.6452703
16.05	  0.6452703
16.07	  0.6452703
16.09	  0.6452703
16.11	  0.6452703
16.13	  0.6452703
16.15	  0.6452703
16.17	  0.6452703
16.19	  0.6452703
16.21	  0.6452703
16.23	  0.6452703
16.25	  0.6452703
16.27	  0.6452703
16.29	  0.6452703
16.31	  0.6452703
16.33	  0.6452703
16.35	  0.6452703
16.37	  0.6452703
16.39	  0.6452703
16.41	  0.6452703
16.43	  0.6452703
16.45	  0.6452703
16.47	  0.6452703
16.49	  0.6452703
16.51	  0.6452703
16.53	  0.6452703
16.55	  0.6452703
16.57	  0.6452703
16.59	  0.6452703
16.61	  0.6452703
16.63	  0.6452703
16.65	  0.6452703
16.67	  0.6452703
16.69	  0.6452703
16.71	  0.6452703
16.73	  0.6452703
16.75	  0.6452703
16.77	  0.6452703
16.79	  0.6452703
16.81	  0.6452703
16.83	  0.6452703
16.85	  0.6452703
16.87	  0.6452703
16.89	  0.6452703
16.91	  0.6452703
16.93	  0.6452703
16.95	  0.6452703
16.97	  0.6452703
16.99	  0.6452703
17.01	  0.6756757
17.03	  0.6756757
17.05	  0.6756757
17.07	  0.6756757
17.09	  0.6756757
17.11	  0.6756757
17.13	  0.6756757
17.15	  0.6756757
17.17	  0.6756757
17.19	  0.6756757
17.21	  0.6756757
17.23	  0.6756757
17.25	  0.6756757
17.27	  0.6756757
17.29	  0.6756757
17.31	  0.6756757
17.33	  0.6756757
17.35	  0.6756757
17.37	  0.6756757
17.39	  0.6756757
17.41	  0.6756757
17.43	  0.6756757
17.45	  0.6756757
17.47	  0.6756757
17.49	  0.6756757
17.51	  0.6756757
17.53	  0.6756757
17.55	  0.6756757
17.57	  0.6756757
17.59	  0.6756757
17.61	  0.6756757
17.63	  0.6756757
17.65	  0.6756757
17.67	  0.6756757
17.69	  0.6756757
17.71	  0.6756757
17.73	  0.6756757
17.75	  0.6756757
17.77	  0.6756757
17.79	  0.6756757
17.81	  0.6756757
17.83	  0.6756757
17.85	  0.6756757
17.87	  0.6756757
17.89	  0.6756757
17.91	  0.6756757
17.93	  0.6756757
17.95	  0.6756757
17.97	  0.6756757
17.99	  0.6756757
18.01	  0.7077703
18.03	  0.7077703
18.05	  0.7077703
18.07	  0.7077703
18.09	  0.7077703
18.11	  0.7077703
18.13	  0.7077703
18.15	  0.7077703
18.17	  0.7077703
18.19	  0.7077703
18.21	  0.7077703
18.23	  0.7077703
18.25	  0.7077703
18.27	  0.7077703
18.29	  0.7077703
18.31	  0.7077703
18.33	  0.7077703
18.35	  0.7077703
18.37	  0.7077703
18.39	  0.7077703
18.41	  0.7077703
18.43	  0.7077703
18.45	  0.7077703
18.47	  0.7077703
18.49	  0.7077703
18.51	  0.7077703
18.53	  0.7077703
18.55	  0.7077703
18.57	  0.7077703
18.59	  0.7077703
18.61	  0.7077703
18.63	  0.7077703
18.65	  0.7077703
18.67	  0.7077703
18.69	  0.7077703
18.71	  0.7077703
18.73	  0.7077703
18.75	  0.7077703
18.77	  0.7077703
18.79	  0.7077703
18.81	  0.7077703
18.83	  0.7077703
18.85	  0.7077703
18.87	  0.7077703
18.89	  0.7077703
18.91	  0.7077703
18.93	  0.7077703
18.95	  0.7077703
18.97	  0.7077703
18.99	  0.7077703
19.01	  0.7432432
19.03	  0.7432432
19.05	  0.7432432
19.07	  0.7432432
19.09	  0.7432432
19.11	  0.7432432
19.13	  0.7432432
19.15	  0.7432432
19.17	  0.7432432
19.19	  0.7432432
19.21	  0.7432432
19.23	  0.7432432
19.25	  0.7432432
19.27	  0.7432432
19.29	  0.7432432
19.31	  0.7432432
19.33	  0.7432432
19.35	  0.7432432
19.37	  0.7432432
19.39	  0.7432432
19.41	  0.7432432
19.43	  0.7432432
19.45	  0.7432432
19.47	  0.7432432
19.49	  0.7432432
19.51	  0.7432432
19.53	  0.7432432
19.55	  0.7432432
19.57	  0.7432432
19.59	  0.7432432
19.61	  0.7432432
19.63	  0.7432432
19.65	  0.7432432
19.67	  0.7432432
19.69	  0.7432432
19.71	  0.7432432
19.73	  0.7432432
19.75	  0.7432432
19.77	  0.7432432
19.79	  0.7432432
19.81	  0.7432432
19.83	  0.7432432
19.85	  0.7432432
19.87	  0.7432432
19.89	  0.7432432
19.91	  0.7432432
19.93	  0.7432432
19.95	  0.7432432
19.97	  0.7432432
19.99	  0.7432432
20.01	  0.777027
20.03	  0.777027
20.05	  0.777027
20.07	  0.777027
20.09	  0.777027
20.11	  0.777027
20.13	  0.777027
20.15	  0.777027
20.17	  0.777027
20.19	  0.777027
20.21	  0.777027
20.23	  0.777027
20.25	  0.777027
20.27	  0.777027
20.29	  0.777027
20.31	  0.777027
20.33	  0.777027
20.35	  0.777027
20.37	  0.777027
20.39	  0.777027
20.41	  0.777027
20.43	  0.777027
20.45	  0.777027
20.47	  0.777027
20.49	  0.777027
20.51	  0.777027
20.53	  0.777027
20.55	  0.777027
20.57	  0.777027
20.59	  0.777027
20.61	  0.777027
20.63	  0.777027
20.65	  0.777027
20.67	  0.777027
20.69	  0.777027
20.71	  0.777027
20.73	  0.777027
20.75	  0.777027
20.77	  0.777027
20.79	  0.777027
20.81	  0.777027
20.83	  0.777027
20.85	  0.777027
20.87	  0.777027
20.89	  0.777027
20.91	  0.777027
20.93	  0.777027
20.95	  0.777027
20.97	  0.777027
20.99	  0.777027
21.01	  0.8108108
21.03	  0.8108108
21.05	  0.8108108
21.07	  0.8108108
21.09	  0.8108108
21.11	  0.8108108
21.13	  0.8108108
21.15	  0.8108108
21.17	  0.8108108
21.19	  0.8108108
21.21	  0.8108108
21.23	  0.8108108
21.25	  0.8108108
21.27	  0.8108108
21.29	  0.8108108
21.31	  0.8108108
21.33	  0.8108108
21.35	  0.8108108
21.37	  0.8108108
21.39	  0.8108108
21.41	  0.8108108
21.43	  0.8108108
21.45	  0.8108108
21.47	  0.8108108
21.49	  0.8108108
21.51	  0.8108108
21.53	  0.8108108
21.55	  0.8108108
21.57	  0.8108108
21.59	  0.8108108
21.61	  0.8108108
21.63	  0.8108108
21.65	  0.8108108
21.67	  0.8108108
21.69	  0.8108108
21.71	  0.8108108
21.73	  0.8108108
21.75	  0.8108108
21.77	  0.8108108
21.79	  0.8108108
21.81	  0.8108108
21.83	  0.8108108
21.85	  0.8108108
21.87	  0.8108108
21.89	  0.8108108
21.91	  0.8108108
21.93	  0.8108108
21.95	  0.8108108
21.97	  0.8108108
21.99	  0.8108108
22.01	  0.839527
22.03	  0.839527
22.05	  0.839527
22.07	  0.839527
22.09	  0.839527
22.11	  0.839527
22.13	  0.839527
22.15	  0.839527
22.17	  0.839527
22.19	  0.839527
22.21	  0.839527
22.23	  0.839527
22.25	  0.839527
22.27	  0.839527
22.29	  0.839527
22.31	  0.839527
22.33	  0.839527
22.35	  0.839527
22.37	  0.839527
22.39	  0.839527
22.41	  0.839527
22.43	  0.839527
22.45	  0.839527
22.47	  0.839527
22.49	  0.839527
22.51	  0.839527
22.53	  0.839527
22.55	  0.839527
22.57	  0.839527
22.59	  0.839527
22.61	  0.839527
22.63	  0.839527
22.65	  0.839527
22.67	  0.839527
22.69	  0.839527
22.71	  0.839527
22.73	  0.839527
22.75	  0.839527
22.77	  0.839527
22.79	  0.839527
22.81	  0.839527
22.83	  0.839527
22.85	  0.839527
22.87	  0.839527
22.89	  0.839527
22.91	  0.839527
22.93	  0.839527
22.95	  0.839527
22.97	  0.839527
22.99	  0.839527
23.01	  0.8648649
23.03	  0.8648649
23.05	  0.8648649
23.07	  0.8648649
23.09	  0.8648649
23.11	  0.8648649
23.13	  0.8648649
23.15	  0.8648649
23.17	  0.8648649
23.19	  0.8648649
23.21	  0.8648649
23.23	  0.8648649
23.25	  0.8648649
23.27	  0.8648649
23.29	  0.8648649
23.31	  0.8648649
23.33	  0.8648649
23.35	  0.8648649
23.37	  0.8648649
23.39	  0.8648649
23.41	  0.8648649
23.43	  0.8648649
23.45	  0.8648649
23.47	  0.8648649
23.49	  0.8648649
23.51	  0.8648649
23.53	  0.8648649
23.55	  0.8648649
23.57	  0.8648649
23.59	  0.8648649
23.61	  0.8648649
23.63	  0.8648649
23.65	  0.8648649
23.67	  0.8648649
23.69	  0.8648649
23.71	  0.8648649
23.73	  0.8648649
23.75	  0.8648649
23.77	  0.8648649
23.79	  0.8648649
23.81	  0.8648649
23.83	  0.8648649
23.85	  0.8648649
23.87	  0.8648649
23.89	  0.8648649
23.91	  0.8648649
23.93	  0.8648649
23.95	  0.8648649
23.97	  0.8648649
23.99	  0.8648649
24.01	  0.8868243
24.03	  0.8868243
24.05	  0.8868243
24.07	  0.8868243
24.09	  0.8868243
24.11	  0.8868243
24.13	  0.8868243
24.15	  0.8868243
24.17	  0.8868243
24.19	  0.8868243
24.21	  0.8868243
24.23	  0.8868243
24.25	  0.8868243
24.27	  0.8868243
24.29	  0.8868243
24.31	  0.8868243
24.33	  0.8868243
24.35	  0.8868243
24.37	  0.8868243
24.39	  0.8868243
24.41	  0.8868243
24.43	  0.8868243
24.45	  0.8868243
24.47	  0.8868243
24.49	  0.8868243
24.51	  0.8868243
24.53	  0.8868243
24.55	  0.8868243
24.57	  0.8868243
24.59	  0.8868243
24.61	  0.8868243
24.63	  0.8868243
24.65	  0.8868243
24.67	  0.8868243
24.69	  0.8868243
24.71	  0.8868243
24.73	  0.8868243
24.75	  0.8868243
24.77	  0.8868243
24.79	  0.8868243
24.81	  0.8868243
24.83	  0.8868243
24.85	  0.8868243
24.87	  0.8868243
24.89	  0.8868243
24.91	  0.8868243
24.93	  0.8868243
24.95	  0.8868243
24.97	  0.8868243
24.99	  0.8868243
25.01	  0.902027
25.03	  0.902027
25.05	  0.902027
25.07	  0.902027
25.09	  0.902027
25.11	  0.902027
25.13	  0.902027
25.15	  0.902027
25.17	  0.902027
25.19	  0.902027
25.21	  0.902027
25.23	  0.902027
25.25	  0.902027
25.27	  0.902027
25.29	  0.902027
25.31	  0.902027
25.33	  0.902027
25.35	  0.902027
25.37	  0.902027
25.39	  0.902027
25.41	  0.902027
25.43	  0.902027
25.45	  0.902027
25.47	  0.902027
25.49	  0.902027
25.51	  0.902027
25.53	  0.902027
25.55	  0.902027
25.57	  0.902027
25.59	  0.902027
25.61	  0.902027
25.63	  0.902027
25.65	  0.902027
25.67	  0.902027
25.69	  0.902027
25.71	  0.902027
25.73	  0.902027
25.75	  0.902027
25.77	  0.902027
25.79	  0.902027
25.81	  0.902027
25.83	  0.902027
25.85	  0.902027
25.87	  0.902027
25.89	  0.902027
25.91	  0.902027
25.93	  0.902027
25.95	  0.902027
25.97	  0.902027
25.99	  0.902027
26.01	  0.9172297
26.03	  0.9172297
26.05	  0.9172297
26.07	  0.9172297
26.09	  0.9172297
26.11	  0.9172297
26.13	  0.9172297
26.15	  0.9172297
26.17	  0.9172297
26.19	  0.9172297
26.21	  0.9172297
26.23	  0.9172297
26.25	  0.9172297
26.27	  0.9172297
26.29	  0.9172297
26.31	  0.9172297
26.33	  0.9172297
26.35	  0.9172297
26.37	  0.9172297
26.39	  0.9172297
26.41	  0.9172297
26.43	  0.9172297
26.45	  0.9172297
26.47	  0.9172297
26.49	  0.9172297
26.51	  0.9172297
26.53	  0.9172297
26.55	  0.9172297
26.57	  0.9172297
26.59	  0.9172297
26.61	  0.9172297
26.63	  0.9172297
26.65	  0.9172297
26.67	  0.9172297
26.69	  0.9172297
26.71	  0.9172297
26.73	  0.9172297
26.75	  0.9172297
26.77	  0.9172297
26.79	  0.9172297
26.81	  0.9172297
26.83	  0.9172297
26.85	  0.9172297
26.87	  0.9172297
26.89	  0.9172297
26.91	  0.9172297
26.93	  0.9172297
26.95	  0.9172297
26.97	  0.9172297
26.99	  0.9172297
27.01	  0.9324324
27.03	  0.9324324
27.05	  0.9324324
27.07	  0.9324324
27.09	  0.9324324
27.11	  0.9324324
27.13	  0.9324324
27.15	  0.9324324
27.17	  0.9324324
27.19	  0.9324324
27.21	  0.9324324
27.23	  0.9324324
27.25	  0.9324324
27.27	  0.9324324
27.29	  0.9324324
27.31	  0.9324324
27.33	  0.9324324
27.35	  0.9324324
27.37	  0.9324324
27.39	  0.9324324
27.41	  0.9324324
27.43	  0.9324324
27.45	  0.9324324
27.47	  0.9324324
27.49	  0.9324324
27.51	  0.9324324
27.53	  0.9324324
27.55	  0.9324324
27.57	  0.9324324
27.59	  0.9324324
27.61	  0.9324324
27.63	  0.9324324
27.65	  0.9324324
27.67	  0.9324324
27.69	  0.9324324
27.71	  0.9324324
27.73	  0.9324324
27.75	  0.9324324
27.77	  0.9324324
27.79	  0.9324324
27.81	  0.9324324
27.83	  0.9324324
27.85	  0.9324324
27.87	  0.9324324
27.89	  0.9324324
27.91	  0.9324324
27.93	  0.9324324
27.95	  0.9324324
27.97	  0.9324324
27.99	  0.9324324
28.01	  0.9442568
28.03	  0.9442568
28.05	  0.9442568
28.07	  0.9442568
28.09	  0.9442568
28.11	  0.9442568
28.13	  0.9442568
28.15	  0.9442568
28.17	  0.9442568
28.19	  0.9442568
28.21	  0.9442568
28.23	  0.9442568
28.25	  0.9442568
28.27	  0.9442568
28.29	  0.9442568
28.31	  0.9442568
28.33	  0.9442568
28.35	  0.9442568
28.37	  0.9442568
28.39	  0.9442568
28.41	  0.9442568
28.43	  0.9442568
28.45	  0.9442568
28.47	  0.9442568
28.49	  0.9442568
28.51	  0.9442568
28.53	  0.9442568
28.55	  0.9442568
28.57	  0.9442568
28.59	  0.9442568
28.61	  0.9442568
28.63	  0.9442568
28.65	  0.9442568
28.67	  0.9442568
28.69	  0.9442568
28.71	  0.9442568
28.73	  0.9442568
28.75	  0.9442568
28.77	  0.9442568
28.79	  0.9442568
28.81	  0.9442568
28.83	  0.9442568
28.85	  0.9442568
28.87	  0.9442568
28.89	  0.9442568
28.91	  0.9442568
28.93	  0.9442568
28.95	  0.9442568
28.97	  0.9442568
28.99	  0.9442568
29.01	  0.9560811
29.03	  0.9560811
29.05	  0.9560811
29.07	  0.9560811
29.09	  0.9560811
29.11	  0.9560811
29.13	  0.9560811
29.15	  0.9560811
29.17	  0.9560811
29.19	  0.9560811
29.21	  0.9560811
29.23	  0.9560811
29.25	  0.9560811
29.27	  0.9560811
29.29	  0.9560811
29.31	  0.9560811
29.33	  0.9560811
29.35	  0.9560811
29.37	  0.9560811
29.39	  0.9560811
29.41	  0.9560811
29.43	  0.9560811
29.45	  0.9560811
29.47	  0.9560811
29.49	  0.9560811
29.51	  0.9560811
29.53	  0.9560811
29.55	  0.9560811
29.57	  0.9560811
29.59	  0.9560811
29.61	  0.9560811
29.63	  0.9560811
29.65	  0.9560811
29.67	  0.9560811
29.69	  0.9560811
29.71	  0.9560811
29.73	  0.9560811
29.75	  0.9560811
29.77	  0.9560811
29.79	  0.9560811
29.81	  0.9560811
29.83	  0.9560811
29.85	  0.9560811
29.87	  0.9560811
29.89	  0.9560811
29.91	  0.9560811
29.93	  0.9560811
29.95	  0.9560811
29.97	  0.9560811
29.99	  0.9560811
30.01	  0.964527
30.03	  0.964527
30.05	  0.964527
30.07	  0.964527
30.09	  0.964527
30.11	  0.964527
30.13	  0.964527
30.15	  0.964527
30.17	  0.964527
30.19	  0.964527
30.21	  0.964527
30.23	  0.964527
30.25	  0.964527
30.27	  0.964527
30.29	  0.964527
30.31	  0.964527
30.33	  0.964527
30.35	  0.964527
30.37	  0.964527
30.39	  0.964527
30.41	  0.964527
30.43	  0.964527
30.45	  0.964527
30.47	  0.964527
30.49	  0.964527
30.51	  0.964527
30.53	  0.964527
30.55	  0.964527
30.57	  0.964527
30.59	  0.964527
30.61	  0.964527
30.63	  0.964527
30.65	  0.964527
30.67	  0.964527
30.69	  0.964527
30.71	  0.964527
30.73	  0.964527
30.75	  0.964527
30.77	  0.964527
30.79	  0.964527
30.81	  0.964527
30.83	  0.964527
30.85	  0.964527
30.87	  0.964527
30.89	  0.964527
30.91	  0.964527
30.93	  0.964527
30.95	  0.964527
30.97	  0.964527
30.99	  0.964527
31.01	  0.9712838
31.03	  0.9712838
31.05	  0.9712838
31.07	  0.9712838
31.09	  0.9712838
31.11	  0.9712838
31.13	  0.9712838
31.15	  0.9712838
31.17	  0.9712838
31.19	  0.9712838
31.21	  0.9712838
31.23	  0.9712838
31.25	  0.9712838
31.27	  0.9712838
31.29	  0.9712838
31.31	  0.9712838
31.33	  0.9712838
31.35	  0.9712838
31.37	  0.9712838
31.39	  0.9712838
31.41	  0.9712838
31.43	  0.9712838
31.45	  0.9712838
31.47	  0.9712838
31.49	  0.9712838
31.51	  0.9712838
31.53	  0.9712838
31.55	  0.9712838
31.57	  0.9712838
31.59	  0.9712838
31.61	  0.9712838
31.63	  0.9712838
31.65	  0.9712838
31.67	  0.9712838
31.69	  0.9712838
31.71	  0.9712838
31.73	  0.9712838
31.75	  0.9712838
31.77	  0.9712838
31.79	  0.9712838
31.81	  0.9712838
31.83	  0.9712838
31.85	  0.9712838
31.87	  0.9712838
31.89	  0.9712838
31.91	  0.9712838
31.93	  0.9712838
31.95	  0.9712838
31.97	  0.9712838
31.99	  0.9712838
32.01	  0.9814189
32.03	  0.9814189
32.05	  0.9814189
32.07	  0.9814189
32.09	  0.9814189
32.11	  0.9814189
32.13	  0.9814189
32.15	  0.9814189
32.17	  0.9814189
32.19	  0.9814189
32.21	  0.9814189
32.23	  0.9814189
32.25	  0.9814189
32.27	  0.9814189
32.29	  0.9814189
32.31	  0.9814189
32.33	  0.9814189
32.35	  0.9814189
32.37	  0.9814189
32.39	  0.9814189
32.41	  0.9814189
32.43	  0.9814189
32.45	  0.9814189
32.47	  0.9814189
32.49	  0.9814189
32.51	  0.9814189
32.53	  0.9814189
32.55	  0.9814189
32.57	  0.9814189
32.59	  0.9814189
32.61	  0.9814189
32.63	  0.9814189
32.65	  0.9814189
32.67	  0.9814189
32.69	  0.9814189
32.71	  0.9814189
32.73	  0.9814189
32.75	  0.9814189
32.77	  0.9814189
32.79	  0.9814189
32.81	  0.9814189
32.83	  0.9814189
32.85	  0.9814189
32.87	  0.9814189
32.89	  0.9814189
32.91	  0.9814189
32.93	  0.9814189
32.95	  0.9814189
32.97	  0.9814189
32.99	  0.9814189
33.01	  0.9898649
33.03	  0.9898649
33.05	  0.9898649
33.07	  0.9898649
33.09	  0.9898649
33.11	  0.9898649
33.13	  0.9898649
33.15	  0.9898649
33.17	  0.9898649
33.19	  0.9898649
33.21	  0.9898649
33.23	  0.9898649
33.25	  0.9898649
33.27	  0.9898649
33.29	  0.9898649
33.31	  0.9898649
33.33	  0.9898649
33.35	  0.9898649
33.37	  0.9898649
33.39	  0.9898649
33.41	  0.9898649
33.43	  0.9898649
33.45	  0.9898649
33.47	  0.9898649
33.49	  0.9898649
33.51	  0.9898649
33.53	  0.9898649
33.55	  0.9898649
33.57	  0.9898649
33.59	  0.9898649
33.61	  0.9898649
33.63	  0.9898649
33.65	  0.9898649
33.67	  0.9898649
33.69	  0.9898649
33.71	  0.9898649
33.73	  0.9898649
33.75	  0.9898649
33.77	  0.9898649
33.79	  0.9898649
33.81	  0.9898649
33.83	  0.9898649
33.85	  0.9898649
33.87	  0.9898649
33.89	  0.9898649
33.91	  0.9898649
33.93	  0.9898649
33.95	  0.9898649
33.97	  0.9898649
33.99	  0.9898649
34.01	  0.9966216
34.03	  0.9966216
34.05	  0.9966216
34.07	  0.9966216
34.09	  0.9966216
34.11	  0.9966216
34.13	  0.9966216
34.15	  0.9966216
34.17	  0.9966216
34.19	  0.9966216
34.21	  0.9966216
34.23	  0.9966216
34.25	  0.9966216
34.27	  0.9966216
34.29	  0.9966216
34.31	  0.9966216
34.33	  0.9966216
34.35	  0.9966216
34.37	  0.9966216
34.39	  0.9966216
34.41	  0.9966216
34.43	  0.9966216
34.45	  0.9966216
34.47	  0.9966216
34.49	  0.9966216
34.51	  0.9966216
34.53	  0.9966216
34.55	  0.9966216
34.57	  0.9966216
34.59	  0.9966216
34.61	  0.9966216
34.63	  0.9966216
34.65	  0.9966216
34.67	  0.9966216
34.69	  0.9966216
34.71	  0.9966216
34.73	  0.9966216
34.75	  0.9966216
34.77	  0.9966216
34.79	  0.9966216
34.81	  0.9966216
34.83	  0.9966216
34.85	  0.9966216
34.87	  0.9966216
34.89	  0.9966216
34.91	  0.9966216
34.93	  0.9966216
34.95	  0.9966216
34.97	  0.9966216
34.99	  0.9966216
35.01	  1.0
35.03	  1.0
35.05	  1.0
35.07	  1.0
35.09	  1.0
35.11	  1.0
35.13	  1.0
35.15	  1.0
35.17	  1.0
35.19	  1.0
35.21	  1.0
35.23	  1.0
35.25	  1.0
35.27	  1.0
35.29	  1.0
35.31	  1.0
35.33	  1.0
35.35	  1.0
35.37	  1.0
35.39	  1.0
35.41	  1.0
35.43	  1.0
35.45	  1.0
35.47	  1.0
35.49	  1.0



DATASET #2

     Name: Rate-Weighted
   Points: 1750
     Info: 

Data[x,y]:
0.51	  0.0
0.53	  0.0
0.55	  0.0
0.57	  0.0
0.59	  0.0
0.61	  0.0
0.63	  0.0
0.65	  0.0
0.67	  0.0
0.69	  0.0
0.71	  0.0
0.73	  0.0
0.75	  0.0
0.77	  0.0
0.79	  0.0
0.81	  0.0
0.83	  0.0
0.85	  0.0
0.87	  0.0
0.89	  0.0
0.91	  0.0
0.93	  0.0
0.95	  0.0
0.97	  0.0
0.99	  0.0
1.01	  0.0
1.03	  0.0
1.05	  0.0
1.07	  0.0
1.09	  0.0
1.11	  0.0
1.13	  0.0
1.15	  0.0
1.17	  0.0
1.19	  0.0
1.21	  0.0
1.23	  0.0
1.25	  0.0
1.27	  0.0
1.29	  0.0
1.31	  0.0
1.33	  0.0
1.35	  0.0
1.37	  0.0
1.39	  0.0
1.41	  0.0
1.43	  0.0
1.45	  0.0
1.47	  0.0
1.49	  0.0
1.51	  0.0
1.53	  0.0
1.55	  0.0
1.57	  0.0
1.59	  0.0
1.61	  0.0
1.63	  0.0
1.65	  0.0
1.67	  0.0
1.69	  0.0
1.71	  0.0
1.73	  0.0
1.75	  0.0
1.77	  0.0
1.79	  0.0
1.81	  0.0
1.83	  0.0
1.85	  0.0
1.87	  0.0
1.89	  0.0
1.91	  0.0
1.93	  0.0
1.95	  0.0
1.97	  0.0
1.99	  0.0
2.01	  0.41053066
2.03	  0.41053066
2.05	  0.41053066
2.07	  0.41053066
2.09	  0.41053066
2.11	  0.41053066
2.13	  0.41053066
2.15	  0.41053066
2.17	  0.41053066
2.19	  0.41053066
2.21	  0.41053066
2.23	  0.41053066
2.25	  0.41053066
2.27	  0.41053066
2.29	  0.41053066
2.31	  0.41053066
2.33	  0.41053066
2.35	  0.41053066
2.37	  0.41053066
2.39	  0.41053066
2.41	  0.41053066
2.43	  0.41053066
2.45	  0.41053066
2.47	  0.41053066
2.49	  0.41053066
2.51	  0.41053066
2.53	  0.41053066
2.55	  0.41053066
2.57	  0.41053066
2.59	  0.41053066
2.61	  0.41053066
2.63	  0.41053066
2.65	  0.41053066
2.67	  0.41053066
2.69	  0.41053066
2.71	  0.41053066
2.73	  0.41053066
2.75	  0.41053066
2.77	  0.41053066
2.79	  0.41053066
2.81	  0.41053066
2.83	  0.41053066
2.85	  0.41053066
2.87	  0.41053066
2.89	  0.41053066
2.91	  0.41053066
2.93	  0.41053066
2.95	  0.41053066
2.97	  0.41053066
2.99	  0.41053066
3.01	  0.6790805
3.03	  0.6790805
3.05	  0.6790805
3.07	  0.6790805
3.09	  0.6790805
3.11	  0.6790805
3.13	  0.6790805
3.15	  0.6790805
3.17	  0.6790805
3.19	  0.6790805
3.21	  0.6790805
3.23	  0.6790805
3.25	  0.6790805
3.27	  0.6790805
3.29	  0.6790805
3.31	  0.6790805
3.33	  0.6790805
3.35	  0.6790805
3.37	  0.6790805
3.39	  0.6790805
3.41	  0.6790805
3.43	  0.6790805
3.45	  0.6790805
3.47	  0.6790805
3.49	  0.6790805
3.51	  0.6790805
3.53	  0.6790805
3.55	  0.6790805
3.57	  0.6790805
3.59	  0.6790805
3.61	  0.6790805
3.63	  0.6790805
3.65	  0.6790805
3.67	  0.6790805
3.69	  0.6790805
3.71	  0.6790805
3.73	  0.6790805
3.75	  0.6790805
3.77	  0.6790805
3.79	  0.6790805
3.81	  0.6790805
3.83	  0.6790805
3.85	  0.6790805
3.87	  0.6790805
3.89	  0.6790805
3.91	  0.6790805
3.93	  0.6790805
3.95	  0.6790805
3.97	  0.6790805
3.99	  0.6790805
4.01	  0.774117
4.03	  0.774117
4.05	  0.774117
4.07	  0.774117
4.09	  0.774117
4.11	  0.774117
4.13	  0.774117
4.15	  0.774117
4.17	  0.774117
4.19	  0.774117
4.21	  0.774117
4.23	  0.774117
4.25	  0.774117
4.27	  0.774117
4.29	  0.774117
4.31	  0.774117
4.33	  0.774117
4.35	  0.774117
4.37	  0.774117
4.39	  0.774117
4.41	  0.774117
4.43	  0.774117
4.45	  0.774117
4.47	  0.774117
4.49	  0.774117
4.51	  0.774117
4.53	  0.774117
4.55	  0.774117
4.57	  0.774117
4.59	  0.774117
4.61	  0.774117
4.63	  0.774117
4.65	  0.774117
4.67	  0.774117
4.69	  0.774117
4.71	  0.774117
4.73	  0.774117
4.75	  0.774117
4.77	  0.774117
4.79	  0.774117
4.81	  0.774117
4.83	  0.774117
4.85	  0.774117
4.87	  0.774117
4.89	  0.774117
4.91	  0.774117
4.93	  0.774117
4.95	  0.774117
4.97	  0.774117
4.99	  0.774117
5.01	  0.8439777
5.03	  0.8439777
5.05	  0.8439777
5.07	  0.8439777
5.09	  0.8439777
5.11	  0.8439777
5.13	  0.8439777
5.15	  0.8439777
5.17	  0.8439777
5.19	  0.8439777
5.21	  0.8439777
5.23	  0.8439777
5.25	  0.8439777
5.27	  0.8439777
5.29	  0.8439777
5.31	  0.8439777
5.33	  0.8439777
5.35	  0.8439777
5.37	  0.8439777
5.39	  0.8439777
5.41	  0.8439777
5.43	  0.8439777
5.45	  0.8439777
5.47	  0.8439777
5.49	  0.8439777
5.51	  0.8439777
5.53	  0.8439777
5.55	  0.8439777
5.57	  0.8439777
5.59	  0.8439777
5.61	  0.8439777
5.63	  0.8439777
5.65	  0.8439777
5.67	  0.8439777
5.69	  0.8439777
5.71	  0.8439777
5.73	  0.8439777
5.75	  0.8439777
5.77	  0.8439777
5.79	  0.8439777
5.81	  0.8439777
5.83	  0.8439777
5.85	  0.8439777
5.87	  0.8439777
5.89	  0.8439777
5.91	  0.8439777
5.93	  0.8439777
5.95	  0.8439777
5.97	  0.8439777
5.99	  0.8439777
6.01	  0.8609477
6.03	  0.8609477
6.05	  0.8609477
6.07	  0.8609477
6.09	  0.8609477
6.11	  0.8609477
6.13	  0.8609477
6.15	  0.8609477
6.17	  0.8609477
6.19	  0.8609477
6.21	  0.8609477
6.23	  0.8609477
6.25	  0.8609477
6.27	  0.8609477
6.29	  0.8609477
6.31	  0.8609477
6.33	  0.8609477
6.35	  0.8609477
6.37	  0.8609477
6.39	  0.8609477
6.41	  0.8609477
6.43	  0.8609477
6.45	  0.8609477
6.47	  0.8609477
6.49	  0.8609477
6.51	  0.8609477
6.53	  0.8609477
6.55	  0.8609477
6.57	  0.8609477
6.59	  0.8609477
6.61	  0.8609477
6.63	  0.8609477
6.65	  0.8609477
6.67	  0.8609477
6.69	  0.8609477
6.71	  0.8609477
6.73	  0.8609477
6.75	  0.8609477
6.77	  0.8609477
6.79	  0.8609477
6.81	  0.8609477
6.83	  0.8609477
6.85	  0.8609477
6.87	  0.8609477
6.89	  0.8609477
6.91	  0.8609477
6.93	  0.8609477
6.95	  0.8609477
6.97	  0.8609477
6.99	  0.8609477
7.01	  0.893698
7.03	  0.893698
7.05	  0.893698
7.07	  0.893698
7.09	  0.893698
7.11	  0.893698
7.13	  0.893698
7.15	  0.893698
7.17	  0.893698
7.19	  0.893698
7.21	  0.893698
7.23	  0.893698
7.25	  0.893698
7.27	  0.893698
7.29	  0.893698
7.31	  0.893698
7.33	  0.893698
7.35	  0.893698
7.37	  0.893698
7.39	  0.893698
7.41	  0.893698
7.43	  0.893698
7.45	  0.893698
7.47	  0.893698
7.49	  0.893698
7.51	  0.893698
7.53	  0.893698
7.55	  0.893698
7.57	  0.893698
7.59	  0.893698
7.61	  0.893698
7.63	  0.893698
7.65	  0.893698
7.67	  0.893698
7.69	  0.893698
7.71	  0.893698
7.73	  0.893698
7.75	  0.893698
7.77	  0.893698
7.79	  0.893698
7.81	  0.893698
7.83	  0.893698
7.85	  0.893698
7.87	  0.893698
7.89	  0.893698
7.91	  0.893698
7.93	  0.893698
7.95	  0.893698
7.97	  0.893698
7.99	  0.893698
8.01	  0.93274564
8.03	  0.93274564
8.05	  0.93274564
8.07	  0.93274564
8.09	  0.93274564
8.11	  0.93274564
8.13	  0.93274564
8.15	  0.93274564
8.17	  0.93274564
8.19	  0.93274564
8.21	  0.93274564
8.23	  0.93274564
8.25	  0.93274564
8.27	  0.93274564
8.29	  0.93274564
8.31	  0.93274564
8.33	  0.93274564
8.35	  0.93274564
8.37	  0.93274564
8.39	  0.93274564
8.41	  0.93274564
8.43	  0.93274564
8.45	  0.93274564
8.47	  0.93274564
8.49	  0.93274564
8.51	  0.93274564
8.53	  0.93274564
8.55	  0.93274564
8.57	  0.93274564
8.59	  0.93274564
8.61	  0.93274564
8.63	  0.93274564
8.65	  0.93274564
8.67	  0.93274564
8.69	  0.93274564
8.71	  0.93274564
8.73	  0.93274564
8.75	  0.93274564
8.77	  0.93274564
8.79	  0.93274564
8.81	  0.93274564
8.83	  0.93274564
8.85	  0.93274564
8.87	  0.93274564
8.89	  0.93274564
8.91	  0.93274564
8.93	  0.93274564
8.95	  0.93274564
8.97	  0.93274564
8.99	  0.93274564
9.01	  0.93826115
9.03	  0.93826115
9.05	  0.93826115
9.07	  0.93826115
9.09	  0.93826115
9.11	  0.93826115
9.13	  0.93826115
9.15	  0.93826115
9.17	  0.93826115
9.19	  0.93826115
9.21	  0.93826115
9.23	  0.93826115
9.25	  0.93826115
9.27	  0.93826115
9.29	  0.93826115
9.31	  0.93826115
9.33	  0.93826115
9.35	  0.93826115
9.37	  0.93826115
9.39	  0.93826115
9.41	  0.93826115
9.43	  0.93826115
9.45	  0.93826115
9.47	  0.93826115
9.49	  0.93826115
9.51	  0.93826115
9.53	  0.93826115
9.55	  0.93826115
9.57	  0.93826115
9.59	  0.93826115
9.61	  0.93826115
9.63	  0.93826115
9.65	  0.93826115
9.67	  0.93826115
9.69	  0.93826115
9.71	  0.93826115
9.73	  0.93826115
9.75	  0.93826115
9.77	  0.93826115
9.79	  0.93826115
9.81	  0.93826115
9.83	  0.93826115
9.85	  0.93826115
9.87	  0.93826115
9.89	  0.93826115
9.91	  0.93826115
9.93	  0.93826115
9.95	  0.93826115
9.97	  0.93826115
9.99	  0.93826115
10.01	  0.94293886
10.03	  0.94293886
10.05	  0.94293886
10.07	  0.94293886
10.09	  0.94293886
10.11	  0.94293886
10.13	  0.94293886
10.15	  0.94293886
10.17	  0.94293886
10.19	  0.94293886
10.21	  0.94293886
10.23	  0.94293886
10.25	  0.94293886
10.27	  0.94293886
10.29	  0.94293886
10.31	  0.94293886
10.33	  0.94293886
10.35	  0.94293886
10.37	  0.94293886
10.39	  0.94293886
10.41	  0.94293886
10.43	  0.94293886
10.45	  0.94293886
10.47	  0.94293886
10.49	  0.94293886
10.51	  0.94293886
10.53	  0.94293886
10.55	  0.94293886
10.57	  0.94293886
10.59	  0.94293886
10.61	  0.94293886
10.63	  0.94293886
10.65	  0.94293886
10.67	  0.94293886
10.69	  0.94293886
10.71	  0.94293886
10.73	  0.94293886
10.75	  0.94293886
10.77	  0.94293886
10.79	  0.94293886
10.81	  0.94293886
10.83	  0.94293886
10.85	  0.94293886
10.87	  0.94293886
10.89	  0.94293886
10.91	  0.94293886
10.93	  0.94293886
10.95	  0.94293886
10.97	  0.94293886
10.99	  0.94293886
11.01	  0.95080715
11.03	  0.95080715
11.05	  0.95080715
11.07	  0.95080715
11.09	  0.95080715
11.11	  0.95080715
11.13	  0.95080715
11.15	  0.95080715
11.17	  0.95080715
11.19	  0.95080715
11.21	  0.95080715
11.23	  0.95080715
11.25	  0.95080715
11.27	  0.95080715
11.29	  0.95080715
11.31	  0.95080715
11.33	  0.95080715
11.35	  0.95080715
11.37	  0.95080715
11.39	  0.95080715
11.41	  0.95080715
11.43	  0.95080715
11.45	  0.95080715
11.47	  0.95080715
11.49	  0.95080715
11.51	  0.95080715
11.53	  0.95080715
11.55	  0.95080715
11.57	  0.95080715
11.59	  0.95080715
11.61	  0.95080715
11.63	  0.95080715
11.65	  0.95080715
11.67	  0.95080715
11.69	  0.95080715
11.71	  0.95080715
11.73	  0.95080715
11.75	  0.95080715
11.77	  0.95080715
11.79	  0.95080715
11.81	  0.95080715
11.83	  0.95080715
11.85	  0.95080715
11.87	  0.95080715
11.89	  0.95080715
11.91	  0.95080715
11.93	  0.95080715
11.95	  0.95080715
11.97	  0.95080715
11.99	  0.95080715
12.01	  0.95497245
12.03	  0.95497245
12.05	  0.95497245
12.07	  0.95497245
12.09	  0.95497245
12.11	  0.95497245
12.13	  0.95497245
12.15	  0.95497245
12.17	  0.95497245
12.19	  0.95497245
12.21	  0.95497245
12.23	  0.95497245
12.25	  0.95497245
12.27	  0.95497245
12.29	  0.95497245
12.31	  0.95497245
12.33	  0.95497245
12.35	  0.95497245
12.37	  0.95497245
12.39	  0.95497245
12.41	  0.95497245
12.43	  0.95497245
12.45	  0.95497245
12.47	  0.95497245
12.49	  0.95497245
12.51	  0.95497245
12.53	  0.95497245
12.55	  0.95497245
12.57	  0.95497245
12.59	  0.95497245
12.61	  0.95497245
12.63	  0.95497245
12.65	  0.95497245
12.67	  0.95497245
12.69	  0.95497245
12.71	  0.95497245
12.73	  0.95497245
12.75	  0.95497245
12.77	  0.95497245
12.79	  0.95497245
12.81	  0.95497245
12.83	  0.95497245
12.85	  0.95497245
12.87	  0.95497245
12.89	  0.95497245
12.91	  0.95497245
12.93	  0.95497245
12.95	  0.95497245
12.97	  0.95497245
12.99	  0.95497245
13.01	  0.96044546
13.03	  0.96044546
13.05	  0.96044546
13.07	  0.96044546
13.09	  0.96044546
13.11	  0.96044546
13.13	  0.96044546
13.15	  0.96044546
13.17	  0.96044546
13.19	  0.96044546
13.21	  0.96044546
13.23	  0.96044546
13.25	  0.96044546
13.27	  0.96044546
13.29	  0.96044546
13.31	  0.96044546
13.33	  0.96044546
13.35	  0.96044546
13.37	  0.96044546
13.39	  0.96044546
13.41	  0.96044546
13.43	  0.96044546
13.45	  0.96044546
13.47	  0.96044546
13.49	  0.96044546
13.51	  0.96044546
13.53	  0.96044546
13.55	  0.96044546
13.57	  0.96044546
13.59	  0.96044546
13.61	  0.96044546
13.63	  0.96044546
13.65	  0.96044546
13.67	  0.96044546
13.69	  0.96044546
13.71	  0.96044546
13.73	  0.96044546
13.75	  0.96044546
13.77	  0.96044546
13.79	  0.96044546
13.81	  0.96044546
13.83	  0.96044546
13.85	  0.96044546
13.87	  0.96044546
13.89	  0.96044546
13.91	  0.96044546
13.93	  0.96044546
13.95	  0.96044546
13.97	  0.96044546
13.99	  0.96044546
14.01	  0.9683034
14.03	  0.9683034
14.05	  0.9683034
14.07	  0.9683034
14.09	  0.9683034
14.11	  0.9683034
14.13	  0.9683034
14.15	  0.9683034
14.17	  0.9683034
14.19	  0.9683034
14.21	  0.9683034
14.23	  0.9683034
14.25	  0.9683034
14.27	  0.9683034
14.29	  0.9683034
14.31	  0.9683034
14.33	  0.9683034
14.35	  0.9683034
14.37	  0.9683034
14.39	  0.9683034
14.41	  0.9683034
14.43	  0.9683034
14.45	  0.9683034
14.47	  0.9683034
14.49	  0.9683034
14.51	  0.9683034
14.53	  0.9683034
14.55	  0.9683034
14.57	  0.9683034
14.59	  0.9683034
14.61	  0.9683034
14.63	  0.9683034
14.65	  0.9683034
14.67	  0.9683034
14.69	  0.9683034
14.71	  0.9683034
14.73	  0.9683034
14.75	  0.9683034
14.77	  0.9683034
14.79	  0.9683034
14.81	  0.9683034
14.83	  0.9683034
14.85	  0.9683034
14.87	  0.9683034
14.89	  0.9683034
14.91	  0.9683034
14.93	  0.9683034
14.95	  0.9683034
14.97	  0.9683034
14.99	  0.9683034
15.01	  0.9728057
15.03	  0.9728057
15.05	  0.9728057
15.07	  0.9728057
15.09	  0.9728057
15.11	  0.9728057
15.13	  0.9728057
15.15	  0.9728057
15.17	  0.9728057
15.19	  0.9728057
15.21	  0.9728057
15.23	  0.9728057
15.25	  0.9728057
15.27	  0.9728057
15.29	  0.9728057
15.31	  0.9728057
15.33	  0.9728057
15.35	  0.9728057
15.37	  0.9728057
15.39	  0.9728057
15.41	  0.9728057
15.43	  0.9728057
15.45	  0.9728057
15.47	  0.9728057
15.49	  0.9728057
15.51	  0.9728057
15.53	  0.9728057
15.55	  0.9728057
15.57	  0.9728057
15.59	  0.9728057
15.61	  0.9728057
15.63	  0.9728057
15.65	  0.9728057
15.67	  0.9728057
15.69	  0.9728057
15.71	  0.9728057
15.73	  0.9728057
15.75	  0.9728057
15.77	  0.9728057
15.79	  0.9728057
15.81	  0.9728057
15.83	  0.9728057
15.85	  0.9728057
15.87	  0.9728057
15.89	  0.9728057
15.91	  0.9728057
15.93	  0.9728057
15.95	  0.9728057
15.97	  0.9728057
15.99	  0.9728057
16.01	  0.97377664
16.03	  0.97377664
16.05	  0.97377664
16.07	  0.97377664
16.09	  0.97377664
16.11	  0.97377664
16.13	  0.97377664
16.15	  0.97377664
16.17	  0.97377664
16.19	  0.97377664
16.21	  0.97377664
16.23	  0.97377664
16.25	  0.97377664
16.27	  0.97377664
16.29	  0.97377664
16.31	  0.97377664
16.33	  0.97377664
16.35	  0.97377664
16.37	  0.97377664
16.39	  0.97377664
16.41	  0.97377664
16.43	  0.97377664
16.45	  0.97377664
16.47	  0.97377664
16.49	  0.97377664
16.51	  0.97377664
16.53	  0.97377664
16.55	  0.97377664
16.57	  0.97377664
16.59	  0.97377664
16.61	  0.97377664
16.63	  0.97377664
16.65	  0.97377664
16.67	  0.97377664
16.69	  0.97377664
16.71	  0.97377664
16.73	  0.97377664
16.75	  0.97377664
16.77	  0.97377664
16.79	  0.97377664
16.81	  0.97377664
16.83	  0.97377664
16.85	  0.97377664
16.87	  0.97377664
16.89	  0.97377664
16.91	  0.97377664
16.93	  0.97377664
16.95	  0.97377664
16.97	  0.97377664
16.99	  0.97377664
17.01	  0.9755865
17.03	  0.9755865
17.05	  0.9755865
17.07	  0.9755865
17.09	  0.9755865
17.11	  0.9755865
17.13	  0.9755865
17.15	  0.9755865
17.17	  0.9755865
17.19	  0.9755865
17.21	  0.9755865
17.23	  0.9755865
17.25	  0.9755865
17.27	  0.9755865
17.29	  0.9755865
17.31	  0.9755865
17.33	  0.9755865
17.35	  0.9755865
17.37	  0.9755865
17.39	  0.9755865
17.41	  0.9755865
17.43	  0.9755865
17.45	  0.9755865
17.47	  0.9755865
17.49	  0.9755865
17.51	  0.9755865
17.53	  0.9755865
17.55	  0.9755865
17.57	  0.9755865
17.59	  0.9755865
17.61	  0.9755865
17.63	  0.9755865
17.65	  0.9755865
17.67	  0.9755865
17.69	  0.9755865
17.71	  0.9755865
17.73	  0.9755865
17.75	  0.9755865
17.77	  0.9755865
17.79	  0.9755865
17.81	  0.9755865
17.83	  0.9755865
17.85	  0.9755865
17.87	  0.9755865
17.89	  0.9755865
17.91	  0.9755865
17.93	  0.9755865
17.95	  0.9755865
17.97	  0.9755865
17.99	  0.9755865
18.01	  0.9777148
18.03	  0.9777148
18.05	  0.9777148
18.07	  0.9777148
18.09	  0.9777148
18.11	  0.9777148
18.13	  0.9777148
18.15	  0.9777148
18.17	  0.9777148
18.19	  0.9777148
18.21	  0.9777148
18.23	  0.9777148
18.25	  0.9777148
18.27	  0.9777148
18.29	  0.9777148
18.31	  0.9777148
18.33	  0.9777148
18.35	  0.9777148
18.37	  0.9777148
18.39	  0.9777148
18.41	  0.9777148
18.43	  0.9777148
18.45	  0.9777148
18.47	  0.9777148
18.49	  0.9777148
18.51	  0.9777148
18.53	  0.9777148
18.55	  0.9777148
18.57	  0.9777148
18.59	  0.9777148
18.61	  0.9777148
18.63	  0.9777148
18.65	  0.9777148
18.67	  0.9777148
18.69	  0.9777148
18.71	  0.9777148
18.73	  0.9777148
18.75	  0.9777148
18.77	  0.9777148
18.79	  0.9777148
18.81	  0.9777148
18.83	  0.9777148
18.85	  0.9777148
18.87	  0.9777148
18.89	  0.9777148
18.91	  0.9777148
18.93	  0.9777148
18.95	  0.9777148
18.97	  0.9777148
18.99	  0.9777148
19.01	  0.98032254
19.03	  0.98032254
19.05	  0.98032254
19.07	  0.98032254
19.09	  0.98032254
19.11	  0.98032254
19.13	  0.98032254
19.15	  0.98032254
19.17	  0.98032254
19.19	  0.98032254
19.21	  0.98032254
19.23	  0.98032254
19.25	  0.98032254
19.27	  0.98032254
19.29	  0.98032254
19.31	  0.98032254
19.33	  0.98032254
19.35	  0.98032254
19.37	  0.98032254
19.39	  0.98032254
19.41	  0.98032254
19.43	  0.98032254
19.45	  0.98032254
19.47	  0.98032254
19.49	  0.98032254
19.51	  0.98032254
19.53	  0.98032254
19.55	  0.98032254
19.57	  0.98032254
19.59	  0.98032254
19.61	  0.98032254
19.63	  0.98032254
19.65	  0.98032254
19.67	  0.98032254
19.69	  0.98032254
19.71	  0.98032254
19.73	  0.98032254
19.75	  0.98032254
19.77	  0.98032254
19.79	  0.98032254
19.81	  0.98032254
19.83	  0.98032254
19.85	  0.98032254
19.87	  0.98032254
19.89	  0.98032254
19.91	  0.98032254
19.93	  0.98032254
19.95	  0.98032254
19.97	  0.98032254
19.99	  0.98032254
20.01	  0.98134726
20.03	  0.98134726
20.05	  0.98134726
20.07	  0.98134726
20.09	  0.98134726
20.11	  0.98134726
20.13	  0.98134726
20.15	  0.98134726
20.17	  0.98134726
20.19	  0.98134726
20.21	  0.98134726
20.23	  0.98134726
20.25	  0.98134726
20.27	  0.98134726
20.29	  0.98134726
20.31	  0.98134726
20.33	  0.98134726
20.35	  0.98134726
20.37	  0.98134726
20.39	  0.98134726
20.41	  0.98134726
20.43	  0.98134726
20.45	  0.98134726
20.47	  0.98134726
20.49	  0.98134726
20.51	  0.98134726
20.53	  0.98134726
20.55	  0.98134726
20.57	  0.98134726
20.59	  0.98134726
20.61	  0.98134726
20.63	  0.98134726
20.65	  0.98134726
20.67	  0.98134726
20.69	  0.98134726
20.71	  0.98134726
20.73	  0.98134726
20.75	  0.98134726
20.77	  0.98134726
20.79	  0.98134726
20.81	  0.98134726
20.83	  0.98134726
20.85	  0.98134726
20.87	  0.98134726
20.89	  0.98134726
20.91	  0.98134726
20.93	  0.98134726
20.95	  0.98134726
20.97	  0.98134726
20.99	  0.98134726
21.01	  0.9833231
21.03	  0.9833231
21.05	  0.9833231
21.07	  0.9833231
21.09	  0.9833231
21.11	  0.9833231
21.13	  0.9833231
21.15	  0.9833231
21.17	  0.9833231
21.19	  0.9833231
21.21	  0.9833231
21.23	  0.9833231
21.25	  0.9833231
21.27	  0.9833231
21.29	  0.9833231
21.31	  0.9833231
21.33	  0.9833231
21.35	  0.9833231
21.37	  0.9833231
21.39	  0.9833231
21.41	  0.9833231
21.43	  0.9833231
21.45	  0.9833231
21.47	  0.9833231
21.49	  0.9833231
21.51	  0.9833231
21.53	  0.9833231
21.55	  0.9833231
21.57	  0.9833231
21.59	  0.9833231
21.61	  0.9833231
21.63	  0.9833231
21.65	  0.9833231
21.67	  0.9833231
21.69	  0.9833231
21.71	  0.9833231
21.73	  0.9833231
21.75	  0.9833231
21.77	  0.9833231
21.79	  0.9833231
21.81	  0.9833231
21.83	  0.9833231
21.85	  0.9833231
21.87	  0.9833231
21.89	  0.9833231
21.91	  0.9833231
21.93	  0.9833231
21.95	  0.9833231
21.97	  0.9833231
21.99	  0.9833231
22.01	  0.98717624
22.03	  0.98717624
22.05	  0.98717624
22.07	  0.98717624
22.09	  0.98717624
22.11	  0.98717624
22.13	  0.98717624
22.15	  0.98717624
22.17	  0.98717624
22.19	  0.98717624
22.21	  0.98717624
22.23	  0.98717624
22.25	  0.98717624
22.27	  0.98717624
22.29	  0.98717624
22.31	  0.98717624
22.33	  0.98717624
22.35	  0.98717624
22.37	  0.98717624
22.39	  0.98717624
22.41	  0.98717624
22.43	  0.98717624
22.45	  0.98717624
22.47	  0.98717624
22.49	  0.98717624
22.51	  0.98717624
22.53	  0.98717624
22.55	  0.98717624
22.57	  0.98717624
22.59	  0.98717624
22.61	  0.98717624
22.63	  0.98717624
22.65	  0.98717624
22.67	  0.98717624
22.69	  0.98717624
22.71	  0.98717624
22.73	  0.98717624
22.75	  0.98717624
22.77	  0.98717624
22.79	  0.98717624
22.81	  0.98717624
22.83	  0.98717624
22.85	  0.98717624
22.87	  0.98717624
22.89	  0.98717624
22.91	  0.98717624
22.93	  0.98717624
22.95	  0.98717624
22.97	  0.98717624
22.99	  0.98717624
23.01	  0.9898745
23.03	  0.9898745
23.05	  0.9898745
23.07	  0.9898745
23.09	  0.9898745
23.11	  0.9898745
23.13	  0.9898745
23.15	  0.9898745
23.17	  0.9898745
23.19	  0.9898745
23.21	  0.9898745
23.23	  0.9898745
23.25	  0.9898745
23.27	  0.9898745
23.29	  0.9898745
23.31	  0.9898745
23.33	  0.9898745
23.35	  0.9898745
23.37	  0.9898745
23.39	  0.9898745
23.41	  0.9898745
23.43	  0.9898745
23.45	  0.9898745
23.47	  0.9898745
23.49	  0.9898745
23.51	  0.9898745
23.53	  0.9898745
23.55	  0.9898745
23.57	  0.9898745
23.59	  0.9898745
23.61	  0.9898745
23.63	  0.9898745
23.65	  0.9898745
23.67	  0.9898745
23.69	  0.9898745
23.71	  0.9898745
23.73	  0.9898745
23.75	  0.9898745
23.77	  0.9898745
23.79	  0.9898745
23.81	  0.9898745
23.83	  0.9898745
23.85	  0.9898745
23.87	  0.9898745
23.89	  0.9898745
23.91	  0.9898745
23.93	  0.9898745
23.95	  0.9898745
23.97	  0.9898745
23.99	  0.9898745
24.01	  0.9910393
24.03	  0.9910393
24.05	  0.9910393
24.07	  0.9910393
24.09	  0.9910393
24.11	  0.9910393
24.13	  0.9910393
24.15	  0.9910393
24.17	  0.9910393
24.19	  0.9910393
24.21	  0.9910393
24.23	  0.9910393
24.25	  0.9910393
24.27	  0.9910393
24.29	  0.9910393
24.31	  0.9910393
24.33	  0.9910393
24.35	  0.9910393
24.37	  0.9910393
24.39	  0.9910393
24.41	  0.9910393
24.43	  0.9910393
24.45	  0.9910393
24.47	  0.9910393
24.49	  0.9910393
24.51	  0.9910393
24.53	  0.9910393
24.55	  0.9910393
24.57	  0.9910393
24.59	  0.9910393
24.61	  0.9910393
24.63	  0.9910393
24.65	  0.9910393
24.67	  0.9910393
24.69	  0.9910393
24.71	  0.9910393
24.73	  0.9910393
24.75	  0.9910393
24.77	  0.9910393
24.79	  0.9910393
24.81	  0.9910393
24.83	  0.9910393
24.85	  0.9910393
24.87	  0.9910393
24.89	  0.9910393
24.91	  0.9910393
24.93	  0.9910393
24.95	  0.9910393
24.97	  0.9910393
24.99	  0.9910393
25.01	  0.99155927
25.03	  0.99155927
25.05	  0.99155927
25.07	  0.99155927
25.09	  0.99155927
25.11	  0.99155927
25.13	  0.99155927
25.15	  0.99155927
25.17	  0.99155927
25.19	  0.99155927
25.21	  0.99155927
25.23	  0.99155927
25.25	  0.99155927
25.27	  0.99155927
25.29	  0.99155927
25.31	  0.99155927
25.33	  0.99155927
25.35	  0.99155927
25.37	  0.99155927
25.39	  0.99155927
25.41	  0.99155927
25.43	  0.99155927
25.45	  0.99155927
25.47	  0.99155927
25.49	  0.99155927
25.51	  0.99155927
25.53	  0.99155927
25.55	  0.99155927
25.57	  0.99155927
25.59	  0.99155927
25.61	  0.99155927
25.63	  0.99155927
25.65	  0.99155927
25.67	  0.99155927
25.69	  0.99155927
25.71	  0.99155927
25.73	  0.99155927
25.75	  0.99155927
25.77	  0.99155927
25.79	  0.99155927
25.81	  0.99155927
25.83	  0.99155927
25.85	  0.99155927
25.87	  0.99155927
25.89	  0.99155927
25.91	  0.99155927
25.93	  0.99155927
25.95	  0.99155927
25.97	  0.99155927
25.99	  0.99155927
26.01	  0.9917534
26.03	  0.9917534
26.05	  0.9917534
26.07	  0.9917534
26.09	  0.9917534
26.11	  0.9917534
26.13	  0.9917534
26.15	  0.9917534
26.17	  0.9917534
26.19	  0.9917534
26.21	  0.9917534
26.23	  0.9917534
26.25	  0.9917534
26.27	  0.9917534
26.29	  0.9917534
26.31	  0.9917534
26.33	  0.9917534
26.35	  0.9917534
26.37	  0.9917534
26.39	  0.9917534
26.41	  0.9917534
26.43	  0.9917534
26.45	  0.9917534
26.47	  0.9917534
26.49	  0.9917534
26.51	  0.9917534
26.53	  0.9917534
26.55	  0.9917534
26.57	  0.9917534
26.59	  0.9917534
26.61	  0.9917534
26.63	  0.9917534
26.65	  0.9917534
26.67	  0.9917534
26.69	  0.9917534
26.71	  0.9917534
26.73	  0.9917534
26.75	  0.9917534
26.77	  0.9917534
26.79	  0.9917534
26.81	  0.9917534
26.83	  0.9917534
26.85	  0.9917534
26.87	  0.9917534
26.89	  0.9917534
26.91	  0.9917534
26.93	  0.9917534
26.95	  0.9917534
26.97	  0.9917534
26.99	  0.9917534
27.01	  0.9927852
27.03	  0.9927852
27.05	  0.9927852
27.07	  0.9927852
27.09	  0.9927852
27.11	  0.9927852
27.13	  0.9927852
27.15	  0.9927852
27.17	  0.9927852
27.19	  0.9927852
27.21	  0.9927852
27.23	  0.9927852
27.25	  0.9927852
27.27	  0.9927852
27.29	  0.9927852
27.31	  0.9927852
27.33	  0.9927852
27.35	  0.9927852
27.37	  0.9927852
27.39	  0.9927852
27.41	  0.9927852
27.43	  0.9927852
27.45	  0.9927852
27.47	  0.9927852
27.49	  0.9927852
27.51	  0.9927852
27.53	  0.9927852
27.55	  0.9927852
27.57	  0.9927852
27.59	  0.9927852
27.61	  0.9927852
27.63	  0.9927852
27.65	  0.9927852
27.67	  0.9927852
27.69	  0.9927852
27.71	  0.9927852
27.73	  0.9927852
27.75	  0.9927852
27.77	  0.9927852
27.79	  0.9927852
27.81	  0.9927852
27.83	  0.9927852
27.85	  0.9927852
27.87	  0.9927852
27.89	  0.9927852
27.91	  0.9927852
27.93	  0.9927852
27.95	  0.9927852
27.97	  0.9927852
27.99	  0.9927852
28.01	  0.9927914
28.03	  0.9927914
28.05	  0.9927914
28.07	  0.9927914
28.09	  0.9927914
28.11	  0.9927914
28.13	  0.9927914
28.15	  0.9927914
28.17	  0.9927914
28.19	  0.9927914
28.21	  0.9927914
28.23	  0.9927914
28.25	  0.9927914
28.27	  0.9927914
28.29	  0.9927914
28.31	  0.9927914
28.33	  0.9927914
28.35	  0.9927914
28.37	  0.9927914
28.39	  0.9927914
28.41	  0.9927914
28.43	  0.9927914
28.45	  0.9927914
28.47	  0.9927914
28.49	  0.9927914
28.51	  0.9927914
28.53	  0.9927914
28.55	  0.9927914
28.57	  0.9927914
28.59	  0.9927914
28.61	  0.9927914
28.63	  0.9927914
28.65	  0.9927914
28.67	  0.9927914
28.69	  0.9927914
28.71	  0.9927914
28.73	  0.9927914
28.75	  0.9927914
28.77	  0.9927914
28.79	  0.9927914
28.81	  0.9927914
28.83	  0.9927914
28.85	  0.9927914
28.87	  0.9927914
28.89	  0.9927914
28.91	  0.9927914
28.93	  0.9927914
28.95	  0.9927914
28.97	  0.9927914
28.99	  0.9927914
29.01	  0.993321
29.03	  0.993321
29.05	  0.993321
29.07	  0.993321
29.09	  0.993321
29.11	  0.993321
29.13	  0.993321
29.15	  0.993321
29.17	  0.993321
29.19	  0.993321
29.21	  0.993321
29.23	  0.993321
29.25	  0.993321
29.27	  0.993321
29.29	  0.993321
29.31	  0.993321
29.33	  0.993321
29.35	  0.993321
29.37	  0.993321
29.39	  0.993321
29.41	  0.993321
29.43	  0.993321
29.45	  0.993321
29.47	  0.993321
29.49	  0.993321
29.51	  0.993321
29.53	  0.993321
29.55	  0.993321
29.57	  0.993321
29.59	  0.993321
29.61	  0.993321
29.63	  0.993321
29.65	  0.993321
29.67	  0.993321
29.69	  0.993321
29.71	  0.993321
29.73	  0.993321
29.75	  0.993321
29.77	  0.993321
29.79	  0.993321
29.81	  0.993321
29.83	  0.993321
29.85	  0.993321
29.87	  0.993321
29.89	  0.993321
29.91	  0.993321
29.93	  0.993321
29.95	  0.993321
29.97	  0.993321
29.99	  0.993321
30.01	  0.9938571
30.03	  0.9938571
30.05	  0.9938571
30.07	  0.9938571
30.09	  0.9938571
30.11	  0.9938571
30.13	  0.9938571
30.15	  0.9938571
30.17	  0.9938571
30.19	  0.9938571
30.21	  0.9938571
30.23	  0.9938571
30.25	  0.9938571
30.27	  0.9938571
30.29	  0.9938571
30.31	  0.9938571
30.33	  0.9938571
30.35	  0.9938571
30.37	  0.9938571
30.39	  0.9938571
30.41	  0.9938571
30.43	  0.9938571
30.45	  0.9938571
30.47	  0.9938571
30.49	  0.9938571
30.51	  0.9938571
30.53	  0.9938571
30.55	  0.9938571
30.57	  0.9938571
30.59	  0.9938571
30.61	  0.9938571
30.63	  0.9938571
30.65	  0.9938571
30.67	  0.9938571
30.69	  0.9938571
30.71	  0.9938571
30.73	  0.9938571
30.75	  0.9938571
30.77	  0.9938571
30.79	  0.9938571
30.81	  0.9938571
30.83	  0.9938571
30.85	  0.9938571
30.87	  0.9938571
30.89	  0.9938571
30.91	  0.9938571
30.93	  0.9938571
30.95	  0.9938571
30.97	  0.9938571
30.99	  0.9938571
31.01	  0.99385726
31.03	  0.99385726
31.05	  0.99385726
31.07	  0.99385726
31.09	  0.99385726
31.11	  0.99385726
31.13	  0.99385726
31.15	  0.99385726
31.17	  0.99385726
31.19	  0.99385726
31.21	  0.99385726
31.23	  0.99385726
31.25	  0.99385726
31.27	  0.99385726
31.29	  0.99385726
31.31	  0.99385726
31.33	  0.99385726
31.35	  0.99385726
31.37	  0.99385726
31.39	  0.99385726
31.41	  0.99385726
31.43	  0.99385726
31.45	  0.99385726
31.47	  0.99385726
31.49	  0.99385726
31.51	  0.99385726
31.53	  0.99385726
31.55	  0.99385726
31.57	  0.99385726
31.59	  0.99385726
31.61	  0.99385726
31.63	  0.99385726
31.65	  0.99385726
31.67	  0.99385726
31.69	  0.99385726
31.71	  0.99385726
31.73	  0.99385726
31.75	  0.99385726
31.77	  0.99385726
31.79	  0.99385726
31.81	  0.99385726
31.83	  0.99385726
31.85	  0.99385726
31.87	  0.99385726
31.89	  0.99385726
31.91	  0.99385726
31.93	  0.99385726
31.95	  0.99385726
31.97	  0.99385726
31.99	  0.99385726
32.01	  0.9938989
32.03	  0.9938989
32.05	  0.9938989
32.07	  0.9938989
32.09	  0.9938989
32.11	  0.9938989
32.13	  0.9938989
32.15	  0.9938989
32.17	  0.9938989
32.19	  0.9938989
32.21	  0.9938989
32.23	  0.9938989
32.25	  0.9938989
32.27	  0.9938989
32.29	  0.9938989
32.31	  0.9938989
32.33	  0.9938989
32.35	  0.9938989
32.37	  0.9938989
32.39	  0.9938989
32.41	  0.9938989
32.43	  0.9938989
32.45	  0.9938989
32.47	  0.9938989
32.49	  0.9938989
32.51	  0.9938989
32.53	  0.9938989
32.55	  0.9938989
32.57	  0.9938989
32.59	  0.9938989
32.61	  0.9938989
32.63	  0.9938989
32.65	  0.9938989
32.67	  0.9938989
32.69	  0.9938989
32.71	  0.9938989
32.73	  0.9938989
32.75	  0.9938989
32.77	  0.9938989
32.79	  0.9938989
32.81	  0.9938989
32.83	  0.9938989
32.85	  0.9938989
32.87	  0.9938989
32.89	  0.9938989
32.91	  0.9938989
32.93	  0.9938989
32.95	  0.9938989
32.97	  0.9938989
32.99	  0.9938989
33.01	  0.993906
33.03	  0.993906
33.05	  0.993906
33.07	  0.993906
33.09	  0.993906
33.11	  0.993906
33.13	  0.993906
33.15	  0.993906
33.17	  0.993906
33.19	  0.993906
33.21	  0.993906
33.23	  0.993906
33.25	  0.993906
33.27	  0.993906
33.29	  0.993906
33.31	  0.993906
33.33	  0.993906
33.35	  0.993906
33.37	  0.993906
33.39	  0.993906
33.41	  0.993906
33.43	  0.993906
33.45	  0.993906
33.47	  0.993906
33.49	  0.993906
33.51	  0.993906
33.53	  0.993906
33.55	  0.993906
33.57	  0.993906
33.59	  0.993906
33.61	  0.993906
33.63	  0.993906
33.65	  0.993906
33.67	  0.993906
33.69	  0.993906
33.71	  0.993906
33.73	  0.993906
33.75	  0.993906
33.77	  0.993906
33.79	  0.993906
33.81	  0.993906
33.83	  0.993906
33.85	  0.993906
33.87	  0.993906
33.89	  0.993906
33.91	  0.993906
33.93	  0.993906
33.95	  0.993906
33.97	  0.993906
33.99	  0.993906
34.01	  0.99394363
34.03	  0.99394363
34.05	  0.99394363
34.07	  0.99394363
34.09	  0.99394363
34.11	  0.99394363
34.13	  0.99394363
34.15	  0.99394363
34.17	  0.99394363
34.19	  0.99394363
34.21	  0.99394363
34.23	  0.99394363
34.25	  0.99394363
34.27	  0.99394363
34.29	  0.99394363
34.31	  0.99394363
34.33	  0.99394363
34.35	  0.99394363
34.37	  0.99394363
34.39	  0.99394363
34.41	  0.99394363
34.43	  0.99394363
34.45	  0.99394363
34.47	  0.99394363
34.49	  0.99394363
34.51	  0.99394363
34.53	  0.99394363
34.55	  0.99394363
34.57	  0.99394363
34.59	  0.99394363
34.61	  0.99394363
34.63	  0.99394363
34.65	  0.99394363
34.67	  0.99394363
34.69	  0.99394363
34.71	  0.99394363
34.73	  0.99394363
34.75	  0.99394363
34.77	  0.99394363
34.79	  0.99394363
34.81	  0.99394363
34.83	  0.99394363
34.85	  0.99394363
34.87	  0.99394363
34.89	  0.99394363
34.91	  0.99394363
34.93	  0.99394363
34.95	  0.99394363
34.97	  0.99394363
34.99	  0.99394363
35.01	  1.0
35.03	  1.0
35.05	  1.0
35.07	  1.0
35.09	  1.0
35.11	  1.0
35.13	  1.0
35.15	  1.0
35.17	  1.0
35.19	  1.0
35.21	  1.0
35.23	  1.0
35.25	  1.0
35.27	  1.0
35.29	  1.0
35.31	  1.0
35.33	  1.0
35.35	  1.0
35.37	  1.0
35.39	  1.0
35.41	  1.0
35.43	  1.0
35.45	  1.0
35.47	  1.0
35.49	  1.0



DATASET #3

     Name: Common
   Points: 1750
     Info: 

Data[x,y]:
0.51	  NaN
0.53	  NaN
0.55	  NaN
0.57	  NaN
0.59	  NaN
0.61	  NaN
0.63	  NaN
0.65	  NaN
0.67	  NaN
0.69	  NaN
0.71	  NaN
0.73	  NaN
0.75	  NaN
0.77	  NaN
0.79	  NaN
0.81	  NaN
0.83	  NaN
0.85	  NaN
0.87	  NaN
0.89	  NaN
0.91	  NaN
0.93	  NaN
0.95	  NaN
0.97	  NaN
0.99	  NaN
1.01	  NaN
1.03	  NaN
1.05	  NaN
1.07	  NaN
1.09	  NaN
1.11	  NaN
1.13	  NaN
1.15	  NaN
1.17	  NaN
1.19	  NaN
1.21	  NaN
1.23	  NaN
1.25	  NaN
1.27	  NaN
1.29	  NaN
1.31	  NaN
1.33	  NaN
1.35	  NaN
1.37	  NaN
1.39	  NaN
1.41	  NaN
1.43	  NaN
1.45	  NaN
1.47	  NaN
1.49	  NaN
1.51	  NaN
1.53	  NaN
1.55	  NaN
1.57	  NaN
1.59	  NaN
1.61	  NaN
1.63	  NaN
1.65	  NaN
1.67	  NaN
1.69	  NaN
1.71	  NaN
1.73	  NaN
1.75	  NaN
1.77	  NaN
1.79	  NaN
1.81	  NaN
1.83	  NaN
1.85	  NaN
1.87	  NaN
1.89	  NaN
1.91	  NaN
1.93	  NaN
1.95	  NaN
1.97	  NaN
1.99	  NaN
2.01	  NaN
2.03	  NaN
2.05	  NaN
2.07	  NaN
2.09	  NaN
2.11	  NaN
2.13	  NaN
2.15	  NaN
2.17	  NaN
2.19	  NaN
2.21	  NaN
2.23	  NaN
2.25	  NaN
2.27	  NaN
2.29	  NaN
2.31	  NaN
2.33	  NaN
2.35	  NaN
2.37	  NaN
2.39	  NaN
2.41	  NaN
2.43	  NaN
2.45	  NaN
2.47	  NaN
2.49	  NaN
2.51	  NaN
2.53	  NaN
2.55	  NaN
2.57	  NaN
2.59	  NaN
2.61	  NaN
2.63	  NaN
2.65	  NaN
2.67	  NaN
2.69	  NaN
2.71	  NaN
2.73	  NaN
2.75	  NaN
2.77	  NaN
2.79	  NaN
2.81	  NaN
2.83	  NaN
2.85	  NaN
2.87	  NaN
2.89	  NaN
2.91	  NaN
2.93	  NaN
2.95	  NaN
2.97	  NaN
2.99	  NaN
3.01	  NaN
3.03	  NaN
3.05	  NaN
3.07	  NaN
3.09	  NaN
3.11	  NaN
3.13	  NaN
3.15	  NaN
3.17	  NaN
3.19	  NaN
3.21	  NaN
3.23	  NaN
3.25	  NaN
3.27	  NaN
3.29	  NaN
3.31	  NaN
3.33	  NaN
3.35	  NaN
3.37	  NaN
3.39	  NaN
3.41	  NaN
3.43	  NaN
3.45	  NaN
3.47	  NaN
3.49	  NaN
3.51	  NaN
3.53	  NaN
3.55	  NaN
3.57	  NaN
3.59	  NaN
3.61	  NaN
3.63	  NaN
3.65	  NaN
3.67	  NaN
3.69	  NaN
3.71	  NaN
3.73	  NaN
3.75	  NaN
3.77	  NaN
3.79	  NaN
3.81	  NaN
3.83	  NaN
3.85	  NaN
3.87	  NaN
3.89	  NaN
3.91	  NaN
3.93	  NaN
3.95	  NaN
3.97	  NaN
3.99	  NaN
4.01	  NaN
4.03	  NaN
4.05	  NaN
4.07	  NaN
4.09	  NaN
4.11	  NaN
4.13	  NaN
4.15	  NaN
4.17	  NaN
4.19	  NaN
4.21	  NaN
4.23	  NaN
4.25	  NaN
4.27	  NaN
4.29	  NaN
4.31	  NaN
4.33	  NaN
4.35	  NaN
4.37	  NaN
4.39	  NaN
4.41	  NaN
4.43	  NaN
4.45	  NaN
4.47	  NaN
4.49	  NaN
4.51	  NaN
4.53	  NaN
4.55	  NaN
4.57	  NaN
4.59	  NaN
4.61	  NaN
4.63	  NaN
4.65	  NaN
4.67	  NaN
4.69	  NaN
4.71	  NaN
4.73	  NaN
4.75	  NaN
4.77	  NaN
4.79	  NaN
4.81	  NaN
4.83	  NaN
4.85	  NaN
4.87	  NaN
4.89	  NaN
4.91	  NaN
4.93	  NaN
4.95	  NaN
4.97	  NaN
4.99	  NaN
5.01	  NaN
5.03	  NaN
5.05	  NaN
5.07	  NaN
5.09	  NaN
5.11	  NaN
5.13	  NaN
5.15	  NaN
5.17	  NaN
5.19	  NaN
5.21	  NaN
5.23	  NaN
5.25	  NaN
5.27	  NaN
5.29	  NaN
5.31	  NaN
5.33	  NaN
5.35	  NaN
5.37	  NaN
5.39	  NaN
5.41	  NaN
5.43	  NaN
5.45	  NaN
5.47	  NaN
5.49	  NaN
5.51	  NaN
5.53	  NaN
5.55	  NaN
5.57	  NaN
5.59	  NaN
5.61	  NaN
5.63	  NaN
5.65	  NaN
5.67	  NaN
5.69	  NaN
5.71	  NaN
5.73	  NaN
5.75	  NaN
5.77	  NaN
5.79	  NaN
5.81	  NaN
5.83	  NaN
5.85	  NaN
5.87	  NaN
5.89	  NaN
5.91	  NaN
5.93	  NaN
5.95	  NaN
5.97	  NaN
5.99	  NaN
6.01	  NaN
6.03	  NaN
6.05	  NaN
6.07	  NaN
6.09	  NaN
6.11	  NaN
6.13	  NaN
6.15	  NaN
6.17	  NaN
6.19	  NaN
6.21	  NaN
6.23	  NaN
6.25	  NaN
6.27	  NaN
6.29	  NaN
6.31	  NaN
6.33	  NaN
6.35	  NaN
6.37	  NaN
6.39	  NaN
6.41	  NaN
6.43	  NaN
6.45	  NaN
6.47	  NaN
6.49	  NaN
6.51	  NaN
6.53	  NaN
6.55	  NaN
6.57	  NaN
6.59	  NaN
6.61	  NaN
6.63	  NaN
6.65	  NaN
6.67	  NaN
6.69	  NaN
6.71	  NaN
6.73	  NaN
6.75	  NaN
6.77	  NaN
6.79	  NaN
6.81	  NaN
6.83	  NaN
6.85	  NaN
6.87	  NaN
6.89	  NaN
6.91	  NaN
6.93	  NaN
6.95	  NaN
6.97	  NaN
6.99	  NaN
7.01	  NaN
7.03	  NaN
7.05	  NaN
7.07	  NaN
7.09	  NaN
7.11	  NaN
7.13	  NaN
7.15	  NaN
7.17	  NaN
7.19	  NaN
7.21	  NaN
7.23	  NaN
7.25	  NaN
7.27	  NaN
7.29	  NaN
7.31	  NaN
7.33	  NaN
7.35	  NaN
7.37	  NaN
7.39	  NaN
7.41	  NaN
7.43	  NaN
7.45	  NaN
7.47	  NaN
7.49	  NaN
7.51	  NaN
7.53	  NaN
7.55	  NaN
7.57	  NaN
7.59	  NaN
7.61	  NaN
7.63	  NaN
7.65	  NaN
7.67	  NaN
7.69	  NaN
7.71	  NaN
7.73	  NaN
7.75	  NaN
7.77	  NaN
7.79	  NaN
7.81	  NaN
7.83	  NaN
7.85	  NaN
7.87	  NaN
7.89	  NaN
7.91	  NaN
7.93	  NaN
7.95	  NaN
7.97	  NaN
7.99	  NaN
8.01	  NaN
8.03	  NaN
8.05	  NaN
8.07	  NaN
8.09	  NaN
8.11	  NaN
8.13	  NaN
8.15	  NaN
8.17	  NaN
8.19	  NaN
8.21	  NaN
8.23	  NaN
8.25	  NaN
8.27	  NaN
8.29	  NaN
8.31	  NaN
8.33	  NaN
8.35	  NaN
8.37	  NaN
8.39	  NaN
8.41	  NaN
8.43	  NaN
8.45	  NaN
8.47	  NaN
8.49	  NaN
8.51	  NaN
8.53	  NaN
8.55	  NaN
8.57	  NaN
8.59	  NaN
8.61	  NaN
8.63	  NaN
8.65	  NaN
8.67	  NaN
8.69	  NaN
8.71	  NaN
8.73	  NaN
8.75	  NaN
8.77	  NaN
8.79	  NaN
8.81	  NaN
8.83	  NaN
8.85	  NaN
8.87	  NaN
8.89	  NaN
8.91	  NaN
8.93	  NaN
8.95	  NaN
8.97	  NaN
8.99	  NaN
9.01	  NaN
9.03	  NaN
9.05	  NaN
9.07	  NaN
9.09	  NaN
9.11	  NaN
9.13	  NaN
9.15	  NaN
9.17	  NaN
9.19	  NaN
9.21	  NaN
9.23	  NaN
9.25	  NaN
9.27	  NaN
9.29	  NaN
9.31	  NaN
9.33	  NaN
9.35	  NaN
9.37	  NaN
9.39	  NaN
9.41	  NaN
9.43	  NaN
9.45	  NaN
9.47	  NaN
9.49	  NaN
9.51	  NaN
9.53	  NaN
9.55	  NaN
9.57	  NaN
9.59	  NaN
9.61	  NaN
9.63	  NaN
9.65	  NaN
9.67	  NaN
9.69	  NaN
9.71	  NaN
9.73	  NaN
9.75	  NaN
9.77	  NaN
9.79	  NaN
9.81	  NaN
9.83	  NaN
9.85	  NaN
9.87	  NaN
9.89	  NaN
9.91	  NaN
9.93	  NaN
9.95	  NaN
9.97	  NaN
9.99	  NaN
10.01	  NaN
10.03	  NaN
10.05	  NaN
10.07	  NaN
10.09	  NaN
10.11	  NaN
10.13	  NaN
10.15	  NaN
10.17	  NaN
10.19	  NaN
10.21	  NaN
10.23	  NaN
10.25	  NaN
10.27	  NaN
10.29	  NaN
10.31	  NaN
10.33	  NaN
10.35	  NaN
10.37	  NaN
10.39	  NaN
10.41	  NaN
10.43	  NaN
10.45	  NaN
10.47	  NaN
10.49	  NaN
10.51	  NaN
10.53	  NaN
10.55	  NaN
10.57	  NaN
10.59	  NaN
10.61	  NaN
10.63	  NaN
10.65	  NaN
10.67	  NaN
10.69	  NaN
10.71	  NaN
10.73	  NaN
10.75	  NaN
10.77	  NaN
10.79	  NaN
10.81	  NaN
10.83	  NaN
10.85	  NaN
10.87	  NaN
10.89	  NaN
10.91	  NaN
10.93	  NaN
10.95	  NaN
10.97	  NaN
10.99	  NaN
11.01	  NaN
11.03	  NaN
11.05	  NaN
11.07	  NaN
11.09	  NaN
11.11	  NaN
11.13	  NaN
11.15	  NaN
11.17	  NaN
11.19	  NaN
11.21	  NaN
11.23	  NaN
11.25	  NaN
11.27	  NaN
11.29	  NaN
11.31	  NaN
11.33	  NaN
11.35	  NaN
11.37	  NaN
11.39	  NaN
11.41	  NaN
11.43	  NaN
11.45	  NaN
11.47	  NaN
11.49	  NaN
11.51	  NaN
11.53	  NaN
11.55	  NaN
11.57	  NaN
11.59	  NaN
11.61	  NaN
11.63	  NaN
11.65	  NaN
11.67	  NaN
11.69	  NaN
11.71	  NaN
11.73	  NaN
11.75	  NaN
11.77	  NaN
11.79	  NaN
11.81	  NaN
11.83	  NaN
11.85	  NaN
11.87	  NaN
11.89	  NaN
11.91	  NaN
11.93	  NaN
11.95	  NaN
11.97	  NaN
11.99	  NaN
12.01	  NaN
12.03	  NaN
12.05	  NaN
12.07	  NaN
12.09	  NaN
12.11	  NaN
12.13	  NaN
12.15	  NaN
12.17	  NaN
12.19	  NaN
12.21	  NaN
12.23	  NaN
12.25	  NaN
12.27	  NaN
12.29	  NaN
12.31	  NaN
12.33	  NaN
12.35	  NaN
12.37	  NaN
12.39	  NaN
12.41	  NaN
12.43	  NaN
12.45	  NaN
12.47	  NaN
12.49	  NaN
12.51	  NaN
12.53	  NaN
12.55	  NaN
12.57	  NaN
12.59	  NaN
12.61	  NaN
12.63	  NaN
12.65	  NaN
12.67	  NaN
12.69	  NaN
12.71	  NaN
12.73	  NaN
12.75	  NaN
12.77	  NaN
12.79	  NaN
12.81	  NaN
12.83	  NaN
12.85	  NaN
12.87	  NaN
12.89	  NaN
12.91	  NaN
12.93	  NaN
12.95	  NaN
12.97	  NaN
12.99	  NaN
13.01	  NaN
13.03	  NaN
13.05	  NaN
13.07	  NaN
13.09	  NaN
13.11	  NaN
13.13	  NaN
13.15	  NaN
13.17	  NaN
13.19	  NaN
13.21	  NaN
13.23	  NaN
13.25	  NaN
13.27	  NaN
13.29	  NaN
13.31	  NaN
13.33	  NaN
13.35	  NaN
13.37	  NaN
13.39	  NaN
13.41	  NaN
13.43	  NaN
13.45	  NaN
13.47	  NaN
13.49	  NaN
13.51	  NaN
13.53	  NaN
13.55	  NaN
13.57	  NaN
13.59	  NaN
13.61	  NaN
13.63	  NaN
13.65	  NaN
13.67	  NaN
13.69	  NaN
13.71	  NaN
13.73	  NaN
13.75	  NaN
13.77	  NaN
13.79	  NaN
13.81	  NaN
13.83	  NaN
13.85	  NaN
13.87	  NaN
13.89	  NaN
13.91	  NaN
13.93	  NaN
13.95	  NaN
13.97	  NaN
13.99	  NaN
14.01	  NaN
14.03	  NaN
14.05	  NaN
14.07	  NaN
14.09	  NaN
14.11	  NaN
14.13	  NaN
14.15	  NaN
14.17	  NaN
14.19	  NaN
14.21	  NaN
14.23	  NaN
14.25	  NaN
14.27	  NaN
14.29	  NaN
14.31	  NaN
14.33	  NaN
14.35	  NaN
14.37	  NaN
14.39	  NaN
14.41	  NaN
14.43	  NaN
14.45	  NaN
14.47	  NaN
14.49	  NaN
14.51	  NaN
14.53	  NaN
14.55	  NaN
14.57	  NaN
14.59	  NaN
14.61	  NaN
14.63	  NaN
14.65	  NaN
14.67	  NaN
14.69	  NaN
14.71	  NaN
14.73	  NaN
14.75	  NaN
14.77	  NaN
14.79	  NaN
14.81	  NaN
14.83	  NaN
14.85	  NaN
14.87	  NaN
14.89	  NaN
14.91	  NaN
14.93	  NaN
14.95	  NaN
14.97	  NaN
14.99	  NaN
15.01	  NaN
15.03	  NaN
15.05	  NaN
15.07	  NaN
15.09	  NaN
15.11	  NaN
15.13	  NaN
15.15	  NaN
15.17	  NaN
15.19	  NaN
15.21	  NaN
15.23	  NaN
15.25	  NaN
15.27	  NaN
15.29	  NaN
15.31	  NaN
15.33	  NaN
15.35	  NaN
15.37	  NaN
15.39	  NaN
15.41	  NaN
15.43	  NaN
15.45	  NaN
15.47	  NaN
15.49	  NaN
15.51	  NaN
15.53	  NaN
15.55	  NaN
15.57	  NaN
15.59	  NaN
15.61	  NaN
15.63	  NaN
15.65	  NaN
15.67	  NaN
15.69	  NaN
15.71	  NaN
15.73	  NaN
15.75	  NaN
15.77	  NaN
15.79	  NaN
15.81	  NaN
15.83	  NaN
15.85	  NaN
15.87	  NaN
15.89	  NaN
15.91	  NaN
15.93	  NaN
15.95	  NaN
15.97	  NaN
15.99	  NaN
16.01	  NaN
16.03	  NaN
16.05	  NaN
16.07	  NaN
16.09	  NaN
16.11	  NaN
16.13	  NaN
16.15	  NaN
16.17	  NaN
16.19	  NaN
16.21	  NaN
16.23	  NaN
16.25	  NaN
16.27	  NaN
16.29	  NaN
16.31	  NaN
16.33	  NaN
16.35	  NaN
16.37	  NaN
16.39	  NaN
16.41	  NaN
16.43	  NaN
16.45	  NaN
16.47	  NaN
16.49	  NaN
16.51	  NaN
16.53	  NaN
16.55	  NaN
16.57	  NaN
16.59	  NaN
16.61	  NaN
16.63	  NaN
16.65	  NaN
16.67	  NaN
16.69	  NaN
16.71	  NaN
16.73	  NaN
16.75	  NaN
16.77	  NaN
16.79	  NaN
16.81	  NaN
16.83	  NaN
16.85	  NaN
16.87	  NaN
16.89	  NaN
16.91	  NaN
16.93	  NaN
16.95	  NaN
16.97	  NaN
16.99	  NaN
17.01	  NaN
17.03	  NaN
17.05	  NaN
17.07	  NaN
17.09	  NaN
17.11	  NaN
17.13	  NaN
17.15	  NaN
17.17	  NaN
17.19	  NaN
17.21	  NaN
17.23	  NaN
17.25	  NaN
17.27	  NaN
17.29	  NaN
17.31	  NaN
17.33	  NaN
17.35	  NaN
17.37	  NaN
17.39	  NaN
17.41	  NaN
17.43	  NaN
17.45	  NaN
17.47	  NaN
17.49	  NaN
17.51	  NaN
17.53	  NaN
17.55	  NaN
17.57	  NaN
17.59	  NaN
17.61	  NaN
17.63	  NaN
17.65	  NaN
17.67	  NaN
17.69	  NaN
17.71	  NaN
17.73	  NaN
17.75	  NaN
17.77	  NaN
17.79	  NaN
17.81	  NaN
17.83	  NaN
17.85	  NaN
17.87	  NaN
17.89	  NaN
17.91	  NaN
17.93	  NaN
17.95	  NaN
17.97	  NaN
17.99	  NaN
18.01	  NaN
18.03	  NaN
18.05	  NaN
18.07	  NaN
18.09	  NaN
18.11	  NaN
18.13	  NaN
18.15	  NaN
18.17	  NaN
18.19	  NaN
18.21	  NaN
18.23	  NaN
18.25	  NaN
18.27	  NaN
18.29	  NaN
18.31	  NaN
18.33	  NaN
18.35	  NaN
18.37	  NaN
18.39	  NaN
18.41	  NaN
18.43	  NaN
18.45	  NaN
18.47	  NaN
18.49	  NaN
18.51	  NaN
18.53	  NaN
18.55	  NaN
18.57	  NaN
18.59	  NaN
18.61	  NaN
18.63	  NaN
18.65	  NaN
18.67	  NaN
18.69	  NaN
18.71	  NaN
18.73	  NaN
18.75	  NaN
18.77	  NaN
18.79	  NaN
18.81	  NaN
18.83	  NaN
18.85	  NaN
18.87	  NaN
18.89	  NaN
18.91	  NaN
18.93	  NaN
18.95	  NaN
18.97	  NaN
18.99	  NaN
19.01	  NaN
19.03	  NaN
19.05	  NaN
19.07	  NaN
19.09	  NaN
19.11	  NaN
19.13	  NaN
19.15	  NaN
19.17	  NaN
19.19	  NaN
19.21	  NaN
19.23	  NaN
19.25	  NaN
19.27	  NaN
19.29	  NaN
19.31	  NaN
19.33	  NaN
19.35	  NaN
19.37	  NaN
19.39	  NaN
19.41	  NaN
19.43	  NaN
19.45	  NaN
19.47	  NaN
19.49	  NaN
19.51	  NaN
19.53	  NaN
19.55	  NaN
19.57	  NaN
19.59	  NaN
19.61	  NaN
19.63	  NaN
19.65	  NaN
19.67	  NaN
19.69	  NaN
19.71	  NaN
19.73	  NaN
19.75	  NaN
19.77	  NaN
19.79	  NaN
19.81	  NaN
19.83	  NaN
19.85	  NaN
19.87	  NaN
19.89	  NaN
19.91	  NaN
19.93	  NaN
19.95	  NaN
19.97	  NaN
19.99	  NaN
20.01	  NaN
20.03	  NaN
20.05	  NaN
20.07	  NaN
20.09	  NaN
20.11	  NaN
20.13	  NaN
20.15	  NaN
20.17	  NaN
20.19	  NaN
20.21	  NaN
20.23	  NaN
20.25	  NaN
20.27	  NaN
20.29	  NaN
20.31	  NaN
20.33	  NaN
20.35	  NaN
20.37	  NaN
20.39	  NaN
20.41	  NaN
20.43	  NaN
20.45	  NaN
20.47	  NaN
20.49	  NaN
20.51	  NaN
20.53	  NaN
20.55	  NaN
20.57	  NaN
20.59	  NaN
20.61	  NaN
20.63	  NaN
20.65	  NaN
20.67	  NaN
20.69	  NaN
20.71	  NaN
20.73	  NaN
20.75	  NaN
20.77	  NaN
20.79	  NaN
20.81	  NaN
20.83	  NaN
20.85	  NaN
20.87	  NaN
20.89	  NaN
20.91	  NaN
20.93	  NaN
20.95	  NaN
20.97	  NaN
20.99	  NaN
21.01	  NaN
21.03	  NaN
21.05	  NaN
21.07	  NaN
21.09	  NaN
21.11	  NaN
21.13	  NaN
21.15	  NaN
21.17	  NaN
21.19	  NaN
21.21	  NaN
21.23	  NaN
21.25	  NaN
21.27	  NaN
21.29	  NaN
21.31	  NaN
21.33	  NaN
21.35	  NaN
21.37	  NaN
21.39	  NaN
21.41	  NaN
21.43	  NaN
21.45	  NaN
21.47	  NaN
21.49	  NaN
21.51	  NaN
21.53	  NaN
21.55	  NaN
21.57	  NaN
21.59	  NaN
21.61	  NaN
21.63	  NaN
21.65	  NaN
21.67	  NaN
21.69	  NaN
21.71	  NaN
21.73	  NaN
21.75	  NaN
21.77	  NaN
21.79	  NaN
21.81	  NaN
21.83	  NaN
21.85	  NaN
21.87	  NaN
21.89	  NaN
21.91	  NaN
21.93	  NaN
21.95	  NaN
21.97	  NaN
21.99	  NaN
22.01	  NaN
22.03	  NaN
22.05	  NaN
22.07	  NaN
22.09	  NaN
22.11	  NaN
22.13	  NaN
22.15	  NaN
22.17	  NaN
22.19	  NaN
22.21	  NaN
22.23	  NaN
22.25	  NaN
22.27	  NaN
22.29	  NaN
22.31	  NaN
22.33	  NaN
22.35	  NaN
22.37	  NaN
22.39	  NaN
22.41	  NaN
22.43	  NaN
22.45	  NaN
22.47	  NaN
22.49	  NaN
22.51	  NaN
22.53	  NaN
22.55	  NaN
22.57	  NaN
22.59	  NaN
22.61	  NaN
22.63	  NaN
22.65	  NaN
22.67	  NaN
22.69	  NaN
22.71	  NaN
22.73	  NaN
22.75	  NaN
22.77	  NaN
22.79	  NaN
22.81	  NaN
22.83	  NaN
22.85	  NaN
22.87	  NaN
22.89	  NaN
22.91	  NaN
22.93	  NaN
22.95	  NaN
22.97	  NaN
22.99	  NaN
23.01	  NaN
23.03	  NaN
23.05	  NaN
23.07	  NaN
23.09	  NaN
23.11	  NaN
23.13	  NaN
23.15	  NaN
23.17	  NaN
23.19	  NaN
23.21	  NaN
23.23	  NaN
23.25	  NaN
23.27	  NaN
23.29	  NaN
23.31	  NaN
23.33	  NaN
23.35	  NaN
23.37	  NaN
23.39	  NaN
23.41	  NaN
23.43	  NaN
23.45	  NaN
23.47	  NaN
23.49	  NaN
23.51	  NaN
23.53	  NaN
23.55	  NaN
23.57	  NaN
23.59	  NaN
23.61	  NaN
23.63	  NaN
23.65	  NaN
23.67	  NaN
23.69	  NaN
23.71	  NaN
23.73	  NaN
23.75	  NaN
23.77	  NaN
23.79	  NaN
23.81	  NaN
23.83	  NaN
23.85	  NaN
23.87	  NaN
23.89	  NaN
23.91	  NaN
23.93	  NaN
23.95	  NaN
23.97	  NaN
23.99	  NaN
24.01	  NaN
24.03	  NaN
24.05	  NaN
24.07	  NaN
24.09	  NaN
24.11	  NaN
24.13	  NaN
24.15	  NaN
24.17	  NaN
24.19	  NaN
24.21	  NaN
24.23	  NaN
24.25	  NaN
24.27	  NaN
24.29	  NaN
24.31	  NaN
24.33	  NaN
24.35	  NaN
24.37	  NaN
24.39	  NaN
24.41	  NaN
24.43	  NaN
24.45	  NaN
24.47	  NaN
24.49	  NaN
24.51	  NaN
24.53	  NaN
24.55	  NaN
24.57	  NaN
24.59	  NaN
24.61	  NaN
24.63	  NaN
24.65	  NaN
24.67	  NaN
24.69	  NaN
24.71	  NaN
24.73	  NaN
24.75	  NaN
24.77	  NaN
24.79	  NaN
24.81	  NaN
24.83	  NaN
24.85	  NaN
24.87	  NaN
24.89	  NaN
24.91	  NaN
24.93	  NaN
24.95	  NaN
24.97	  NaN
24.99	  NaN
25.01	  NaN
25.03	  NaN
25.05	  NaN
25.07	  NaN
25.09	  NaN
25.11	  NaN
25.13	  NaN
25.15	  NaN
25.17	  NaN
25.19	  NaN
25.21	  NaN
25.23	  NaN
25.25	  NaN
25.27	  NaN
25.29	  NaN
25.31	  NaN
25.33	  NaN
25.35	  NaN
25.37	  NaN
25.39	  NaN
25.41	  NaN
25.43	  NaN
25.45	  NaN
25.47	  NaN
25.49	  NaN
25.51	  NaN
25.53	  NaN
25.55	  NaN
25.57	  NaN
25.59	  NaN
25.61	  NaN
25.63	  NaN
25.65	  NaN
25.67	  NaN
25.69	  NaN
25.71	  NaN
25.73	  NaN
25.75	  NaN
25.77	  NaN
25.79	  NaN
25.81	  NaN
25.83	  NaN
25.85	  NaN
25.87	  NaN
25.89	  NaN
25.91	  NaN
25.93	  NaN
25.95	  NaN
25.97	  NaN
25.99	  NaN
26.01	  NaN
26.03	  NaN
26.05	  NaN
26.07	  NaN
26.09	  NaN
26.11	  NaN
26.13	  NaN
26.15	  NaN
26.17	  NaN
26.19	  NaN
26.21	  NaN
26.23	  NaN
26.25	  NaN
26.27	  NaN
26.29	  NaN
26.31	  NaN
26.33	  NaN
26.35	  NaN
26.37	  NaN
26.39	  NaN
26.41	  NaN
26.43	  NaN
26.45	  NaN
26.47	  NaN
26.49	  NaN
26.51	  NaN
26.53	  NaN
26.55	  NaN
26.57	  NaN
26.59	  NaN
26.61	  NaN
26.63	  NaN
26.65	  NaN
26.67	  NaN
26.69	  NaN
26.71	  NaN
26.73	  NaN
26.75	  NaN
26.77	  NaN
26.79	  NaN
26.81	  NaN
26.83	  NaN
26.85	  NaN
26.87	  NaN
26.89	  NaN
26.91	  NaN
26.93	  NaN
26.95	  NaN
26.97	  NaN
26.99	  NaN
27.01	  NaN
27.03	  NaN
27.05	  NaN
27.07	  NaN
27.09	  NaN
27.11	  NaN
27.13	  NaN
27.15	  NaN
27.17	  NaN
27.19	  NaN
27.21	  NaN
27.23	  NaN
27.25	  NaN
27.27	  NaN
27.29	  NaN
27.31	  NaN
27.33	  NaN
27.35	  NaN
27.37	  NaN
27.39	  NaN
27.41	  NaN
27.43	  NaN
27.45	  NaN
27.47	  NaN
27.49	  NaN
27.51	  NaN
27.53	  NaN
27.55	  NaN
27.57	  NaN
27.59	  NaN
27.61	  NaN
27.63	  NaN
27.65	  NaN
27.67	  NaN
27.69	  NaN
27.71	  NaN
27.73	  NaN
27.75	  NaN
27.77	  NaN
27.79	  NaN
27.81	  NaN
27.83	  NaN
27.85	  NaN
27.87	  NaN
27.89	  NaN
27.91	  NaN
27.93	  NaN
27.95	  NaN
27.97	  NaN
27.99	  NaN
28.01	  NaN
28.03	  NaN
28.05	  NaN
28.07	  NaN
28.09	  NaN
28.11	  NaN
28.13	  NaN
28.15	  NaN
28.17	  NaN
28.19	  NaN
28.21	  NaN
28.23	  NaN
28.25	  NaN
28.27	  NaN
28.29	  NaN
28.31	  NaN
28.33	  NaN
28.35	  NaN
28.37	  NaN
28.39	  NaN
28.41	  NaN
28.43	  NaN
28.45	  NaN
28.47	  NaN
28.49	  NaN
28.51	  NaN
28.53	  NaN
28.55	  NaN
28.57	  NaN
28.59	  NaN
28.61	  NaN
28.63	  NaN
28.65	  NaN
28.67	  NaN
28.69	  NaN
28.71	  NaN
28.73	  NaN
28.75	  NaN
28.77	  NaN
28.79	  NaN
28.81	  NaN
28.83	  NaN
28.85	  NaN
28.87	  NaN
28.89	  NaN
28.91	  NaN
28.93	  NaN
28.95	  NaN
28.97	  NaN
28.99	  NaN
29.01	  NaN
29.03	  NaN
29.05	  NaN
29.07	  NaN
29.09	  NaN
29.11	  NaN
29.13	  NaN
29.15	  NaN
29.17	  NaN
29.19	  NaN
29.21	  NaN
29.23	  NaN
29.25	  NaN
29.27	  NaN
29.29	  NaN
29.31	  NaN
29.33	  NaN
29.35	  NaN
29.37	  NaN
29.39	  NaN
29.41	  NaN
29.43	  NaN
29.45	  NaN
29.47	  NaN
29.49	  NaN
29.51	  NaN
29.53	  NaN
29.55	  NaN
29.57	  NaN
29.59	  NaN
29.61	  NaN
29.63	  NaN
29.65	  NaN
29.67	  NaN
29.69	  NaN
29.71	  NaN
29.73	  NaN
29.75	  NaN
29.77	  NaN
29.79	  NaN
29.81	  NaN
29.83	  NaN
29.85	  NaN
29.87	  NaN
29.89	  NaN
29.91	  NaN
29.93	  NaN
29.95	  NaN
29.97	  NaN
29.99	  NaN
30.01	  NaN
30.03	  NaN
30.05	  NaN
30.07	  NaN
30.09	  NaN
30.11	  NaN
30.13	  NaN
30.15	  NaN
30.17	  NaN
30.19	  NaN
30.21	  NaN
30.23	  NaN
30.25	  NaN
30.27	  NaN
30.29	  NaN
30.31	  NaN
30.33	  NaN
30.35	  NaN
30.37	  NaN
30.39	  NaN
30.41	  NaN
30.43	  NaN
30.45	  NaN
30.47	  NaN
30.49	  NaN
30.51	  NaN
30.53	  NaN
30.55	  NaN
30.57	  NaN
30.59	  NaN
30.61	  NaN
30.63	  NaN
30.65	  NaN
30.67	  NaN
30.69	  NaN
30.71	  NaN
30.73	  NaN
30.75	  NaN
30.77	  NaN
30.79	  NaN
30.81	  NaN
30.83	  NaN
30.85	  NaN
30.87	  NaN
30.89	  NaN
30.91	  NaN
30.93	  NaN
30.95	  NaN
30.97	  NaN
30.99	  NaN
31.01	  NaN
31.03	  NaN
31.05	  NaN
31.07	  NaN
31.09	  NaN
31.11	  NaN
31.13	  NaN
31.15	  NaN
31.17	  NaN
31.19	  NaN
31.21	  NaN
31.23	  NaN
31.25	  NaN
31.27	  NaN
31.29	  NaN
31.31	  NaN
31.33	  NaN
31.35	  NaN
31.37	  NaN
31.39	  NaN
31.41	  NaN
31.43	  NaN
31.45	  NaN
31.47	  NaN
31.49	  NaN
31.51	  NaN
31.53	  NaN
31.55	  NaN
31.57	  NaN
31.59	  NaN
31.61	  NaN
31.63	  NaN
31.65	  NaN
31.67	  NaN
31.69	  NaN
31.71	  NaN
31.73	  NaN
31.75	  NaN
31.77	  NaN
31.79	  NaN
31.81	  NaN
31.83	  NaN
31.85	  NaN
31.87	  NaN
31.89	  NaN
31.91	  NaN
31.93	  NaN
31.95	  NaN
31.97	  NaN
31.99	  NaN
32.01	  NaN
32.03	  NaN
32.05	  NaN
32.07	  NaN
32.09	  NaN
32.11	  NaN
32.13	  NaN
32.15	  NaN
32.17	  NaN
32.19	  NaN
32.21	  NaN
32.23	  NaN
32.25	  NaN
32.27	  NaN
32.29	  NaN
32.31	  NaN
32.33	  NaN
32.35	  NaN
32.37	  NaN
32.39	  NaN
32.41	  NaN
32.43	  NaN
32.45	  NaN
32.47	  NaN
32.49	  NaN
32.51	  NaN
32.53	  NaN
32.55	  NaN
32.57	  NaN
32.59	  NaN
32.61	  NaN
32.63	  NaN
32.65	  NaN
32.67	  NaN
32.69	  NaN
32.71	  NaN
32.73	  NaN
32.75	  NaN
32.77	  NaN
32.79	  NaN
32.81	  NaN
32.83	  NaN
32.85	  NaN
32.87	  NaN
32.89	  NaN
32.91	  NaN
32.93	  NaN
32.95	  NaN
32.97	  NaN
32.99	  NaN
33.01	  NaN
33.03	  NaN
33.05	  NaN
33.07	  NaN
33.09	  NaN
33.11	  NaN
33.13	  NaN
33.15	  NaN
33.17	  NaN
33.19	  NaN
33.21	  NaN
33.23	  NaN
33.25	  NaN
33.27	  NaN
33.29	  NaN
33.31	  NaN
33.33	  NaN
33.35	  NaN
33.37	  NaN
33.39	  NaN
33.41	  NaN
33.43	  NaN
33.45	  NaN
33.47	  NaN
33.49	  NaN
33.51	  NaN
33.53	  NaN
33.55	  NaN
33.57	  NaN
33.59	  NaN
33.61	  NaN
33.63	  NaN
33.65	  NaN
33.67	  NaN
33.69	  NaN
33.71	  NaN
33.73	  NaN
33.75	  NaN
33.77	  NaN
33.79	  NaN
33.81	  NaN
33.83	  NaN
33.85	  NaN
33.87	  NaN
33.89	  NaN
33.91	  NaN
33.93	  NaN
33.95	  NaN
33.97	  NaN
33.99	  NaN
34.01	  NaN
34.03	  NaN
34.05	  NaN
34.07	  NaN
34.09	  NaN
34.11	  NaN
34.13	  NaN
34.15	  NaN
34.17	  NaN
34.19	  NaN
34.21	  NaN
34.23	  NaN
34.25	  NaN
34.27	  NaN
34.29	  NaN
34.31	  NaN
34.33	  NaN
34.35	  NaN
34.37	  NaN
34.39	  NaN
34.41	  NaN
34.43	  NaN
34.45	  NaN
34.47	  NaN
34.49	  NaN
34.51	  NaN
34.53	  NaN
34.55	  NaN
34.57	  NaN
34.59	  NaN
34.61	  NaN
34.63	  NaN
34.65	  NaN
34.67	  NaN
34.69	  NaN
34.71	  NaN
34.73	  NaN
34.75	  NaN
34.77	  NaN
34.79	  NaN
34.81	  NaN
34.83	  NaN
34.85	  NaN
34.87	  NaN
34.89	  NaN
34.91	  NaN
34.93	  NaN
34.95	  NaN
34.97	  NaN
34.99	  NaN
35.01	  NaN
35.03	  NaN
35.05	  NaN
35.07	  NaN
35.09	  NaN
35.11	  NaN
35.13	  NaN
35.15	  NaN
35.17	  NaN
35.19	  NaN
35.21	  NaN
35.23	  NaN
35.25	  NaN
35.27	  NaN
35.29	  NaN
35.31	  NaN
35.33	  NaN
35.35	  NaN
35.37	  NaN
35.39	  NaN
35.41	  NaN
35.43	  NaN
35.45	  NaN
35.47	  NaN
35.49	  NaN


