
X-Axis: # Subsections
Y-Axis: Cumulative Fraction
Number of Data Sets: 1


DATASET #1

     Name: As Discretized
   Points: 1750
     Info: 

Data[x,y]:
0.51	  0.0
0.53	  0.0
0.55	  0.0
0.57	  0.0
0.59	  0.0
0.61	  0.0
0.63	  0.0
0.65	  0.0
0.67	  0.0
0.69	  0.0
0.71	  0.0
0.73	  0.0
0.75	  0.0
0.77	  0.0
0.79	  0.0
0.81	  0.0
0.83	  0.0
0.85	  0.0
0.87	  0.0
0.89	  0.0
0.91	  0.0
0.93	  0.0
0.95	  0.0
0.97	  0.0
0.99	  0.0
1.01	  0.0
1.03	  0.0
1.05	  0.0
1.07	  0.0
1.09	  0.0
1.11	  0.0
1.13	  0.0
1.15	  0.0
1.17	  0.0
1.19	  0.0
1.21	  0.0
1.23	  0.0
1.25	  0.0
1.27	  0.0
1.29	  0.0
1.31	  0.0
1.33	  0.0
1.35	  0.0
1.37	  0.0
1.39	  0.0
1.41	  0.0
1.43	  0.0
1.45	  0.0
1.47	  0.0
1.49	  0.0
1.51	  0.0
1.53	  0.0
1.55	  0.0
1.57	  0.0
1.59	  0.0
1.61	  0.0
1.63	  0.0
1.65	  0.0
1.67	  0.0
1.69	  0.0
1.71	  0.0
1.73	  0.0
1.75	  0.0
1.77	  0.0
1.79	  0.0
1.81	  0.0
1.83	  0.0
1.85	  0.0
1.87	  0.0
1.89	  0.0
1.91	  0.0
1.93	  0.0
1.95	  0.0
1.97	  0.0
1.99	  0.0
2.01	  0.0625
2.03	  0.0625
2.05	  0.0625
2.07	  0.0625
2.09	  0.0625
2.11	  0.0625
2.13	  0.0625
2.15	  0.0625
2.17	  0.0625
2.19	  0.0625
2.21	  0.0625
2.23	  0.0625
2.25	  0.0625
2.27	  0.0625
2.29	  0.0625
2.31	  0.0625
2.33	  0.0625
2.35	  0.0625
2.37	  0.0625
2.39	  0.0625
2.41	  0.0625
2.43	  0.0625
2.45	  0.0625
2.47	  0.0625
2.49	  0.0625
2.51	  0.0625
2.53	  0.0625
2.55	  0.0625
2.57	  0.0625
2.59	  0.0625
2.61	  0.0625
2.63	  0.0625
2.65	  0.0625
2.67	  0.0625
2.69	  0.0625
2.71	  0.0625
2.73	  0.0625
2.75	  0.0625
2.77	  0.0625
2.79	  0.0625
2.81	  0.0625
2.83	  0.0625
2.85	  0.0625
2.87	  0.0625
2.89	  0.0625
2.91	  0.0625
2.93	  0.0625
2.95	  0.0625
2.97	  0.0625
2.99	  0.0625
3.01	  0.1097973
3.03	  0.1097973
3.05	  0.1097973
3.07	  0.1097973
3.09	  0.1097973
3.11	  0.1097973
3.13	  0.1097973
3.15	  0.1097973
3.17	  0.1097973
3.19	  0.1097973
3.21	  0.1097973
3.23	  0.1097973
3.25	  0.1097973
3.27	  0.1097973
3.29	  0.1097973
3.31	  0.1097973
3.33	  0.1097973
3.35	  0.1097973
3.37	  0.1097973
3.39	  0.1097973
3.41	  0.1097973
3.43	  0.1097973
3.45	  0.1097973
3.47	  0.1097973
3.49	  0.1097973
3.51	  0.1097973
3.53	  0.1097973
3.55	  0.1097973
3.57	  0.1097973
3.59	  0.1097973
3.61	  0.1097973
3.63	  0.1097973
3.65	  0.1097973
3.67	  0.1097973
3.69	  0.1097973
3.71	  0.1097973
3.73	  0.1097973
3.75	  0.1097973
3.77	  0.1097973
3.79	  0.1097973
3.81	  0.1097973
3.83	  0.1097973
3.85	  0.1097973
3.87	  0.1097973
3.89	  0.1097973
3.91	  0.1097973
3.93	  0.1097973
3.95	  0.1097973
3.97	  0.1097973
3.99	  0.1097973
4.01	  0.1554054
4.03	  0.1554054
4.05	  0.1554054
4.07	  0.1554054
4.09	  0.1554054
4.11	  0.1554054
4.13	  0.1554054
4.15	  0.1554054
4.17	  0.1554054
4.19	  0.1554054
4.21	  0.1554054
4.23	  0.1554054
4.25	  0.1554054
4.27	  0.1554054
4.29	  0.1554054
4.31	  0.1554054
4.33	  0.1554054
4.35	  0.1554054
4.37	  0.1554054
4.39	  0.1554054
4.41	  0.1554054
4.43	  0.1554054
4.45	  0.1554054
4.47	  0.1554054
4.49	  0.1554054
4.51	  0.1554054
4.53	  0.1554054
4.55	  0.1554054
4.57	  0.1554054
4.59	  0.1554054
4.61	  0.1554054
4.63	  0.1554054
4.65	  0.1554054
4.67	  0.1554054
4.69	  0.1554054
4.71	  0.1554054
4.73	  0.1554054
4.75	  0.1554054
4.77	  0.1554054
4.79	  0.1554054
4.81	  0.1554054
4.83	  0.1554054
4.85	  0.1554054
4.87	  0.1554054
4.89	  0.1554054
4.91	  0.1554054
4.93	  0.1554054
4.95	  0.1554054
4.97	  0.1554054
4.99	  0.1554054
5.01	  0.2027027
5.03	  0.2027027
5.05	  0.2027027
5.07	  0.2027027
5.09	  0.2027027
5.11	  0.2027027
5.13	  0.2027027
5.15	  0.2027027
5.17	  0.2027027
5.19	  0.2027027
5.21	  0.2027027
5.23	  0.2027027
5.25	  0.2027027
5.27	  0.2027027
5.29	  0.2027027
5.31	  0.2027027
5.33	  0.2027027
5.35	  0.2027027
5.37	  0.2027027
5.39	  0.2027027
5.41	  0.2027027
5.43	  0.2027027
5.45	  0.2027027
5.47	  0.2027027
5.49	  0.2027027
5.51	  0.2027027
5.53	  0.2027027
5.55	  0.2027027
5.57	  0.2027027
5.59	  0.2027027
5.61	  0.2027027
5.63	  0.2027027
5.65	  0.2027027
5.67	  0.2027027
5.69	  0.2027027
5.71	  0.2027027
5.73	  0.2027027
5.75	  0.2027027
5.77	  0.2027027
5.79	  0.2027027
5.81	  0.2027027
5.83	  0.2027027
5.85	  0.2027027
5.87	  0.2027027
5.89	  0.2027027
5.91	  0.2027027
5.93	  0.2027027
5.95	  0.2027027
5.97	  0.2027027
5.99	  0.2027027
6.01	  0.24493243
6.03	  0.24493243
6.05	  0.24493243
6.07	  0.24493243
6.09	  0.24493243
6.11	  0.24493243
6.13	  0.24493243
6.15	  0.24493243
6.17	  0.24493243
6.19	  0.24493243
6.21	  0.24493243
6.23	  0.24493243
6.25	  0.24493243
6.27	  0.24493243
6.29	  0.24493243
6.31	  0.24493243
6.33	  0.24493243
6.35	  0.24493243
6.37	  0.24493243
6.39	  0.24493243
6.41	  0.24493243
6.43	  0.24493243
6.45	  0.24493243
6.47	  0.24493243
6.49	  0.24493243
6.51	  0.24493243
6.53	  0.24493243
6.55	  0.24493243
6.57	  0.24493243
6.59	  0.24493243
6.61	  0.24493243
6.63	  0.24493243
6.65	  0.24493243
6.67	  0.24493243
6.69	  0.24493243
6.71	  0.24493243
6.73	  0.24493243
6.75	  0.24493243
6.77	  0.24493243
6.79	  0.24493243
6.81	  0.24493243
6.83	  0.24493243
6.85	  0.24493243
6.87	  0.24493243
6.89	  0.24493243
6.91	  0.24493243
6.93	  0.24493243
6.95	  0.24493243
6.97	  0.24493243
6.99	  0.24493243
7.01	  0.29054055
7.03	  0.29054055
7.05	  0.29054055
7.07	  0.29054055
7.09	  0.29054055
7.11	  0.29054055
7.13	  0.29054055
7.15	  0.29054055
7.17	  0.29054055
7.19	  0.29054055
7.21	  0.29054055
7.23	  0.29054055
7.25	  0.29054055
7.27	  0.29054055
7.29	  0.29054055
7.31	  0.29054055
7.33	  0.29054055
7.35	  0.29054055
7.37	  0.29054055
7.39	  0.29054055
7.41	  0.29054055
7.43	  0.29054055
7.45	  0.29054055
7.47	  0.29054055
7.49	  0.29054055
7.51	  0.29054055
7.53	  0.29054055
7.55	  0.29054055
7.57	  0.29054055
7.59	  0.29054055
7.61	  0.29054055
7.63	  0.29054055
7.65	  0.29054055
7.67	  0.29054055
7.69	  0.29054055
7.71	  0.29054055
7.73	  0.29054055
7.75	  0.29054055
7.77	  0.29054055
7.79	  0.29054055
7.81	  0.29054055
7.83	  0.29054055
7.85	  0.29054055
7.87	  0.29054055
7.89	  0.29054055
7.91	  0.29054055
7.93	  0.29054055
7.95	  0.29054055
7.97	  0.29054055
7.99	  0.29054055
8.01	  0.33783785
8.03	  0.33783785
8.05	  0.33783785
8.07	  0.33783785
8.09	  0.33783785
8.11	  0.33783785
8.13	  0.33783785
8.15	  0.33783785
8.17	  0.33783785
8.19	  0.33783785
8.21	  0.33783785
8.23	  0.33783785
8.25	  0.33783785
8.27	  0.33783785
8.29	  0.33783785
8.31	  0.33783785
8.33	  0.33783785
8.35	  0.33783785
8.37	  0.33783785
8.39	  0.33783785
8.41	  0.33783785
8.43	  0.33783785
8.45	  0.33783785
8.47	  0.33783785
8.49	  0.33783785
8.51	  0.33783785
8.53	  0.33783785
8.55	  0.33783785
8.57	  0.33783785
8.59	  0.33783785
8.61	  0.33783785
8.63	  0.33783785
8.65	  0.33783785
8.67	  0.33783785
8.69	  0.33783785
8.71	  0.33783785
8.73	  0.33783785
8.75	  0.33783785
8.77	  0.33783785
8.79	  0.33783785
8.81	  0.33783785
8.83	  0.33783785
8.85	  0.33783785
8.87	  0.33783785
8.89	  0.33783785
8.91	  0.33783785
8.93	  0.33783785
8.95	  0.33783785
8.97	  0.33783785
8.99	  0.33783785
9.01	  0.3783784
9.03	  0.3783784
9.05	  0.3783784
9.07	  0.3783784
9.09	  0.3783784
9.11	  0.3783784
9.13	  0.3783784
9.15	  0.3783784
9.17	  0.3783784
9.19	  0.3783784
9.21	  0.3783784
9.23	  0.3783784
9.25	  0.3783784
9.27	  0.3783784
9.29	  0.3783784
9.31	  0.3783784
9.33	  0.3783784
9.35	  0.3783784
9.37	  0.3783784
9.39	  0.3783784
9.41	  0.3783784
9.43	  0.3783784
9.45	  0.3783784
9.47	  0.3783784
9.49	  0.3783784
9.51	  0.3783784
9.53	  0.3783784
9.55	  0.3783784
9.57	  0.3783784
9.59	  0.3783784
9.61	  0.3783784
9.63	  0.3783784
9.65	  0.3783784
9.67	  0.3783784
9.69	  0.3783784
9.71	  0.3783784
9.73	  0.3783784
9.75	  0.3783784
9.77	  0.3783784
9.79	  0.3783784
9.81	  0.3783784
9.83	  0.3783784
9.85	  0.3783784
9.87	  0.3783784
9.89	  0.3783784
9.91	  0.3783784
9.93	  0.3783784
9.95	  0.3783784
9.97	  0.3783784
9.99	  0.3783784
10.01	  0.4206081
10.03	  0.4206081
10.05	  0.4206081
10.07	  0.4206081
10.09	  0.4206081
10.11	  0.4206081
10.13	  0.4206081
10.15	  0.4206081
10.17	  0.4206081
10.19	  0.4206081
10.21	  0.4206081
10.23	  0.4206081
10.25	  0.4206081
10.27	  0.4206081
10.29	  0.4206081
10.31	  0.4206081
10.33	  0.4206081
10.35	  0.4206081
10.37	  0.4206081
10.39	  0.4206081
10.41	  0.4206081
10.43	  0.4206081
10.45	  0.4206081
10.47	  0.4206081
10.49	  0.4206081
10.51	  0.4206081
10.53	  0.4206081
10.55	  0.4206081
10.57	  0.4206081
10.59	  0.4206081
10.61	  0.4206081
10.63	  0.4206081
10.65	  0.4206081
10.67	  0.4206081
10.69	  0.4206081
10.71	  0.4206081
10.73	  0.4206081
10.75	  0.4206081
10.77	  0.4206081
10.79	  0.4206081
10.81	  0.4206081
10.83	  0.4206081
10.85	  0.4206081
10.87	  0.4206081
10.89	  0.4206081
10.91	  0.4206081
10.93	  0.4206081
10.95	  0.4206081
10.97	  0.4206081
10.99	  0.4206081
11.01	  0.46114865
11.03	  0.46114865
11.05	  0.46114865
11.07	  0.46114865
11.09	  0.46114865
11.11	  0.46114865
11.13	  0.46114865
11.15	  0.46114865
11.17	  0.46114865
11.19	  0.46114865
11.21	  0.46114865
11.23	  0.46114865
11.25	  0.46114865
11.27	  0.46114865
11.29	  0.46114865
11.31	  0.46114865
11.33	  0.46114865
11.35	  0.46114865
11.37	  0.46114865
11.39	  0.46114865
11.41	  0.46114865
11.43	  0.46114865
11.45	  0.46114865
11.47	  0.46114865
11.49	  0.46114865
11.51	  0.46114865
11.53	  0.46114865
11.55	  0.46114865
11.57	  0.46114865
11.59	  0.46114865
11.61	  0.46114865
11.63	  0.46114865
11.65	  0.46114865
11.67	  0.46114865
11.69	  0.46114865
11.71	  0.46114865
11.73	  0.46114865
11.75	  0.46114865
11.77	  0.46114865
11.79	  0.46114865
11.81	  0.46114865
11.83	  0.46114865
11.85	  0.46114865
11.87	  0.46114865
11.89	  0.46114865
11.91	  0.46114865
11.93	  0.46114865
11.95	  0.46114865
11.97	  0.46114865
11.99	  0.46114865
12.01	  0.4966216
12.03	  0.4966216
12.05	  0.4966216
12.07	  0.4966216
12.09	  0.4966216
12.11	  0.4966216
12.13	  0.4966216
12.15	  0.4966216
12.17	  0.4966216
12.19	  0.4966216
12.21	  0.4966216
12.23	  0.4966216
12.25	  0.4966216
12.27	  0.4966216
12.29	  0.4966216
12.31	  0.4966216
12.33	  0.4966216
12.35	  0.4966216
12.37	  0.4966216
12.39	  0.4966216
12.41	  0.4966216
12.43	  0.4966216
12.45	  0.4966216
12.47	  0.4966216
12.49	  0.4966216
12.51	  0.4966216
12.53	  0.4966216
12.55	  0.4966216
12.57	  0.4966216
12.59	  0.4966216
12.61	  0.4966216
12.63	  0.4966216
12.65	  0.4966216
12.67	  0.4966216
12.69	  0.4966216
12.71	  0.4966216
12.73	  0.4966216
12.75	  0.4966216
12.77	  0.4966216
12.79	  0.4966216
12.81	  0.4966216
12.83	  0.4966216
12.85	  0.4966216
12.87	  0.4966216
12.89	  0.4966216
12.91	  0.4966216
12.93	  0.4966216
12.95	  0.4966216
12.97	  0.4966216
12.99	  0.4966216
13.01	  0.535473
13.03	  0.535473
13.05	  0.535473
13.07	  0.535473
13.09	  0.535473
13.11	  0.535473
13.13	  0.535473
13.15	  0.535473
13.17	  0.535473
13.19	  0.535473
13.21	  0.535473
13.23	  0.535473
13.25	  0.535473
13.27	  0.535473
13.29	  0.535473
13.31	  0.535473
13.33	  0.535473
13.35	  0.535473
13.37	  0.535473
13.39	  0.535473
13.41	  0.535473
13.43	  0.535473
13.45	  0.535473
13.47	  0.535473
13.49	  0.535473
13.51	  0.535473
13.53	  0.535473
13.55	  0.535473
13.57	  0.535473
13.59	  0.535473
13.61	  0.535473
13.63	  0.535473
13.65	  0.535473
13.67	  0.535473
13.69	  0.535473
13.71	  0.535473
13.73	  0.535473
13.75	  0.535473
13.77	  0.535473
13.79	  0.535473
13.81	  0.535473
13.83	  0.535473
13.85	  0.535473
13.87	  0.535473
13.89	  0.535473
13.91	  0.535473
13.93	  0.535473
13.95	  0.535473
13.97	  0.535473
13.99	  0.535473
14.01	  0.5743243
14.03	  0.5743243
14.05	  0.5743243
14.07	  0.5743243
14.09	  0.5743243
14.11	  0.5743243
14.13	  0.5743243
14.15	  0.5743243
14.17	  0.5743243
14.19	  0.5743243
14.21	  0.5743243
14.23	  0.5743243
14.25	  0.5743243
14.27	  0.5743243
14.29	  0.5743243
14.31	  0.5743243
14.33	  0.5743243
14.35	  0.5743243
14.37	  0.5743243
14.39	  0.5743243
14.41	  0.5743243
14.43	  0.5743243
14.45	  0.5743243
14.47	  0.5743243
14.49	  0.5743243
14.51	  0.5743243
14.53	  0.5743243
14.55	  0.5743243
14.57	  0.5743243
14.59	  0.5743243
14.61	  0.5743243
14.63	  0.5743243
14.65	  0.5743243
14.67	  0.5743243
14.69	  0.5743243
14.71	  0.5743243
14.73	  0.5743243
14.75	  0.5743243
14.77	  0.5743243
14.79	  0.5743243
14.81	  0.5743243
14.83	  0.5743243
14.85	  0.5743243
14.87	  0.5743243
14.89	  0.5743243
14.91	  0.5743243
14.93	  0.5743243
14.95	  0.5743243
14.97	  0.5743243
14.99	  0.5743243
15.01	  0.6114865
15.03	  0.6114865
15.05	  0.6114865
15.07	  0.6114865
15.09	  0.6114865
15.11	  0.6114865
15.13	  0.6114865
15.15	  0.6114865
15.17	  0.6114865
15.19	  0.6114865
15.21	  0.6114865
15.23	  0.6114865
15.25	  0.6114865
15.27	  0.6114865
15.29	  0.6114865
15.31	  0.6114865
15.33	  0.6114865
15.35	  0.6114865
15.37	  0.6114865
15.39	  0.6114865
15.41	  0.6114865
15.43	  0.6114865
15.45	  0.6114865
15.47	  0.6114865
15.49	  0.6114865
15.51	  0.6114865
15.53	  0.6114865
15.55	  0.6114865
15.57	  0.6114865
15.59	  0.6114865
15.61	  0.6114865
15.63	  0.6114865
15.65	  0.6114865
15.67	  0.6114865
15.69	  0.6114865
15.71	  0.6114865
15.73	  0.6114865
15.75	  0.6114865
15.77	  0.6114865
15.79	  0.6114865
15.81	  0.6114865
15.83	  0.6114865
15.85	  0.6114865
15.87	  0.6114865
15.89	  0.6114865
15.91	  0.6114865
15.93	  0.6114865
15.95	  0.6114865
15.97	  0.6114865
15.99	  0.6114865
16.01	  0.6452703
16.03	  0.6452703
16.05	  0.6452703
16.07	  0.6452703
16.09	  0.6452703
16.11	  0.6452703
16.13	  0.6452703
16.15	  0.6452703
16.17	  0.6452703
16.19	  0.6452703
16.21	  0.6452703
16.23	  0.6452703
16.25	  0.6452703
16.27	  0.6452703
16.29	  0.6452703
16.31	  0.6452703
16.33	  0.6452703
16.35	  0.6452703
16.37	  0.6452703
16.39	  0.6452703
16.41	  0.6452703
16.43	  0.6452703
16.45	  0.6452703
16.47	  0.6452703
16.49	  0.6452703
16.51	  0.6452703
16.53	  0.6452703
16.55	  0.6452703
16.57	  0.6452703
16.59	  0.6452703
16.61	  0.6452703
16.63	  0.6452703
16.65	  0.6452703
16.67	  0.6452703
16.69	  0.6452703
16.71	  0.6452703
16.73	  0.6452703
16.75	  0.6452703
16.77	  0.6452703
16.79	  0.6452703
16.81	  0.6452703
16.83	  0.6452703
16.85	  0.6452703
16.87	  0.6452703
16.89	  0.6452703
16.91	  0.6452703
16.93	  0.6452703
16.95	  0.6452703
16.97	  0.6452703
16.99	  0.6452703
17.01	  0.6756757
17.03	  0.6756757
17.05	  0.6756757
17.07	  0.6756757
17.09	  0.6756757
17.11	  0.6756757
17.13	  0.6756757
17.15	  0.6756757
17.17	  0.6756757
17.19	  0.6756757
17.21	  0.6756757
17.23	  0.6756757
17.25	  0.6756757
17.27	  0.6756757
17.29	  0.6756757
17.31	  0.6756757
17.33	  0.6756757
17.35	  0.6756757
17.37	  0.6756757
17.39	  0.6756757
17.41	  0.6756757
17.43	  0.6756757
17.45	  0.6756757
17.47	  0.6756757
17.49	  0.6756757
17.51	  0.6756757
17.53	  0.6756757
17.55	  0.6756757
17.57	  0.6756757
17.59	  0.6756757
17.61	  0.6756757
17.63	  0.6756757
17.65	  0.6756757
17.67	  0.6756757
17.69	  0.6756757
17.71	  0.6756757
17.73	  0.6756757
17.75	  0.6756757
17.77	  0.6756757
17.79	  0.6756757
17.81	  0.6756757
17.83	  0.6756757
17.85	  0.6756757
17.87	  0.6756757
17.89	  0.6756757
17.91	  0.6756757
17.93	  0.6756757
17.95	  0.6756757
17.97	  0.6756757
17.99	  0.6756757
18.01	  0.7077703
18.03	  0.7077703
18.05	  0.7077703
18.07	  0.7077703
18.09	  0.7077703
18.11	  0.7077703
18.13	  0.7077703
18.15	  0.7077703
18.17	  0.7077703
18.19	  0.7077703
18.21	  0.7077703
18.23	  0.7077703
18.25	  0.7077703
18.27	  0.7077703
18.29	  0.7077703
18.31	  0.7077703
18.33	  0.7077703
18.35	  0.7077703
18.37	  0.7077703
18.39	  0.7077703
18.41	  0.7077703
18.43	  0.7077703
18.45	  0.7077703
18.47	  0.7077703
18.49	  0.7077703
18.51	  0.7077703
18.53	  0.7077703
18.55	  0.7077703
18.57	  0.7077703
18.59	  0.7077703
18.61	  0.7077703
18.63	  0.7077703
18.65	  0.7077703
18.67	  0.7077703
18.69	  0.7077703
18.71	  0.7077703
18.73	  0.7077703
18.75	  0.7077703
18.77	  0.7077703
18.79	  0.7077703
18.81	  0.7077703
18.83	  0.7077703
18.85	  0.7077703
18.87	  0.7077703
18.89	  0.7077703
18.91	  0.7077703
18.93	  0.7077703
18.95	  0.7077703
18.97	  0.7077703
18.99	  0.7077703
19.01	  0.7432432
19.03	  0.7432432
19.05	  0.7432432
19.07	  0.7432432
19.09	  0.7432432
19.11	  0.7432432
19.13	  0.7432432
19.15	  0.7432432
19.17	  0.7432432
19.19	  0.7432432
19.21	  0.7432432
19.23	  0.7432432
19.25	  0.7432432
19.27	  0.7432432
19.29	  0.7432432
19.31	  0.7432432
19.33	  0.7432432
19.35	  0.7432432
19.37	  0.7432432
19.39	  0.7432432
19.41	  0.7432432
19.43	  0.7432432
19.45	  0.7432432
19.47	  0.7432432
19.49	  0.7432432
19.51	  0.7432432
19.53	  0.7432432
19.55	  0.7432432
19.57	  0.7432432
19.59	  0.7432432
19.61	  0.7432432
19.63	  0.7432432
19.65	  0.7432432
19.67	  0.7432432
19.69	  0.7432432
19.71	  0.7432432
19.73	  0.7432432
19.75	  0.7432432
19.77	  0.7432432
19.79	  0.7432432
19.81	  0.7432432
19.83	  0.7432432
19.85	  0.7432432
19.87	  0.7432432
19.89	  0.7432432
19.91	  0.7432432
19.93	  0.7432432
19.95	  0.7432432
19.97	  0.7432432
19.99	  0.7432432
20.01	  0.777027
20.03	  0.777027
20.05	  0.777027
20.07	  0.777027
20.09	  0.777027
20.11	  0.777027
20.13	  0.777027
20.15	  0.777027
20.17	  0.777027
20.19	  0.777027
20.21	  0.777027
20.23	  0.777027
20.25	  0.777027
20.27	  0.777027
20.29	  0.777027
20.31	  0.777027
20.33	  0.777027
20.35	  0.777027
20.37	  0.777027
20.39	  0.777027
20.41	  0.777027
20.43	  0.777027
20.45	  0.777027
20.47	  0.777027
20.49	  0.777027
20.51	  0.777027
20.53	  0.777027
20.55	  0.777027
20.57	  0.777027
20.59	  0.777027
20.61	  0.777027
20.63	  0.777027
20.65	  0.777027
20.67	  0.777027
20.69	  0.777027
20.71	  0.777027
20.73	  0.777027
20.75	  0.777027
20.77	  0.777027
20.79	  0.777027
20.81	  0.777027
20.83	  0.777027
20.85	  0.777027
20.87	  0.777027
20.89	  0.777027
20.91	  0.777027
20.93	  0.777027
20.95	  0.777027
20.97	  0.777027
20.99	  0.777027
21.01	  0.8108108
21.03	  0.8108108
21.05	  0.8108108
21.07	  0.8108108
21.09	  0.8108108
21.11	  0.8108108
21.13	  0.8108108
21.15	  0.8108108
21.17	  0.8108108
21.19	  0.8108108
21.21	  0.8108108
21.23	  0.8108108
21.25	  0.8108108
21.27	  0.8108108
21.29	  0.8108108
21.31	  0.8108108
21.33	  0.8108108
21.35	  0.8108108
21.37	  0.8108108
21.39	  0.8108108
21.41	  0.8108108
21.43	  0.8108108
21.45	  0.8108108
21.47	  0.8108108
21.49	  0.8108108
21.51	  0.8108108
21.53	  0.8108108
21.55	  0.8108108
21.57	  0.8108108
21.59	  0.8108108
21.61	  0.8108108
21.63	  0.8108108
21.65	  0.8108108
21.67	  0.8108108
21.69	  0.8108108
21.71	  0.8108108
21.73	  0.8108108
21.75	  0.8108108
21.77	  0.8108108
21.79	  0.8108108
21.81	  0.8108108
21.83	  0.8108108
21.85	  0.8108108
21.87	  0.8108108
21.89	  0.8108108
21.91	  0.8108108
21.93	  0.8108108
21.95	  0.8108108
21.97	  0.8108108
21.99	  0.8108108
22.01	  0.839527
22.03	  0.839527
22.05	  0.839527
22.07	  0.839527
22.09	  0.839527
22.11	  0.839527
22.13	  0.839527
22.15	  0.839527
22.17	  0.839527
22.19	  0.839527
22.21	  0.839527
22.23	  0.839527
22.25	  0.839527
22.27	  0.839527
22.29	  0.839527
22.31	  0.839527
22.33	  0.839527
22.35	  0.839527
22.37	  0.839527
22.39	  0.839527
22.41	  0.839527
22.43	  0.839527
22.45	  0.839527
22.47	  0.839527
22.49	  0.839527
22.51	  0.839527
22.53	  0.839527
22.55	  0.839527
22.57	  0.839527
22.59	  0.839527
22.61	  0.839527
22.63	  0.839527
22.65	  0.839527
22.67	  0.839527
22.69	  0.839527
22.71	  0.839527
22.73	  0.839527
22.75	  0.839527
22.77	  0.839527
22.79	  0.839527
22.81	  0.839527
22.83	  0.839527
22.85	  0.839527
22.87	  0.839527
22.89	  0.839527
22.91	  0.839527
22.93	  0.839527
22.95	  0.839527
22.97	  0.839527
22.99	  0.839527
23.01	  0.8648649
23.03	  0.8648649
23.05	  0.8648649
23.07	  0.8648649
23.09	  0.8648649
23.11	  0.8648649
23.13	  0.8648649
23.15	  0.8648649
23.17	  0.8648649
23.19	  0.8648649
23.21	  0.8648649
23.23	  0.8648649
23.25	  0.8648649
23.27	  0.8648649
23.29	  0.8648649
23.31	  0.8648649
23.33	  0.8648649
23.35	  0.8648649
23.37	  0.8648649
23.39	  0.8648649
23.41	  0.8648649
23.43	  0.8648649
23.45	  0.8648649
23.47	  0.8648649
23.49	  0.8648649
23.51	  0.8648649
23.53	  0.8648649
23.55	  0.8648649
23.57	  0.8648649
23.59	  0.8648649
23.61	  0.8648649
23.63	  0.8648649
23.65	  0.8648649
23.67	  0.8648649
23.69	  0.8648649
23.71	  0.8648649
23.73	  0.8648649
23.75	  0.8648649
23.77	  0.8648649
23.79	  0.8648649
23.81	  0.8648649
23.83	  0.8648649
23.85	  0.8648649
23.87	  0.8648649
23.89	  0.8648649
23.91	  0.8648649
23.93	  0.8648649
23.95	  0.8648649
23.97	  0.8648649
23.99	  0.8648649
24.01	  0.8868243
24.03	  0.8868243
24.05	  0.8868243
24.07	  0.8868243
24.09	  0.8868243
24.11	  0.8868243
24.13	  0.8868243
24.15	  0.8868243
24.17	  0.8868243
24.19	  0.8868243
24.21	  0.8868243
24.23	  0.8868243
24.25	  0.8868243
24.27	  0.8868243
24.29	  0.8868243
24.31	  0.8868243
24.33	  0.8868243
24.35	  0.8868243
24.37	  0.8868243
24.39	  0.8868243
24.41	  0.8868243
24.43	  0.8868243
24.45	  0.8868243
24.47	  0.8868243
24.49	  0.8868243
24.51	  0.8868243
24.53	  0.8868243
24.55	  0.8868243
24.57	  0.8868243
24.59	  0.8868243
24.61	  0.8868243
24.63	  0.8868243
24.65	  0.8868243
24.67	  0.8868243
24.69	  0.8868243
24.71	  0.8868243
24.73	  0.8868243
24.75	  0.8868243
24.77	  0.8868243
24.79	  0.8868243
24.81	  0.8868243
24.83	  0.8868243
24.85	  0.8868243
24.87	  0.8868243
24.89	  0.8868243
24.91	  0.8868243
24.93	  0.8868243
24.95	  0.8868243
24.97	  0.8868243
24.99	  0.8868243
25.01	  0.902027
25.03	  0.902027
25.05	  0.902027
25.07	  0.902027
25.09	  0.902027
25.11	  0.902027
25.13	  0.902027
25.15	  0.902027
25.17	  0.902027
25.19	  0.902027
25.21	  0.902027
25.23	  0.902027
25.25	  0.902027
25.27	  0.902027
25.29	  0.902027
25.31	  0.902027
25.33	  0.902027
25.35	  0.902027
25.37	  0.902027
25.39	  0.902027
25.41	  0.902027
25.43	  0.902027
25.45	  0.902027
25.47	  0.902027
25.49	  0.902027
25.51	  0.902027
25.53	  0.902027
25.55	  0.902027
25.57	  0.902027
25.59	  0.902027
25.61	  0.902027
25.63	  0.902027
25.65	  0.902027
25.67	  0.902027
25.69	  0.902027
25.71	  0.902027
25.73	  0.902027
25.75	  0.902027
25.77	  0.902027
25.79	  0.902027
25.81	  0.902027
25.83	  0.902027
25.85	  0.902027
25.87	  0.902027
25.89	  0.902027
25.91	  0.902027
25.93	  0.902027
25.95	  0.902027
25.97	  0.902027
25.99	  0.902027
26.01	  0.9172297
26.03	  0.9172297
26.05	  0.9172297
26.07	  0.9172297
26.09	  0.9172297
26.11	  0.9172297
26.13	  0.9172297
26.15	  0.9172297
26.17	  0.9172297
26.19	  0.9172297
26.21	  0.9172297
26.23	  0.9172297
26.25	  0.9172297
26.27	  0.9172297
26.29	  0.9172297
26.31	  0.9172297
26.33	  0.9172297
26.35	  0.9172297
26.37	  0.9172297
26.39	  0.9172297
26.41	  0.9172297
26.43	  0.9172297
26.45	  0.9172297
26.47	  0.9172297
26.49	  0.9172297
26.51	  0.9172297
26.53	  0.9172297
26.55	  0.9172297
26.57	  0.9172297
26.59	  0.9172297
26.61	  0.9172297
26.63	  0.9172297
26.65	  0.9172297
26.67	  0.9172297
26.69	  0.9172297
26.71	  0.9172297
26.73	  0.9172297
26.75	  0.9172297
26.77	  0.9172297
26.79	  0.9172297
26.81	  0.9172297
26.83	  0.9172297
26.85	  0.9172297
26.87	  0.9172297
26.89	  0.9172297
26.91	  0.9172297
26.93	  0.9172297
26.95	  0.9172297
26.97	  0.9172297
26.99	  0.9172297
27.01	  0.9324324
27.03	  0.9324324
27.05	  0.9324324
27.07	  0.9324324
27.09	  0.9324324
27.11	  0.9324324
27.13	  0.9324324
27.15	  0.9324324
27.17	  0.9324324
27.19	  0.9324324
27.21	  0.9324324
27.23	  0.9324324
27.25	  0.9324324
27.27	  0.9324324
27.29	  0.9324324
27.31	  0.9324324
27.33	  0.9324324
27.35	  0.9324324
27.37	  0.9324324
27.39	  0.9324324
27.41	  0.9324324
27.43	  0.9324324
27.45	  0.9324324
27.47	  0.9324324
27.49	  0.9324324
27.51	  0.9324324
27.53	  0.9324324
27.55	  0.9324324
27.57	  0.9324324
27.59	  0.9324324
27.61	  0.9324324
27.63	  0.9324324
27.65	  0.9324324
27.67	  0.9324324
27.69	  0.9324324
27.71	  0.9324324
27.73	  0.9324324
27.75	  0.9324324
27.77	  0.9324324
27.79	  0.9324324
27.81	  0.9324324
27.83	  0.9324324
27.85	  0.9324324
27.87	  0.9324324
27.89	  0.9324324
27.91	  0.9324324
27.93	  0.9324324
27.95	  0.9324324
27.97	  0.9324324
27.99	  0.9324324
28.01	  0.9442568
28.03	  0.9442568
28.05	  0.9442568
28.07	  0.9442568
28.09	  0.9442568
28.11	  0.9442568
28.13	  0.9442568
28.15	  0.9442568
28.17	  0.9442568
28.19	  0.9442568
28.21	  0.9442568
28.23	  0.9442568
28.25	  0.9442568
28.27	  0.9442568
28.29	  0.9442568
28.31	  0.9442568
28.33	  0.9442568
28.35	  0.9442568
28.37	  0.9442568
28.39	  0.9442568
28.41	  0.9442568
28.43	  0.9442568
28.45	  0.9442568
28.47	  0.9442568
28.49	  0.9442568
28.51	  0.9442568
28.53	  0.9442568
28.55	  0.9442568
28.57	  0.9442568
28.59	  0.9442568
28.61	  0.9442568
28.63	  0.9442568
28.65	  0.9442568
28.67	  0.9442568
28.69	  0.9442568
28.71	  0.9442568
28.73	  0.9442568
28.75	  0.9442568
28.77	  0.9442568
28.79	  0.9442568
28.81	  0.9442568
28.83	  0.9442568
28.85	  0.9442568
28.87	  0.9442568
28.89	  0.9442568
28.91	  0.9442568
28.93	  0.9442568
28.95	  0.9442568
28.97	  0.9442568
28.99	  0.9442568
29.01	  0.9560811
29.03	  0.9560811
29.05	  0.9560811
29.07	  0.9560811
29.09	  0.9560811
29.11	  0.9560811
29.13	  0.9560811
29.15	  0.9560811
29.17	  0.9560811
29.19	  0.9560811
29.21	  0.9560811
29.23	  0.9560811
29.25	  0.9560811
29.27	  0.9560811
29.29	  0.9560811
29.31	  0.9560811
29.33	  0.9560811
29.35	  0.9560811
29.37	  0.9560811
29.39	  0.9560811
29.41	  0.9560811
29.43	  0.9560811
29.45	  0.9560811
29.47	  0.9560811
29.49	  0.9560811
29.51	  0.9560811
29.53	  0.9560811
29.55	  0.9560811
29.57	  0.9560811
29.59	  0.9560811
29.61	  0.9560811
29.63	  0.9560811
29.65	  0.9560811
29.67	  0.9560811
29.69	  0.9560811
29.71	  0.9560811
29.73	  0.9560811
29.75	  0.9560811
29.77	  0.9560811
29.79	  0.9560811
29.81	  0.9560811
29.83	  0.9560811
29.85	  0.9560811
29.87	  0.9560811
29.89	  0.9560811
29.91	  0.9560811
29.93	  0.9560811
29.95	  0.9560811
29.97	  0.9560811
29.99	  0.9560811
30.01	  0.964527
30.03	  0.964527
30.05	  0.964527
30.07	  0.964527
30.09	  0.964527
30.11	  0.964527
30.13	  0.964527
30.15	  0.964527
30.17	  0.964527
30.19	  0.964527
30.21	  0.964527
30.23	  0.964527
30.25	  0.964527
30.27	  0.964527
30.29	  0.964527
30.31	  0.964527
30.33	  0.964527
30.35	  0.964527
30.37	  0.964527
30.39	  0.964527
30.41	  0.964527
30.43	  0.964527
30.45	  0.964527
30.47	  0.964527
30.49	  0.964527
30.51	  0.964527
30.53	  0.964527
30.55	  0.964527
30.57	  0.964527
30.59	  0.964527
30.61	  0.964527
30.63	  0.964527
30.65	  0.964527
30.67	  0.964527
30.69	  0.964527
30.71	  0.964527
30.73	  0.964527
30.75	  0.964527
30.77	  0.964527
30.79	  0.964527
30.81	  0.964527
30.83	  0.964527
30.85	  0.964527
30.87	  0.964527
30.89	  0.964527
30.91	  0.964527
30.93	  0.964527
30.95	  0.964527
30.97	  0.964527
30.99	  0.964527
31.01	  0.9712838
31.03	  0.9712838
31.05	  0.9712838
31.07	  0.9712838
31.09	  0.9712838
31.11	  0.9712838
31.13	  0.9712838
31.15	  0.9712838
31.17	  0.9712838
31.19	  0.9712838
31.21	  0.9712838
31.23	  0.9712838
31.25	  0.9712838
31.27	  0.9712838
31.29	  0.9712838
31.31	  0.9712838
31.33	  0.9712838
31.35	  0.9712838
31.37	  0.9712838
31.39	  0.9712838
31.41	  0.9712838
31.43	  0.9712838
31.45	  0.9712838
31.47	  0.9712838
31.49	  0.9712838
31.51	  0.9712838
31.53	  0.9712838
31.55	  0.9712838
31.57	  0.9712838
31.59	  0.9712838
31.61	  0.9712838
31.63	  0.9712838
31.65	  0.9712838
31.67	  0.9712838
31.69	  0.9712838
31.71	  0.9712838
31.73	  0.9712838
31.75	  0.9712838
31.77	  0.9712838
31.79	  0.9712838
31.81	  0.9712838
31.83	  0.9712838
31.85	  0.9712838
31.87	  0.9712838
31.89	  0.9712838
31.91	  0.9712838
31.93	  0.9712838
31.95	  0.9712838
31.97	  0.9712838
31.99	  0.9712838
32.01	  0.9814189
32.03	  0.9814189
32.05	  0.9814189
32.07	  0.9814189
32.09	  0.9814189
32.11	  0.9814189
32.13	  0.9814189
32.15	  0.9814189
32.17	  0.9814189
32.19	  0.9814189
32.21	  0.9814189
32.23	  0.9814189
32.25	  0.9814189
32.27	  0.9814189
32.29	  0.9814189
32.31	  0.9814189
32.33	  0.9814189
32.35	  0.9814189
32.37	  0.9814189
32.39	  0.9814189
32.41	  0.9814189
32.43	  0.9814189
32.45	  0.9814189
32.47	  0.9814189
32.49	  0.9814189
32.51	  0.9814189
32.53	  0.9814189
32.55	  0.9814189
32.57	  0.9814189
32.59	  0.9814189
32.61	  0.9814189
32.63	  0.9814189
32.65	  0.9814189
32.67	  0.9814189
32.69	  0.9814189
32.71	  0.9814189
32.73	  0.9814189
32.75	  0.9814189
32.77	  0.9814189
32.79	  0.9814189
32.81	  0.9814189
32.83	  0.9814189
32.85	  0.9814189
32.87	  0.9814189
32.89	  0.9814189
32.91	  0.9814189
32.93	  0.9814189
32.95	  0.9814189
32.97	  0.9814189
32.99	  0.9814189
33.01	  0.9898649
33.03	  0.9898649
33.05	  0.9898649
33.07	  0.9898649
33.09	  0.9898649
33.11	  0.9898649
33.13	  0.9898649
33.15	  0.9898649
33.17	  0.9898649
33.19	  0.9898649
33.21	  0.9898649
33.23	  0.9898649
33.25	  0.9898649
33.27	  0.9898649
33.29	  0.9898649
33.31	  0.9898649
33.33	  0.9898649
33.35	  0.9898649
33.37	  0.9898649
33.39	  0.9898649
33.41	  0.9898649
33.43	  0.9898649
33.45	  0.9898649
33.47	  0.9898649
33.49	  0.9898649
33.51	  0.9898649
33.53	  0.9898649
33.55	  0.9898649
33.57	  0.9898649
33.59	  0.9898649
33.61	  0.9898649
33.63	  0.9898649
33.65	  0.9898649
33.67	  0.9898649
33.69	  0.9898649
33.71	  0.9898649
33.73	  0.9898649
33.75	  0.9898649
33.77	  0.9898649
33.79	  0.9898649
33.81	  0.9898649
33.83	  0.9898649
33.85	  0.9898649
33.87	  0.9898649
33.89	  0.9898649
33.91	  0.9898649
33.93	  0.9898649
33.95	  0.9898649
33.97	  0.9898649
33.99	  0.9898649
34.01	  0.9966216
34.03	  0.9966216
34.05	  0.9966216
34.07	  0.9966216
34.09	  0.9966216
34.11	  0.9966216
34.13	  0.9966216
34.15	  0.9966216
34.17	  0.9966216
34.19	  0.9966216
34.21	  0.9966216
34.23	  0.9966216
34.25	  0.9966216
34.27	  0.9966216
34.29	  0.9966216
34.31	  0.9966216
34.33	  0.9966216
34.35	  0.9966216
34.37	  0.9966216
34.39	  0.9966216
34.41	  0.9966216
34.43	  0.9966216
34.45	  0.9966216
34.47	  0.9966216
34.49	  0.9966216
34.51	  0.9966216
34.53	  0.9966216
34.55	  0.9966216
34.57	  0.9966216
34.59	  0.9966216
34.61	  0.9966216
34.63	  0.9966216
34.65	  0.9966216
34.67	  0.9966216
34.69	  0.9966216
34.71	  0.9966216
34.73	  0.9966216
34.75	  0.9966216
34.77	  0.9966216
34.79	  0.9966216
34.81	  0.9966216
34.83	  0.9966216
34.85	  0.9966216
34.87	  0.9966216
34.89	  0.9966216
34.91	  0.9966216
34.93	  0.9966216
34.95	  0.9966216
34.97	  0.9966216
34.99	  0.9966216
35.01	  1.0
35.03	  1.0
35.05	  1.0
35.07	  1.0
35.09	  1.0
35.11	  1.0
35.13	  1.0
35.15	  1.0
35.17	  1.0
35.19	  1.0
35.21	  1.0
35.23	  1.0
35.25	  1.0
35.27	  1.0
35.29	  1.0
35.31	  1.0
35.33	  1.0
35.35	  1.0
35.37	  1.0
35.39	  1.0
35.41	  1.0
35.43	  1.0
35.45	  1.0
35.47	  1.0
35.49	  1.0


