
X-Axis: Section Max - Min Slip Rate in Rupture (mm/yr)
Y-Axis: Cumulative Fraction
Number of Data Sets: 1


DATASET #1

     Name: As Discretized
   Points: 600
     Info: 

Data[x,y]:
0.01	  0.2331081
0.03	  0.2331081
0.05	  0.2331081
0.07	  0.2331081
0.09	  0.2331081
0.11	  0.2331081
0.13	  0.2331081
0.15	  0.2331081
0.17	  0.2331081
0.19	  0.2331081
0.21	  0.2331081
0.23	  0.2331081
0.25	  0.2331081
0.27	  0.2331081
0.29	  0.2331081
0.31	  0.2331081
0.33	  0.2331081
0.35	  0.2331081
0.37	  0.2331081
0.39	  0.2331081
0.41	  0.2331081
0.43	  0.2331081
0.45	  0.2331081
0.47	  0.2331081
0.49	  0.2331081
0.51	  0.2331081
0.53	  0.2331081
0.55	  0.2331081
0.57	  0.2331081
0.59	  0.2331081
0.61	  0.2331081
0.63	  0.2331081
0.65	  0.2331081
0.67	  0.2331081
0.69	  0.2331081
0.71	  0.2331081
0.73	  0.2331081
0.75	  0.2331081
0.77	  0.2331081
0.79	  0.2331081
0.81	  0.2331081
0.83	  0.2331081
0.85	  0.2331081
0.87	  0.2331081
0.89	  0.2331081
0.91	  0.2331081
0.93	  0.2331081
0.95	  0.2331081
0.97	  0.2331081
0.99	  0.2331081
1.01	  0.2331081
1.03	  0.2331081
1.05	  0.2331081
1.07	  0.2331081
1.09	  0.2331081
1.11	  0.2331081
1.13	  0.2331081
1.15	  0.2331081
1.17	  0.2331081
1.19	  0.2331081
1.21	  0.2331081
1.23	  0.2331081
1.25	  0.2331081
1.27	  0.2331081
1.29	  0.2331081
1.31	  0.2331081
1.33	  0.2331081
1.35	  0.2331081
1.37	  0.2331081
1.39	  0.2331081
1.41	  0.2331081
1.43	  0.2331081
1.45	  0.2331081
1.47	  0.2331081
1.49	  0.2331081
1.51	  0.2331081
1.53	  0.2331081
1.55	  0.2331081
1.57	  0.2331081
1.59	  0.2331081
1.61	  0.2331081
1.63	  0.2331081
1.65	  0.2331081
1.67	  0.2331081
1.69	  0.2331081
1.71	  0.2331081
1.73	  0.2331081
1.75	  0.2331081
1.77	  0.2331081
1.79	  0.2331081
1.81	  0.2331081
1.83	  0.2331081
1.85	  0.2331081
1.87	  0.2331081
1.89	  0.2331081
1.91	  0.2331081
1.93	  0.2331081
1.95	  0.2331081
1.97	  0.2331081
1.99	  0.2331081
2.01	  0.30743244
2.03	  0.30743244
2.05	  0.30743244
2.07	  0.30743244
2.09	  0.30743244
2.11	  0.30743244
2.13	  0.30743244
2.15	  0.30743244
2.17	  0.30743244
2.19	  0.30743244
2.21	  0.30743244
2.23	  0.30743244
2.25	  0.30743244
2.27	  0.30743244
2.29	  0.30743244
2.31	  0.30743244
2.33	  0.30743244
2.35	  0.30743244
2.37	  0.30743244
2.39	  0.30743244
2.41	  0.30743244
2.43	  0.30743244
2.45	  0.30743244
2.47	  0.30743244
2.49	  0.30743244
2.51	  0.30743244
2.53	  0.30743244
2.55	  0.30743244
2.57	  0.30743244
2.59	  0.30743244
2.61	  0.30743244
2.63	  0.30743244
2.65	  0.30743244
2.67	  0.30743244
2.69	  0.30743244
2.71	  0.30743244
2.73	  0.30743244
2.75	  0.30743244
2.77	  0.30743244
2.79	  0.30743244
2.81	  0.30743244
2.83	  0.30743244
2.85	  0.30743244
2.87	  0.30743244
2.89	  0.30743244
2.91	  0.30743244
2.93	  0.30743244
2.95	  0.30743244
2.97	  0.30743244
2.99	  0.30743244
3.01	  0.30743244
3.03	  0.30743244
3.05	  0.30743244
3.07	  0.30743244
3.09	  0.30743244
3.11	  0.30743244
3.13	  0.30743244
3.15	  0.30743244
3.17	  0.30743244
3.19	  0.30743244
3.21	  0.30743244
3.23	  0.30743244
3.25	  0.30743244
3.27	  0.30743244
3.29	  0.30743244
3.31	  0.30743244
3.33	  0.30743244
3.35	  0.30743244
3.37	  0.30743244
3.39	  0.30743244
3.41	  0.30743244
3.43	  0.30743244
3.45	  0.30743244
3.47	  0.30743244
3.49	  0.30743244
3.51	  0.3108108
3.53	  0.3108108
3.55	  0.3108108
3.57	  0.3108108
3.59	  0.3108108
3.61	  0.3108108
3.63	  0.3108108
3.65	  0.3108108
3.67	  0.3108108
3.69	  0.3108108
3.71	  0.3108108
3.73	  0.3108108
3.75	  0.3108108
3.77	  0.3108108
3.79	  0.3108108
3.81	  0.3108108
3.83	  0.3108108
3.85	  0.3108108
3.87	  0.3108108
3.89	  0.3108108
3.91	  0.3108108
3.93	  0.3108108
3.95	  0.3108108
3.97	  0.3108108
3.99	  0.3108108
4.01	  0.3108108
4.03	  0.3108108
4.05	  0.3108108
4.07	  0.3108108
4.09	  0.3108108
4.11	  0.3108108
4.13	  0.3108108
4.15	  0.3108108
4.17	  0.3108108
4.19	  0.3108108
4.21	  0.3108108
4.23	  0.3108108
4.25	  0.3108108
4.27	  0.3108108
4.29	  0.3108108
4.31	  0.3108108
4.33	  0.3108108
4.35	  0.3108108
4.37	  0.3108108
4.39	  0.3108108
4.41	  0.3108108
4.43	  0.3108108
4.45	  0.3108108
4.47	  0.3108108
4.49	  0.3108108
4.51	  0.3108108
4.53	  0.3108108
4.55	  0.3108108
4.57	  0.3108108
4.59	  0.3108108
4.61	  0.3108108
4.63	  0.3108108
4.65	  0.3108108
4.67	  0.3108108
4.69	  0.3108108
4.71	  0.3108108
4.73	  0.3108108
4.75	  0.3108108
4.77	  0.3108108
4.79	  0.3108108
4.81	  0.3108108
4.83	  0.3108108
4.85	  0.3108108
4.87	  0.3108108
4.89	  0.3108108
4.91	  0.3108108
4.93	  0.3108108
4.95	  0.3108108
4.97	  0.3108108
4.99	  0.3108108
5.01	  0.3108108
5.03	  0.3108108
5.05	  0.3108108
5.07	  0.3108108
5.09	  0.3108108
5.11	  0.3108108
5.13	  0.3108108
5.15	  0.3108108
5.17	  0.3108108
5.19	  0.3108108
5.21	  0.3108108
5.23	  0.3108108
5.25	  0.3108108
5.27	  0.3108108
5.29	  0.3108108
5.31	  0.3108108
5.33	  0.3108108
5.35	  0.3108108
5.37	  0.3108108
5.39	  0.3108108
5.41	  0.3108108
5.43	  0.3108108
5.45	  0.3108108
5.47	  0.3108108
5.49	  0.3108108
5.51	  0.3108108
5.53	  0.3108108
5.55	  0.3108108
5.57	  0.3108108
5.59	  0.3108108
5.61	  0.3108108
5.63	  0.3108108
5.65	  0.3108108
5.67	  0.3108108
5.69	  0.3108108
5.71	  0.3108108
5.73	  0.3108108
5.75	  0.3108108
5.77	  0.3108108
5.79	  0.3108108
5.81	  0.3108108
5.83	  0.3108108
5.85	  0.3108108
5.87	  0.3108108
5.89	  0.3108108
5.91	  0.3108108
5.93	  0.3108108
5.95	  0.3108108
5.97	  0.3108108
5.99	  0.3108108
6.01	  0.36993244
6.03	  0.36993244
6.05	  0.36993244
6.07	  0.36993244
6.09	  0.36993244
6.11	  0.36993244
6.13	  0.36993244
6.15	  0.36993244
6.17	  0.36993244
6.19	  0.36993244
6.21	  0.36993244
6.23	  0.36993244
6.25	  0.36993244
6.27	  0.36993244
6.29	  0.36993244
6.31	  0.36993244
6.33	  0.36993244
6.35	  0.36993244
6.37	  0.36993244
6.39	  0.36993244
6.41	  0.36993244
6.43	  0.36993244
6.45	  0.36993244
6.47	  0.36993244
6.49	  0.36993244
6.51	  0.36993244
6.53	  0.36993244
6.55	  0.36993244
6.57	  0.36993244
6.59	  0.36993244
6.61	  0.36993244
6.63	  0.36993244
6.65	  0.36993244
6.67	  0.36993244
6.69	  0.36993244
6.71	  0.36993244
6.73	  0.36993244
6.75	  0.36993244
6.77	  0.36993244
6.79	  0.36993244
6.81	  0.36993244
6.83	  0.36993244
6.85	  0.36993244
6.87	  0.36993244
6.89	  0.36993244
6.91	  0.36993244
6.93	  0.36993244
6.95	  0.36993244
6.97	  0.36993244
6.99	  0.36993244
7.01	  0.36993244
7.03	  0.36993244
7.05	  0.36993244
7.07	  0.36993244
7.09	  0.36993244
7.11	  0.36993244
7.13	  0.36993244
7.15	  0.36993244
7.17	  0.36993244
7.19	  0.36993244
7.21	  0.36993244
7.23	  0.36993244
7.25	  0.36993244
7.27	  0.36993244
7.29	  0.36993244
7.31	  0.36993244
7.33	  0.36993244
7.35	  0.36993244
7.37	  0.36993244
7.39	  0.36993244
7.41	  0.38344595
7.43	  0.38344595
7.45	  0.38344595
7.47	  0.38344595
7.49	  0.38344595
7.51	  0.38344595
7.53	  0.38344595
7.55	  0.38344595
7.57	  0.38344595
7.59	  0.38344595
7.61	  0.38344595
7.63	  0.38344595
7.65	  0.38344595
7.67	  0.38344595
7.69	  0.38344595
7.71	  0.38344595
7.73	  0.38344595
7.75	  0.38344595
7.77	  0.38344595
7.79	  0.38344595
7.81	  0.38344595
7.83	  0.38344595
7.85	  0.38344595
7.87	  0.38344595
7.89	  0.38344595
7.91	  0.38344595
7.93	  0.38344595
7.95	  0.38344595
7.97	  0.38344595
7.99	  0.38344595
8.01	  0.38344595
8.03	  0.38344595
8.05	  0.38344595
8.07	  0.38344595
8.09	  0.38344595
8.11	  0.38344595
8.13	  0.38344595
8.15	  0.38344595
8.17	  0.38344595
8.19	  0.38344595
8.21	  0.38344595
8.23	  0.38344595
8.25	  0.38344595
8.27	  0.38344595
8.29	  0.38344595
8.31	  0.38344595
8.33	  0.38344595
8.35	  0.38344595
8.37	  0.38344595
8.39	  0.4037162
8.41	  0.4037162
8.43	  0.4037162
8.45	  0.4037162
8.47	  0.4037162
8.49	  0.4037162
8.51	  0.4037162
8.53	  0.4037162
8.55	  0.4037162
8.57	  0.4037162
8.59	  0.4037162
8.61	  0.4037162
8.63	  0.4037162
8.65	  0.4037162
8.67	  0.4037162
8.69	  0.4037162
8.71	  0.4037162
8.73	  0.4037162
8.75	  0.4037162
8.77	  0.4037162
8.79	  0.4037162
8.81	  0.4037162
8.83	  0.4037162
8.85	  0.4037162
8.87	  0.4037162
8.89	  0.4037162
8.91	  0.4037162
8.93	  0.4037162
8.95	  0.4037162
8.97	  0.4037162
8.99	  0.5658784
9.01	  0.8952703
9.03	  0.8952703
9.05	  0.8952703
9.07	  0.8952703
9.09	  0.8952703
9.11	  0.8952703
9.13	  0.8952703
9.15	  0.8952703
9.17	  0.8952703
9.19	  0.8952703
9.21	  0.8952703
9.23	  0.8952703
9.25	  0.8952703
9.27	  0.8952703
9.29	  0.8952703
9.31	  0.8952703
9.33	  0.8952703
9.35	  0.8952703
9.37	  0.8952703
9.39	  0.8952703
9.41	  0.8952703
9.43	  0.8952703
9.45	  0.8952703
9.47	  0.8952703
9.49	  0.8952703
9.51	  0.8952703
9.53	  0.8952703
9.55	  0.8952703
9.57	  0.8952703
9.59	  0.8952703
9.61	  0.8952703
9.63	  0.8952703
9.65	  0.8952703
9.67	  0.8952703
9.69	  0.8952703
9.71	  0.8952703
9.73	  0.8952703
9.75	  0.8952703
9.77	  0.8952703
9.79	  0.8952703
9.81	  0.8952703
9.83	  0.8952703
9.85	  0.8952703
9.87	  0.8952703
9.89	  0.8952703
9.91	  0.8952703
9.93	  0.8952703
9.95	  0.8952703
9.97	  0.8952703
9.99	  0.8952703
10.01	  0.8952703
10.03	  0.8952703
10.05	  0.8952703
10.07	  0.8952703
10.09	  0.8952703
10.11	  0.8952703
10.13	  0.8952703
10.15	  0.8952703
10.17	  0.8952703
10.19	  0.8952703
10.21	  0.8952703
10.23	  0.8952703
10.25	  0.8952703
10.27	  0.8952703
10.29	  0.8952703
10.31	  0.8952703
10.33	  0.8952703
10.35	  0.8952703
10.37	  0.8952703
10.39	  0.8952703
10.41	  0.8952703
10.43	  0.8952703
10.45	  0.8952703
10.47	  0.8952703
10.49	  0.8952703
10.51	  0.8952703
10.53	  0.8952703
10.55	  0.8952703
10.57	  0.8952703
10.59	  0.8952703
10.61	  0.8952703
10.63	  0.8952703
10.65	  0.8952703
10.67	  0.8952703
10.69	  0.8952703
10.71	  0.8952703
10.73	  0.8952703
10.75	  0.8952703
10.77	  0.8952703
10.79	  0.8952703
10.81	  0.8952703
10.83	  0.8952703
10.85	  0.8952703
10.87	  0.8952703
10.89	  0.8952703
10.91	  0.9087838
10.93	  0.9087838
10.95	  0.9087838
10.97	  0.9087838
10.99	  0.9087838
11.01	  0.9087838
11.03	  0.9087838
11.05	  0.9087838
11.07	  0.9087838
11.09	  0.9087838
11.11	  0.9087838
11.13	  0.9087838
11.15	  0.9087838
11.17	  0.9087838
11.19	  0.9087838
11.21	  0.9087838
11.23	  0.9087838
11.25	  0.9087838
11.27	  0.9087838
11.29	  0.9087838
11.31	  0.9087838
11.33	  0.9087838
11.35	  0.9087838
11.37	  0.9087838
11.39	  0.9087838
11.41	  0.9087838
11.43	  0.9087838
11.45	  0.9087838
11.47	  0.9087838
11.49	  0.9087838
11.51	  1.0
11.53	  1.0
11.55	  1.0
11.57	  1.0
11.59	  1.0
11.61	  1.0
11.63	  1.0
11.65	  1.0
11.67	  1.0
11.69	  1.0
11.71	  1.0
11.73	  1.0
11.75	  1.0
11.77	  1.0
11.79	  1.0
11.81	  1.0
11.83	  1.0
11.85	  1.0
11.87	  1.0
11.89	  1.0
11.91	  1.0
11.93	  1.0
11.95	  1.0
11.97	  1.0
11.99	  1.0


